000001	1	car	350	250	597	398	0
000001	2	motorbike	211	376	460	561	0
000001	3	car	90	275	350	401	0
000001	8	person	252	224	389	442	0
000002	1	car	350	250	597	398	0
000002	2	motorbike	256	369	490	551	0
000002	3	car	90	275	350	401	0
000002	8	person	286	222	423	440	0
000003	1	car	350	250	597	398	0
000003	2	motorbike	302	364	522	540	0
000003	3	car	90	273	332	405	0
000003	8	person	320	220	456	439	0
000004	1	car	332	247	590	405	0
000004	2	motorbike	348	359	554	531	0
000004	3	car	90	273	314	408	0
000004	8	person	353	220	490	439	0
000005	1	car	316	243	584	412	0
000005	2	motorbike	394	353	584	520	0
000005	3	car	90	273	298	412	0
000005	8	person	387	218	524	437	0
000006	1	car	300	240	577	419	0
000006	2	motorbike	440	348	616	510	0
000006	3	car	92	273	280	417	0
000006	8	person	421	218	558	437	0
000007	1	car	284	238	572	426	0
000007	2	motorbike	487	343	648	501	0
000007	3	car	92	272	263	421	0
000007	8	person	455	216	592	435	0
000008	1	car	263	236	563	430	0
000008	2	motorbike	508	337	664	496	0
000008	3	car	92	272	247	424	0
000008	8	person	488	216	625	435	0
000009	1	car	243	234	556	435	0
000009	2	motorbike	531	334	682	492	0
000009	3	car	92	272	229	428	0
000009	8	person	522	215	659	433	0
000010	1	car	224	232	549	440	0
000010	2	motorbike	554	330	700	487	0
000010	3	car	94	272	213	433	0
000010	8	person	558	215	695	433	0
000011	1	car	204	232	540	446	0
000011	2	motorbike	577	325	716	483	0
000011	3	car	101	270	229	430	0
000011	8	person	577	220	709	428	0
000012	1	car	184	231	533	451	0
000012	2	motorbike	600	321	734	478	0
000012	3	car	108	270	247	426	0
000012	8	person	599	225	723	423	0
000013	1	car	165	229	526	456	0
000013	2	motorbike	624	318	752	474	0
000013	8	person	620	231	737	417	0
000014	1	car	145	229	519	462	0
000014	2	motorbike	647	314	769	471	0
000014	8	person	641	236	752	412	0
000015	1	car	120	225	504	467	0
000015	2	motorbike	666	318	780	464	0
000015	8	person	663	241	768	407	0
000016	1	car	97	222	492	472	0
000016	2	motorbike	688	321	792	456	0
000016	8	person	684	247	782	401	0
000017	1	car	72	220	478	478	0
000017	2	motorbike	709	327	805	449	0
000017	8	person	705	252	796	396	0
000018	1	car	49	216	465	483	0
000018	2	motorbike	725	321	821	444	0
000018	8	person	727	257	810	391	0
000019	1	car	26	215	453	490	0
000019	2	motorbike	741	316	837	439	0
000019	8	person	748	263	824	385	0
000020	1	car	21	211	440	487	0
000020	2	motorbike	757	311	853	433	0
000021	1	car	17	208	428	483	0
000021	2	motorbike	773	307	869	430	0
000022	1	car	14	204	416	480	0
000022	2	motorbike	789	302	885	424	0
000023	1	car	10	202	405	478	0
000023	2	motorbike	805	296	901	419	0
000024	1	car	7	199	385	485	0
000024	2	motorbike	821	291	917	414	0
000025	1	car	5	195	366	492	0
000025	2	motorbike	839	288	935	410	0
000025	3	car	215	268	474	394	0
000026	1	car	3	192	346	501	0
000026	2	motorbike	860	288	956	410	0
000026	3	car	231	266	490	392	0
000026	4	motorbike	750	275	816	380	0
000027	1	car	1	188	327	508	0
000027	2	motorbike	881	288	977	410	0
000027	3	car	247	266	506	392	0
000027	4	motorbike	752	277	817	382	0
000028	2	motorbike	904	288	1000	410	0
000028	3	car	263	266	522	392	0
000028	4	motorbike	755	280	821	385	0
000029	2	motorbike	926	289	1016	407	0
000029	3	car	264	272	540	398	0
000029	4	motorbike	759	284	824	389	0
000030	2	motorbike	947	291	1034	405	0
000030	3	car	268	277	560	403	0
000030	4	motorbike	766	284	832	389	0
000031	2	motorbike	968	293	1050	401	0
000031	3	car	272	284	579	408	0
000031	4	motorbike	775	284	840	389	0
000032	2	motorbike	990	295	1068	400	0
000032	3	car	284	280	592	405	0
000032	4	motorbike	782	286	848	391	0
000033	2	motorbike	1011	296	1084	398	0
000033	3	car	296	279	604	403	0
000033	4	motorbike	791	286	856	391	0
000034	2	motorbike	1032	298	1102	394	0
000034	3	car	309	277	616	401	0
000034	4	motorbike	800	288	865	392	0
000035	2	motorbike	1054	300	1118	392	0
000035	3	car	321	275	629	400	0
000035	4	motorbike	807	288	872	392	0
000035	5	car	33	280	312	430	0
000036	2	motorbike	1075	302	1136	389	0
000036	3	car	336	273	643	398	0
000036	4	motorbike	814	289	880	394	0
000036	5	car	26	289	305	439	0
000037	2	motorbike	1096	304	1152	387	0
000037	3	car	353	273	659	396	0
000037	4	motorbike	821	289	887	394	0
000037	5	car	21	298	300	448	0
000038	2	motorbike	1120	305	1169	385	0
000038	3	car	371	275	677	396	0
000038	4	motorbike	830	291	896	396	0
000038	5	car	16	307	295	456	0
000039	2	motorbike	1137	304	1187	384	0
000039	3	car	389	277	695	396	0
000039	4	motorbike	833	291	899	396	0
000039	5	car	16	307	311	455	0
000040	2	motorbike	1157	304	1207	384	0
000040	3	car	407	277	712	394	0
000040	4	motorbike	837	293	903	398	0
000040	5	car	16	307	327	455	0
000041	2	motorbike	1175	302	1224	382	0
000041	3	car	424	279	730	394	0
000041	4	motorbike	840	295	906	400	0
000041	5	car	16	307	343	455	0
000042	2	motorbike	1194	302	1244	382	0
000042	3	car	442	280	748	394	0
000042	4	motorbike	844	296	910	401	0
000042	5	car	16	307	359	455	0
000043	2	motorbike	1207	300	1255	380	0
000043	3	car	449	280	755	394	0
000043	4	motorbike	849	298	915	403	0
000043	5	car	16	307	375	455	0
000044	2	motorbike	1219	298	1265	378	0
000044	3	car	456	282	762	396	0
000044	4	motorbike	856	298	922	403	0
000044	5	car	16	307	391	455	0
000045	3	car	464	284	769	398	0
000045	4	motorbike	865	300	931	405	0
000045	5	car	16	307	407	455	0
000046	3	car	476	275	792	403	0
000046	4	motorbike	874	302	940	407	0
000046	5	car	16	307	423	455	0
000047	3	car	488	268	817	408	0
000047	4	motorbike	871	304	942	408	0
000047	5	car	28	307	435	455	0
000048	3	car	501	259	842	414	0
000048	4	motorbike	867	307	945	412	0
000048	5	car	42	307	449	455	0
000049	3	car	515	252	867	419	0
000049	4	motorbike	864	309	949	416	0
000049	5	car	55	309	462	456	0
000050	3	car	531	250	883	417	0
000050	4	motorbike	862	312	952	419	0
000050	5	car	69	309	476	456	0
000051	3	car	549	250	901	417	0
000051	4	motorbike	858	314	956	423	0
000051	5	car	83	311	490	458	0
000052	3	car	567	250	919	417	0
000052	4	motorbike	855	318	960	426	0
000052	5	car	103	311	510	458	0
000053	3	car	584	250	936	417	0
000053	4	motorbike	853	321	963	430	0
000053	5	car	122	311	529	458	0
000054	3	car	599	250	951	417	0
000054	4	motorbike	842	328	952	437	0
000054	5	car	142	311	549	458	0
000055	3	car	615	250	967	417	0
000055	4	motorbike	832	336	942	444	0
000055	5	car	161	311	568	458	0
000056	3	car	631	252	983	419	0
000056	4	motorbike	821	343	931	451	0
000056	5	car	174	312	581	460	0
000057	3	car	647	252	999	419	0
000057	4	motorbike	810	350	920	458	0
000057	5	car	186	316	593	464	0
000058	3	car	663	254	1015	421	0
000058	4	motorbike	789	353	910	464	0
000058	5	car	200	320	608	467	0
000059	3	car	673	254	1025	421	0
000059	4	motorbike	768	359	901	469	0
000059	5	car	213	323	620	471	0
000060	3	car	686	254	1038	421	0
000060	4	motorbike	746	362	892	474	0
000060	5	car	227	327	634	474	0
000061	3	car	698	254	1050	421	0
000061	4	motorbike	725	368	883	481	0
000061	5	car	229	325	638	472	0
000062	3	car	711	254	1063	421	0
000062	4	motorbike	673	371	842	487	0
000062	5	car	231	325	643	472	0
000063	3	car	723	256	1075	423	0
000063	4	motorbike	622	375	803	492	0
000063	5	car	232	325	647	472	0
000063	9	person	711	263	851	433	0
000064	3	car	727	257	1079	424	0
000064	4	motorbike	570	380	764	497	0
000064	5	car	234	325	652	471	0
000064	9	person	673	259	814	430	0
000065	3	car	730	261	1082	428	0
000065	4	motorbike	519	384	725	504	0
000065	5	car	236	325	656	471	0
000065	9	person	636	257	776	428	0
000066	3	car	734	264	1086	432	0
000066	4	motorbike	467	387	686	510	0
000066	5	car	238	323	661	471	0
000067	3	car	737	268	1089	435	0
000067	4	motorbike	417	392	647	515	0
000067	5	car	240	323	664	469	0
000068	3	car	741	272	1093	439	0
000068	4	motorbike	366	396	608	520	0
000068	5	car	241	323	670	469	0
000069	3	car	746	268	1098	435	0
000069	4	motorbike	314	400	568	528	0
000069	5	car	243	323	673	469	0
000070	3	car	752	266	1104	433	0
000070	4	motorbike	263	405	529	533	0
000070	5	car	245	323	679	469	0
000071	3	car	759	264	1111	432	0
000071	4	motorbike	211	408	490	538	0
000071	5	car	254	321	688	467	0
000071	6	motorbike	65	328	286	677	0
000072	3	car	759	263	1111	430	0
000072	5	car	264	321	698	467	0
000072	6	motorbike	122	334	343	682	0
000073	3	car	759	263	1111	430	0
000073	5	car	275	321	709	467	0
000073	6	motorbike	179	341	400	689	0
000074	3	car	760	263	1112	430	0
000074	5	car	286	321	720	467	0
000074	6	motorbike	238	346	458	695	0
000075	3	car	760	263	1112	430	0
000075	5	car	286	321	720	467	0
000075	6	motorbike	295	353	515	702	0
000076	3	car	760	263	1112	430	0
000076	5	car	286	321	720	467	0
000076	6	motorbike	352	359	572	707	0
000077	3	car	760	263	1112	430	0
000077	5	car	286	321	720	467	0
000077	6	motorbike	410	366	631	714	0
000077	7	person	167	60	408	654	1
000078	3	car	760	263	1112	430	0
000078	5	car	286	321	720	467	0
000078	6	motorbike	421	364	641	712	0
000078	7	person	176	60	417	654	1
000079	3	car	760	263	1112	430	0
000079	5	car	286	321	720	467	0
000079	6	motorbike	433	364	654	712	0
000079	7	person	186	60	428	654	1
000080	3	car	760	263	1112	430	0
000080	5	car	286	321	720	467	0
000080	6	motorbike	444	364	664	712	0
000080	7	person	197	60	439	654	1
000081	3	car	760	263	1112	430	0
000081	5	car	286	321	720	467	0
000081	7	person	208	62	449	656	1
000082	3	car	760	263	1112	430	0
000082	5	car	286	321	720	467	0
000082	7	person	208	78	448	656	1
000083	3	car	760	263	1112	430	0
000083	5	car	286	321	720	467	0
000083	7	person	208	96	448	656	1
000084	3	car	760	263	1112	430	0
000084	5	car	286	321	720	467	0
000084	7	person	208	112	448	656	1
000085	3	car	760	263	1112	430	0
000085	5	car	286	321	720	467	0
000085	7	person	208	129	448	656	1
000086	3	car	760	263	1112	430	0
000086	5	car	286	321	720	467	0
000086	7	person	208	145	448	656	1
000087	3	car	760	263	1112	430	0
000087	5	car	286	321	720	467	0
000087	7	person	208	163	448	656	1
000088	3	car	760	263	1112	430	0
000088	5	car	286	321	720	467	0
000088	7	person	208	170	446	656	1
000089	3	car	760	263	1112	430	0
000089	5	car	286	321	720	467	0
000089	7	person	208	177	446	656	1
000090	3	car	760	263	1112	430	0
000090	5	car	286	321	720	467	0
000090	7	person	208	184	446	656	1
000091	3	car	760	263	1112	430	0
000091	5	car	286	321	720	467	0
000091	7	person	208	192	446	656	1
000092	3	car	760	263	1112	430	0
000092	5	car	286	321	720	467	0
000092	7	person	208	199	446	656	1
000093	3	car	760	263	1112	430	0
000093	5	car	286	321	720	467	0
000093	7	person	208	206	446	656	1
000094	3	car	760	263	1112	430	0
000094	5	car	286	321	720	467	0
000094	7	person	208	213	446	656	1
000095	3	car	760	263	1112	430	0
000095	5	car	286	321	720	467	0
000095	7	person	208	220	446	656	1
000096	3	car	760	263	1112	430	0
000096	5	car	286	321	720	467	0
000096	7	person	208	227	446	656	1
000097	3	car	760	263	1112	430	0
000097	5	car	286	321	720	467	0
000097	7	person	208	234	446	656	1
000098	3	car	760	263	1112	430	0
000098	5	car	286	321	720	467	0
000098	7	person	208	241	446	656	1
000099	3	car	760	263	1112	430	0
000099	5	car	286	321	720	467	0
000099	7	person	208	248	446	656	1
000100	3	car	760	263	1112	430	0
000100	5	car	286	321	720	467	0
000100	7	person	208	256	446	656	1
