000001	1	bus	417	236	652	549	1
000001	2	car	96	433	279	561	0
000001	3	car	302	440	389	519	1
000002	1	bus	416	236	650	549	1
000002	2	car	85	432	277	560	0
000002	3	car	300	439	387	517	1
000003	1	bus	414	236	648	549	1
000003	2	car	76	432	275	560	0
000003	3	car	300	439	387	517	1
000004	1	bus	412	236	647	549	1
000004	2	car	65	432	273	558	0
000004	3	car	298	439	385	517	1
000005	1	bus	412	236	647	549	1
000005	2	car	56	430	272	558	0
000005	3	car	298	439	385	517	1
000006	1	bus	410	236	645	549	1
000006	2	car	46	430	270	556	0
000006	3	car	296	439	384	517	1
000007	1	bus	408	236	643	549	1
000007	2	car	37	430	268	556	0
000007	3	car	296	439	384	517	1
000008	1	bus	408	236	643	549	1
000008	2	car	28	430	268	556	0
000008	3	car	296	439	384	517	1
000009	1	bus	408	236	643	549	1
000009	2	car	24	426	264	556	0
000009	3	car	293	439	382	515	1
000010	1	bus	408	236	643	549	1
000010	2	car	23	424	263	558	0
000010	3	car	291	439	382	515	1
000011	1	bus	410	238	645	551	1
000011	2	car	19	421	261	560	0
000011	3	car	289	439	380	515	1
000012	1	bus	410	238	645	551	1
000012	2	car	17	419	259	561	0
000012	3	car	288	439	380	515	1
000013	1	bus	410	238	645	551	1
000013	2	car	16	416	257	563	0
000013	3	car	286	439	378	515	1
000014	1	bus	412	240	647	552	1
000014	2	car	12	414	256	565	0
000014	3	car	284	439	378	515	1
000015	1	bus	412	240	647	552	1
000015	2	car	10	410	254	567	0
000015	3	car	282	439	376	515	1
000016	1	bus	414	241	648	554	1
000016	2	car	8	408	252	568	0
000016	3	car	280	439	376	515	1
000017	1	bus	412	240	647	552	1
000017	2	car	7	407	248	572	0
000017	3	car	279	439	375	517	1
000018	1	bus	412	240	647	552	1
000018	2	car	5	405	245	577	0
000018	3	car	277	439	375	520	1
000019	1	bus	412	240	647	552	1
000019	2	car	5	403	241	583	0
000019	3	car	275	439	375	522	1
000020	1	bus	412	240	647	552	1
000020	2	car	3	401	238	588	0
000020	3	car	273	439	375	526	1
000021	1	bus	412	240	647	552	1
000021	2	car	1	400	234	593	0
000021	3	car	272	439	373	528	1
000022	1	bus	410	240	645	552	1
000022	2	car	1	398	231	599	0
000022	3	car	270	439	373	531	1
000023	1	bus	410	240	645	552	1
000023	2	car	0	396	227	604	0
000023	3	car	268	439	373	533	1
000024	1	bus	410	238	645	551	1
000024	2	car	0	394	224	609	0
000024	3	car	266	439	373	536	1
000025	1	bus	410	238	645	551	1
000025	2	car	0	392	220	608	0
000025	3	car	264	439	371	536	1
000026	1	bus	410	238	645	551	1
000026	2	car	0	392	216	608	0
000026	3	car	263	439	369	536	1
000027	1	bus	410	238	645	551	1
000027	2	car	0	391	215	606	0
000027	3	car	261	439	368	536	1
000028	1	bus	408	238	643	551	1
000028	2	car	0	391	211	606	0
000028	3	car	259	439	366	536	1
000029	1	bus	408	238	643	551	1
000029	2	car	0	389	208	604	0
000029	3	car	257	439	364	536	1
000030	1	bus	408	238	643	551	1
000030	2	car	0	389	206	604	0
000030	3	car	256	439	362	536	1
000031	1	bus	408	236	643	549	1
000031	2	car	0	387	202	602	0
000031	3	car	254	437	360	535	1
000032	1	bus	408	236	643	549	1
000032	2	car	0	387	199	602	0
000032	3	car	252	437	359	535	1
000033	1	bus	408	236	643	549	1
000033	2	car	0	387	197	602	0
000033	3	car	252	437	359	535	1
000034	1	bus	407	236	641	549	1
000034	2	car	0	387	193	602	0
000034	3	car	250	437	357	535	1
000035	1	bus	407	236	641	549	1
000035	2	car	0	387	192	602	0
000035	3	car	250	437	357	535	1
000036	1	bus	407	236	641	549	1
000036	2	car	0	387	188	602	0
000036	3	car	248	437	355	535	1
000037	1	bus	407	236	641	549	1
000037	2	car	0	387	186	602	0
000037	3	car	248	437	355	535	1
000038	1	bus	407	234	641	547	1
000038	2	car	0	385	181	600	0
000038	3	car	247	435	353	533	1
000039	1	bus	407	234	641	547	1
000039	2	car	0	385	176	600	0
000039	3	car	245	435	352	533	1
000040	1	bus	405	234	640	547	1
000040	2	car	0	385	172	600	0
000040	3	car	243	435	350	533	1
000041	1	bus	405	234	640	547	1
000041	2	car	0	385	167	600	0
000041	3	car	241	435	348	533	1
000042	1	bus	405	234	640	547	1
000042	2	car	0	384	161	599	0
000042	3	car	240	435	346	533	1
000042	4	bus	1041	17	1265	675	0
000043	1	bus	405	234	640	547	1
000043	2	car	0	384	158	599	0
000043	3	car	238	435	344	533	1
000043	4	bus	1029	17	1265	673	0
000044	1	bus	405	234	640	547	1
000044	2	car	0	384	152	599	0
000044	3	car	236	435	343	533	1
000044	4	bus	1016	17	1265	673	0
000045	1	bus	405	234	640	547	1
000045	2	car	0	384	149	599	0
000045	3	car	236	435	343	533	1
000045	4	bus	1006	17	1265	673	0
000046	1	bus	403	232	638	545	1
000046	2	car	0	387	144	602	0
000046	3	car	234	435	343	533	1
000046	4	bus	993	17	1265	673	0
000047	1	bus	403	232	638	545	1
000047	2	car	0	392	138	608	0
000047	3	car	232	437	344	535	1
000047	4	bus	981	17	1265	673	0
000048	1	bus	403	232	638	545	1
000048	2	car	0	398	133	613	0
000048	3	car	231	439	346	535	1
000048	4	bus	970	17	1265	673	0
000049	1	bus	401	232	636	545	1
000049	2	car	0	401	128	616	0
000049	3	car	231	440	348	536	1
000049	4	bus	960	17	1265	672	0
000050	1	bus	401	232	636	545	1
000050	2	car	0	407	122	622	0
000050	3	car	229	442	350	538	1
000050	4	bus	949	17	1265	672	0
000051	1	bus	401	232	636	545	1
000051	2	car	0	412	117	627	0
000051	3	car	227	442	350	538	1
000051	4	bus	938	17	1265	672	0
000052	1	bus	401	232	636	545	1
000052	2	car	0	417	112	632	0
000052	3	car	225	444	352	540	1
000052	4	bus	928	17	1265	672	0
000053	1	bus	400	232	634	545	1
000053	2	car	0	421	106	636	0
000053	3	car	225	446	353	542	1
000053	4	bus	917	17	1265	672	0
000054	1	bus	400	232	634	545	1
000054	2	car	0	426	101	641	0
000054	3	car	224	448	355	542	1
000054	4	bus	906	17	1265	672	0
000055	1	bus	400	232	634	545	1
000055	2	car	0	432	96	647	0
000055	3	car	222	449	357	544	1
000055	4	bus	896	17	1265	670	0
000056	1	bus	400	232	634	545	1
000056	2	car	0	437	92	652	0
000056	3	car	222	451	359	545	1
000056	4	bus	885	17	1265	670	0
000057	1	bus	394	232	629	545	1
000057	2	car	0	437	85	652	0
000057	3	car	218	449	355	544	1
000057	4	bus	874	17	1265	670	0
000058	1	bus	391	234	625	547	1
000058	2	car	0	437	80	652	0
000058	3	car	215	449	352	544	1
000058	4	bus	864	17	1265	670	0
000059	1	bus	385	234	620	547	1
000059	2	car	0	437	74	652	0
000059	3	car	213	449	350	544	1
000059	4	bus	855	17	1265	670	0
000060	1	bus	382	236	616	549	1
000060	2	car	0	437	67	652	0
000060	3	car	209	448	346	542	1
000060	4	bus	848	17	1265	668	0
000061	1	bus	376	236	611	549	1
000061	2	car	0	437	62	652	0
000061	3	car	208	448	344	542	1
000061	4	bus	840	17	1265	668	0
000062	1	bus	373	238	608	551	1
000062	2	car	0	437	56	652	0
000062	3	car	204	448	341	542	1
000062	4	bus	835	17	1265	668	0
000063	1	bus	369	240	604	552	1
000063	3	car	202	448	339	542	1
000063	4	bus	828	17	1265	668	0
000064	1	bus	366	238	600	551	1
000064	3	car	199	448	337	540	1
000064	4	bus	821	17	1265	668	0
000065	1	bus	362	238	597	551	1
000065	3	car	195	448	337	540	1
000065	4	bus	816	17	1265	668	0
000066	1	bus	359	238	593	551	1
000066	3	car	192	448	337	540	1
000066	4	bus	808	17	1265	666	0
000067	1	bus	355	238	590	551	1
000067	3	car	188	448	336	540	1
000067	4	bus	801	17	1265	666	0
000068	1	bus	352	238	586	551	1
000068	3	car	184	448	334	540	1
000068	4	bus	794	17	1265	666	0
000069	1	bus	348	238	583	551	1
000069	3	car	181	448	332	540	1
000069	4	bus	787	17	1265	666	0
000070	1	bus	346	238	581	551	1
000070	3	car	177	448	332	540	1
000070	4	bus	780	17	1265	666	0
000071	1	bus	343	236	577	549	1
000071	3	car	174	448	330	540	1
000071	4	bus	773	17	1265	666	0
000072	1	bus	339	236	574	549	1
000072	3	car	170	448	328	540	1
000072	4	bus	766	17	1265	666	0
000073	1	bus	336	236	570	549	1
000073	3	car	167	449	328	540	1
000073	4	bus	760	17	1265	666	0
000074	1	bus	332	236	567	549	1
000074	3	car	158	442	325	540	1
000074	4	bus	752	17	1265	664	0
000075	1	bus	328	236	563	549	1
000075	3	car	151	437	321	542	1
000075	4	bus	744	17	1265	664	0
000076	1	bus	325	236	560	549	1
000076	3	car	144	432	318	544	1
000076	4	bus	736	17	1265	664	0
000077	1	bus	323	236	558	549	1
000077	3	car	136	426	314	545	1
000077	4	bus	728	17	1265	664	0
000078	1	bus	320	236	554	549	1
000078	3	car	131	430	309	549	1
000078	4	bus	720	17	1265	664	0
000079	1	bus	316	236	551	549	1
000079	3	car	126	435	304	554	1
000079	4	bus	712	17	1265	664	0
000080	1	bus	312	236	547	549	1
000080	3	car	120	440	298	560	1
000080	4	bus	705	17	1265	664	0
000081	1	bus	309	236	544	549	1
000081	3	car	117	446	295	565	1
000081	4	bus	700	17	1265	663	0
000082	1	bus	304	234	538	547	1
000082	3	car	103	440	288	567	1
000082	4	bus	695	17	1265	663	0
000083	1	bus	298	232	533	545	1
000083	3	car	88	437	282	568	1
000083	4	bus	689	17	1265	663	0
000084	1	bus	293	232	528	545	1
000084	3	car	74	433	277	572	1
000084	4	bus	686	17	1265	663	0
000085	1	bus	289	231	524	544	1
000085	3	car	60	428	270	574	1
000085	4	bus	680	17	1265	663	0
000086	1	bus	284	231	519	544	1
000086	3	car	46	424	264	577	1
000086	4	bus	675	17	1265	663	0
000087	1	bus	279	229	513	542	1
000087	3	car	32	421	259	579	1
000087	4	bus	670	17	1265	663	0
000088	1	bus	275	229	510	542	1
000088	3	car	19	417	254	583	1
000088	4	bus	666	17	1265	663	0
000089	1	bus	266	231	501	544	1
000089	3	car	14	414	247	583	1
000089	4	bus	661	17	1264	659	0
000090	1	bus	259	232	494	545	1
000090	3	car	8	410	241	583	1
000090	4	bus	657	17	1264	656	0
000091	1	bus	250	234	485	547	1
000091	3	car	3	407	234	583	1
000091	4	bus	654	17	1264	654	0
000092	1	bus	243	238	478	551	1
000092	3	car	0	403	229	584	1
000092	4	bus	648	17	1264	650	0
000093	1	bus	236	232	471	545	1
000093	3	car	0	405	222	586	1
000093	4	bus	645	17	1264	647	0
000094	1	bus	229	229	464	542	1
000094	3	car	0	407	216	588	1
000094	4	bus	641	17	1264	645	0
000095	1	bus	222	224	456	536	1
000095	3	car	0	408	211	590	1
000095	4	bus	636	17	1264	641	0
000096	1	bus	215	220	449	533	1
000096	3	car	0	410	206	592	1
000096	4	bus	632	17	1264	638	0
000097	1	bus	208	218	448	531	1
000097	3	car	0	408	192	599	1
000097	4	bus	629	17	1264	636	0
000098	1	bus	202	218	446	531	1
000098	3	car	0	407	179	608	1
000098	4	bus	620	17	1264	634	0
000099	1	bus	195	218	444	529	1
000099	3	car	0	405	165	615	1
000099	4	bus	611	17	1264	634	0
000100	1	bus	190	218	442	529	1
000100	3	car	0	405	152	624	1
000100	4	bus	602	17	1264	634	0
