000001	1	person	497	150	548	260	1
000001	2	car	1029	219	1231	454	0
000001	3	motorbike	989	154	1122	244	0
000001	4	bike	974	438	1248	633	0
000001	5	car	914	81	1016	153	0
000001	6	car	236	155	448	273	0
000001	7	car	1	253	213	414	0
000001	8	car	496	127	611	192	0
000001	9	car	617	78	714	143	0
000001	10	car	960	52	1014	85	0
000001	11	car	1063	43	1109	77	0
000001	12	motorbike	883	63	907	109	0
000002	1	person	500	150	551	260	1
000002	2	car	1029	221	1230	454	0
000002	3	motorbike	990	153	1123	243	0
000002	4	bike	972	438	1248	632	0
000002	5	car	917	80	1017	150	0
000002	6	car	236	155	448	273	0
000002	7	car	1	253	212	413	0
000002	8	car	496	127	611	192	0
000002	9	car	617	78	714	143	0
000002	10	car	958	51	1012	84	0
000002	11	car	1063	43	1109	77	0
000002	12	motorbike	879	64	903	110	0
000003	1	person	503	150	554	260	1
000003	2	car	1029	223	1230	454	0
000003	3	motorbike	991	152	1124	242	0
000003	4	bike	971	438	1248	632	0
000003	5	car	921	79	1019	148	0
000003	6	car	236	155	448	273	0
000003	7	car	1	253	211	413	0
000003	8	car	496	127	611	192	0
000003	9	car	617	78	714	143	0
000003	10	car	956	50	1010	83	0
000003	11	car	1064	43	1110	77	0
000003	12	motorbike	876	66	900	112	0
000004	1	person	506	150	557	260	1
000004	2	car	1029	225	1230	454	0
000004	3	motorbike	993	152	1126	242	0
000004	4	bike	970	438	1248	632	0
000004	5	car	925	79	1020	146	0
000004	6	car	236	155	448	273	0
000004	7	car	1	253	210	413	0
000004	8	car	496	127	611	192	0
000004	9	car	617	78	714	143	0
000004	10	car	954	50	1008	83	0
000004	11	car	1064	43	1110	77	0
000004	12	motorbike	873	68	897	114	0
000005	1	person	509	150	560	260	1
000005	2	car	1029	227	1230	454	0
000005	3	motorbike	994	151	1127	241	0
000005	4	bike	969	438	1248	632	0
000005	5	car	929	78	1022	144	0
000005	6	car	236	155	448	273	0
000005	7	car	1	253	209	413	0
000005	8	car	496	127	611	192	0
000005	9	car	617	78	714	143	0
000005	10	car	952	49	1006	82	0
000005	11	car	1065	43	1111	77	0
000005	12	motorbike	869	69	893	115	0
000006	1	person	512	150	563	260	1
000006	2	car	1029	229	1230	454	0
000006	3	motorbike	996	151	1129	241	0
000006	4	bike	968	438	1248	632	0
000006	5	car	933	78	1023	142	0
000006	6	car	236	155	448	273	0
000006	7	car	1	253	208	413	0
000006	8	car	496	127	611	192	0
000006	9	car	617	78	714	143	0
000006	10	car	950	49	1004	82	0
000006	11	car	1065	43	1111	77	0
000006	12	motorbike	866	71	890	117	0
000007	1	person	515	150	566	260	1
000007	2	car	1029	231	1230	454	0
000007	3	motorbike	997	150	1130	240	0
000007	4	bike	967	438	1248	632	0
000007	5	car	937	77	1025	140	0
000007	6	car	236	155	448	273	0
000007	7	car	1	253	207	413	0
000007	8	car	496	127	611	192	0
000007	9	car	617	78	714	143	0
000007	10	car	948	48	1002	81	0
000007	11	car	1066	43	1112	77	0
000007	12	motorbike	863	73	887	119	0
000008	1	person	518	151	569	261	1
000008	2	car	1029	234	1230	454	0
000008	3	motorbike	999	150	1132	240	0
000008	4	bike	966	438	1248	632	0
000008	5	car	941	77	1027	138	0
000008	6	car	236	155	448	273	0
000008	7	car	1	253	206	413	0
000008	8	car	496	127	611	192	0
000008	9	car	617	78	714	143	0
000008	10	car	947	48	1000	81	0
000008	11	car	1066	43	1112	77	0
000008	12	motorbike	860	75	884	121	0
000009	1	person	522	151	573	261	1
000009	2	car	1029	234	1230	454	0
000009	3	motorbike	999	150	1132	240	0
000009	4	bike	966	438	1248	632	0
000009	5	car	945	75	1029	135	0
000009	6	car	236	155	448	273	0
000009	7	car	1	253	206	413	0
000009	8	car	496	127	611	192	0
000009	9	car	617	78	714	143	0
000009	10	car	944	49	997	84	0
000009	11	car	1067	43	1113	77	0
000009	12	motorbike	854	75	878	123	0
000010	1	person	526	151	577	261	1
000010	2	car	1029	234	1230	454	0
000010	3	motorbike	999	150	1132	240	0
000010	4	bike	966	438	1248	632	0
000010	5	car	949	73	1032	133	0
000010	6	car	236	155	448	273	0
000010	7	car	1	253	205	413	0
000010	8	car	496	127	611	192	0
000010	9	car	617	78	714	143	0
000010	10	car	942	50	995	87	0
000010	11	car	1067	43	1113	77	0
000010	12	motorbike	848	75	872	125	0
000011	1	person	530	151	581	261	1
000011	2	car	1029	234	1230	454	0
000011	3	motorbike	999	150	1132	240	0
000011	4	bike	966	438	1248	632	0
000011	5	car	953	71	1035	131	0
000011	6	car	236	155	448	273	0
000011	7	car	1	253	204	413	0
000011	8	car	496	127	611	192	0
000011	9	car	617	78	714	143	0
000011	10	car	940	51	992	90	0
000011	11	car	1068	43	1114	77	0
000011	12	motorbike	842	75	866	127	0
000012	1	person	534	151	585	261	1
000012	2	car	1029	234	1230	454	0
000012	3	motorbike	999	150	1132	240	0
000012	4	bike	966	438	1248	632	0
000012	5	car	958	69	1038	129	0
000012	6	car	236	155	448	273	0
000012	7	car	1	253	203	413	0
000012	8	car	496	127	611	192	0
000012	9	car	617	78	714	143	0
000012	10	car	938	52	990	93	0
000012	11	car	1068	43	1114	77	0
000012	12	motorbike	837	76	860	129	0
000013	1	person	538	151	589	261	1
000013	2	car	1029	234	1230	454	0
000013	3	motorbike	999	150	1132	240	0
000013	4	bike	966	438	1248	632	0
000013	5	car	962	67	1040	127	0
000013	6	car	236	155	448	273	0
000013	7	car	1	253	202	413	0
000013	8	car	496	127	611	192	0
000013	9	car	617	78	714	143	0
000013	10	car	935	53	988	96	0
000013	11	car	1069	43	1115	77	0
000013	12	motorbike	831	76	854	131	0
000014	1	person	542	151	593	261	1
000014	2	car	1029	234	1230	454	0
000014	3	motorbike	999	150	1132	240	0
000014	4	bike	966	438	1248	632	0
000014	5	car	966	65	1043	125	0
000014	6	car	236	155	448	273	0
000014	7	car	1	253	201	413	0
000014	8	car	496	127	611	192	0
000014	9	car	617	78	714	143	0
000014	10	car	933	54	985	99	0
000014	11	car	1069	43	1115	77	0
000014	12	motorbike	825	76	848	133	0
000015	1	person	546	151	597	261	1
000015	2	car	1029	234	1230	454	0
000015	3	motorbike	999	150	1132	240	0
000015	4	bike	966	438	1248	632	0
000015	5	car	970	63	1046	123	0
000015	6	car	236	155	448	273	0
000015	7	car	1	253	200	413	0
000015	8	car	496	127	611	192	0
000015	9	car	617	78	714	143	0
000015	10	car	931	55	983	102	0
000015	11	car	1070	43	1116	77	0
000015	12	motorbike	819	76	842	135	0
000016	1	person	551	152	602	262	1
000016	2	car	1029	234	1230	454	0
000016	3	motorbike	999	150	1132	240	0
000016	4	bike	966	438	1248	632	0
000016	5	car	975	61	1049	121	0
000016	6	car	236	155	448	273	0
000016	7	car	1	253	200	413	0
000016	8	car	496	127	611	192	0
000016	9	car	617	78	714	143	0
000016	10	car	929	57	981	106	0
000016	11	car	1071	43	1117	77	0
000016	12	motorbike	814	77	837	137	0
000017	1	person	559	151	610	261	1
000017	2	car	1029	234	1230	454	0
000017	3	motorbike	999	150	1132	240	0
000017	4	bike	966	438	1248	632	0
000017	5	car	977	60	1051	119	0
000017	6	car	236	155	448	273	0
000017	7	car	0	252	199	412	0
000017	8	car	496	127	611	192	0
000017	9	car	617	78	714	143	0
000017	10	car	923	58	976	107	0
000017	11	car	1072	43	1117	76	0
000017	12	motorbike	801	81	825	142	0
000018	1	person	568	151	619	261	1
000018	2	car	1029	234	1230	454	0
000018	3	motorbike	999	150	1132	240	0
000018	4	bike	966	438	1248	632	0
000018	5	car	980	59	1053	117	0
000018	6	car	236	155	448	273	0
000018	7	car	0	252	199	412	0
000018	8	car	496	127	611	192	0
000018	9	car	617	78	714	143	0
000018	10	car	918	60	972	108	0
000018	11	car	1074	43	1117	75	0
000018	12	motorbike	788	85	814	147	0
000019	1	person	576	151	627	261	1
000019	2	car	1029	234	1230	454	0
000019	3	motorbike	999	150	1132	240	0
000019	4	bike	966	438	1248	632	0
000019	5	car	983	58	1055	115	0
000019	6	car	236	155	448	273	0
000019	7	car	0	252	198	412	0
000019	8	car	496	127	611	192	0
000019	9	car	617	78	714	143	0
000019	10	car	913	61	968	110	0
000019	11	car	1076	43	1117	74	0
000019	12	motorbike	775	89	802	153	0
000020	1	person	585	151	636	261	1
000020	2	car	1029	234	1230	454	0
000020	3	motorbike	999	150	1132	240	0
000020	4	bike	966	438	1248	632	0
000020	5	car	986	57	1057	113	0
000020	6	car	236	155	448	273	0
000020	7	car	0	252	198	412	0
000020	8	car	496	127	611	192	0
000020	9	car	617	78	714	143	0
000020	10	car	907	63	964	111	0
000020	11	car	1077	44	1117	73	0
000020	12	motorbike	762	93	791	158	0
000021	1	person	594	151	645	261	1
000021	2	car	1029	234	1230	454	0
000021	3	motorbike	999	150	1132	240	0
000021	4	bike	966	438	1248	632	0
000021	5	car	989	56	1060	111	0
000021	6	car	236	155	448	273	0
000021	7	car	0	252	197	412	0
000021	8	car	496	127	611	192	0
000021	9	car	617	78	714	143	0
000021	10	car	902	64	960	113	0
000021	11	car	1079	44	1117	73	0
000021	12	motorbike	750	97	780	164	0
000022	1	person	602	150	653	260	1
000022	2	car	1029	234	1230	454	0
000022	3	motorbike	999	150	1132	240	0
000022	4	bike	966	438	1248	632	0
000022	5	car	991	55	1062	109	0
000022	6	car	236	155	448	273	0
000022	7	car	0	252	197	412	0
000022	8	car	496	127	611	192	0
000022	9	car	617	78	714	143	0
000022	10	car	897	66	956	114	0
000022	11	car	1081	44	1117	72	0
000022	12	motorbike	737	101	768	169	0
000023	1	person	611	150	662	260	1
000023	2	car	1029	234	1230	454	0
000023	3	motorbike	999	150	1132	240	0
000023	4	bike	966	438	1248	632	0
000023	5	car	994	54	1064	107	0
000023	6	car	236	155	448	273	0
000023	7	car	0	252	197	412	0
000023	8	car	496	127	611	192	0
000023	9	car	617	78	714	143	0
000023	10	car	891	67	952	115	0
000023	11	car	1082	45	1117	71	0
000023	12	motorbike	724	105	757	174	0
000024	1	person	619	150	670	260	1
000024	2	car	1029	234	1230	454	0
000024	3	motorbike	999	150	1132	240	0
000024	4	bike	966	438	1248	632	0
000024	5	car	997	53	1066	105	0
000024	6	car	236	155	448	273	0
000024	7	car	0	252	196	412	0
000024	8	car	496	127	611	192	0
000024	9	car	617	78	714	143	0
000024	10	car	886	69	948	117	0
000024	11	car	1084	45	1117	70	0
000024	12	motorbike	711	109	745	180	0
000025	1	person	628	150	679	260	1
000025	2	car	1029	234	1230	454	0
000025	3	motorbike	999	150	1132	240	0
000025	4	bike	966	438	1248	632	0
000025	5	car	1000	52	1068	103	0
000025	6	car	236	155	448	273	0
000025	7	car	0	252	196	412	0
000025	8	car	496	127	611	192	0
000025	9	car	617	78	714	143	0
000025	10	car	881	70	944	118	0
000025	11	car	1086	45	1117	69	0
000025	12	motorbike	698	113	734	185	0
000026	1	person	637	150	688	260	1
000026	2	car	1029	234	1230	454	0
000026	3	motorbike	999	150	1132	240	0
000026	4	bike	966	438	1248	632	0
000026	5	car	1003	51	1071	102	0
000026	6	car	236	155	448	273	0
000026	7	car	0	252	195	412	0
000026	8	car	496	127	611	192	0
000026	9	car	617	78	714	143	0
000026	10	car	876	72	940	120	0
000026	11	car	1088	46	1118	69	0
000026	12	motorbike	686	118	723	191	0
000027	1	person	642	149	693	259	1
000027	2	car	1029	234	1230	454	0
000027	3	motorbike	999	150	1132	240	0
000027	4	bike	966	438	1248	632	0
000027	5	car	1006	50	1073	100	0
000027	6	car	236	155	448	273	0
000027	7	car	0	252	195	412	0
000027	8	car	496	127	611	192	0
000027	9	car	617	78	714	143	0
000027	10	car	872	73	936	121	0
000027	11	car	1089	45	1119	68	0
000027	12	motorbike	673	121	711	196	0
000028	1	person	647	148	698	258	1
000028	2	car	1029	234	1230	454	0
000028	3	motorbike	999	150	1132	240	0
000028	4	bike	966	438	1248	632	0
000028	5	car	1009	50	1075	99	0
000028	6	car	236	155	448	273	0
000028	7	car	0	252	194	412	0
000028	8	car	496	127	611	192	0
000028	9	car	617	78	714	143	0
000028	10	car	868	74	932	122	0
000028	11	car	1090	45	1120	68	0
000028	12	motorbike	660	124	699	201	0
000029	1	person	652	147	703	257	1
000029	2	car	1029	234	1230	454	0
000029	3	motorbike	999	150	1132	240	0
000029	4	bike	966	438	1248	632	0
000029	5	car	1012	50	1077	98	0
000029	6	car	236	155	448	273	0
000029	7	car	0	252	194	412	0
000029	8	car	496	127	611	192	0
000029	9	car	617	78	714	143	0
000029	10	car	865	75	929	123	0
000029	11	car	1091	45	1121	68	0
000029	12	motorbike	648	128	687	206	0
000030	1	person	657	146	708	256	1
000030	2	car	1029	234	1230	454	0
000030	3	motorbike	999	150	1132	240	0
000030	4	bike	966	438	1248	632	0
000030	5	car	1015	50	1079	97	0
000030	6	car	236	155	448	273	0
000030	7	car	0	252	194	412	0
000030	8	car	496	127	611	192	0
000030	9	car	617	78	714	143	0
000030	10	car	861	76	925	124	0
000030	11	car	1092	45	1122	68	0
000030	12	motorbike	635	131	675	211	0
000031	1	person	662	145	713	255	1
000031	2	car	1029	234	1230	454	0
000031	3	motorbike	999	150	1132	240	0
000031	4	bike	966	438	1248	632	0
000031	5	car	1018	50	1081	95	0
000031	6	car	236	155	448	273	0
000031	7	car	0	252	193	412	0
000031	8	car	496	127	611	192	0
000031	9	car	617	78	714	143	0
000031	10	car	858	77	922	125	0
000031	11	car	1093	44	1123	67	0
000031	12	motorbike	622	134	663	216	0
000032	1	person	667	144	718	254	1
000032	2	car	1029	234	1230	454	0
000032	3	motorbike	999	150	1132	240	0
000032	4	bike	966	438	1248	632	0
000032	5	car	1021	50	1083	94	0
000032	6	car	236	155	448	273	0
000032	7	car	0	252	193	412	0
000032	8	car	496	127	611	192	0
000032	9	car	617	78	714	143	0
000032	10	car	854	78	918	126	0
000032	11	car	1094	44	1124	67	0
000032	12	motorbike	610	138	651	221	0
000033	1	person	672	143	723	253	1
000033	2	car	1029	234	1230	454	0
000033	3	motorbike	999	150	1132	240	0
000033	4	bike	966	438	1248	632	0
000033	5	car	1024	50	1085	93	0
000033	6	car	236	155	448	273	0
000033	7	car	0	252	192	412	0
000033	8	car	496	127	611	192	0
000033	9	car	617	78	714	143	0
000033	10	car	851	79	915	127	0
000033	11	car	1095	44	1125	67	0
000033	12	motorbike	597	141	639	226	0
000034	1	person	677	142	728	252	1
000034	2	car	1029	234	1230	454	0
000034	3	motorbike	999	150	1132	240	0
000034	4	bike	966	438	1248	632	0
000034	5	car	1027	50	1087	92	0
000034	6	car	236	155	448	273	0
000034	7	car	0	252	192	412	0
000034	8	car	496	127	611	192	0
000034	9	car	617	78	714	143	0
000034	10	car	847	80	911	128	0
000034	11	car	1096	44	1126	67	0
000034	12	motorbike	584	144	627	231	0
000035	1	person	683	142	734	252	1
000035	2	car	1029	234	1230	454	0
000035	3	motorbike	999	150	1132	240	0
000035	4	bike	966	438	1248	632	0
000035	5	car	1030	50	1090	91	0
000035	6	car	236	155	448	273	0
000035	7	car	0	252	191	412	0
000035	8	car	496	127	611	192	0
000035	9	car	617	78	714	143	0
000035	10	car	844	82	908	130	0
000035	12	motorbike	572	148	616	237	0
000036	1	person	688	142	739	252	1
000036	2	car	1029	234	1230	454	0
000036	3	motorbike	999	150	1132	240	0
000036	4	bike	966	438	1248	632	0
000036	5	car	1031	50	1090	90	0
000036	6	car	236	155	448	273	0
000036	7	car	0	252	191	412	0
000036	8	car	496	127	611	192	0
000036	9	car	617	78	714	143	0
000036	10	car	837	83	904	132	0
000036	12	motorbike	554	151	600	242	0
000037	1	person	694	142	745	252	1
000037	2	car	1029	234	1230	454	0
000037	3	motorbike	999	150	1132	240	0
000037	4	bike	966	438	1248	632	0
000037	5	car	1033	50	1090	90	0
000037	6	car	236	155	448	273	0
000037	7	car	0	252	191	412	0
000037	8	car	496	127	611	192	0
000037	9	car	617	78	714	143	0
000037	10	car	830	84	900	134	0
000037	12	motorbike	537	154	584	247	0
000038	1	person	700	142	751	252	1
000038	2	car	1029	234	1230	454	0
000038	3	motorbike	999	150	1132	240	0
000038	4	bike	966	438	1248	632	0
000038	5	car	1034	50	1090	90	0
000038	6	car	236	155	448	273	0
000038	7	car	0	252	190	412	0
000038	8	car	496	127	611	192	0
000038	9	car	617	78	714	143	0
000038	10	car	824	85	896	136	0
000038	12	motorbike	519	157	568	252	0
000039	1	person	706	142	757	252	1
000039	2	car	1029	234	1230	454	0
000039	3	motorbike	999	150	1132	240	0
000039	4	bike	966	438	1248	632	0
000039	5	car	1036	50	1090	90	0
000039	6	car	236	155	448	273	0
000039	7	car	0	252	190	412	0
000039	8	car	496	127	611	192	0
000039	9	car	617	78	714	143	0
000039	10	car	817	87	893	139	0
000039	12	motorbike	502	161	553	257	0
000040	1	person	712	142	763	252	1
000040	2	car	1029	234	1230	454	0
000040	3	motorbike	999	150	1132	240	0
000040	4	bike	966	438	1248	632	0
000040	5	car	1037	50	1090	90	0
000040	6	car	236	155	448	273	0
000040	7	car	0	252	189	412	0
000040	8	car	496	127	611	192	0
000040	9	car	617	78	714	143	0
000040	10	car	811	88	889	141	0
000040	12	motorbike	484	164	537	262	0
000041	1	person	718	142	769	252	1
000041	2	car	1029	234	1230	454	0
000041	3	motorbike	999	150	1132	240	0
000041	4	bike	966	438	1248	632	0
000041	5	car	1039	50	1090	90	0
000041	6	car	236	155	448	273	0
000041	7	car	0	252	189	412	0
000041	8	car	496	127	611	192	0
000041	9	car	617	78	714	143	0
000041	10	car	804	89	885	143	0
000041	12	motorbike	467	167	521	267	0
000042	1	person	724	142	775	252	1
000042	2	car	1029	234	1230	454	0
000042	3	motorbike	999	150	1132	240	0
000042	4	bike	966	438	1248	632	0
000042	5	car	1041	50	1090	90	0
000042	6	car	236	155	448	273	0
000042	7	car	0	252	188	412	0
000042	8	car	496	127	611	192	0
000042	9	car	617	78	714	143	0
000042	10	car	798	91	882	146	0
000042	12	motorbike	450	171	506	272	0
000043	1	person	733	142	784	252	1
000043	2	car	1029	234	1230	454	0
000043	3	motorbike	999	150	1132	240	0
000043	4	bike	966	438	1248	632	0
000043	5	car	1043	49	1092	88	0
000043	6	car	236	155	448	273	0
000043	7	car	0	252	188	412	0
000043	8	car	496	127	611	192	0
000043	9	car	617	78	714	143	0
000043	10	car	786	93	873	151	0
000043	12	motorbike	423	180	483	283	0
000044	1	person	743	143	794	253	1
000044	2	car	1029	234	1230	454	0
000044	3	motorbike	999	150	1132	240	0
000044	4	bike	966	438	1248	632	0
000044	5	car	1045	49	1094	86	0
000044	6	car	236	155	448	273	0
000044	7	car	0	252	188	412	0
000044	8	car	496	127	611	192	0
000044	9	car	617	78	714	143	0
000044	10	car	774	95	864	157	0
000044	12	motorbike	396	189	460	294	0
000045	1	person	752	143	803	253	1
000045	2	car	1029	234	1230	454	0
000045	3	motorbike	999	150	1132	240	0
000045	4	bike	966	438	1248	632	0
000045	5	car	1047	48	1096	85	0
000045	6	car	236	155	448	273	0
000045	7	car	0	252	187	412	0
000045	8	car	496	127	611	192	0
000045	9	car	617	78	714	143	0
000045	10	car	762	98	855	163	0
000045	12	motorbike	369	198	437	305	0
000046	1	person	762	144	813	254	1
000046	2	car	1029	234	1230	454	0
000046	3	motorbike	999	150	1132	240	0
000046	4	bike	966	438	1248	632	0
000046	5	car	1050	48	1098	83	0
000046	6	car	236	155	448	273	0
000046	7	car	0	252	187	412	0
000046	8	car	496	127	611	192	0
000046	9	car	617	78	714	143	0
000046	10	car	750	100	846	169	0
000046	12	motorbike	342	207	414	316	0
000047	1	person	771	145	822	255	1
000047	2	car	1029	234	1230	454	0
000047	3	motorbike	999	150	1132	240	0
000047	4	bike	966	438	1248	632	0
000047	5	car	1052	47	1100	81	0
000047	6	car	236	155	448	273	0
000047	7	car	0	252	186	412	0
000047	8	car	496	127	611	192	0
000047	9	car	617	78	714	143	0
000047	10	car	738	102	837	174	0
000047	12	motorbike	315	216	392	328	0
000048	1	person	781	145	832	255	1
000048	2	car	1029	234	1230	454	0
000048	3	motorbike	999	150	1132	240	0
000048	4	bike	966	438	1248	632	0
000048	5	car	1054	47	1102	80	0
000048	6	car	236	155	448	273	0
000048	7	car	0	252	186	412	0
000048	8	car	496	127	611	192	0
000048	9	car	617	78	714	143	0
000048	10	car	726	105	828	180	0
000048	12	motorbike	254	230	336	345	0
000049	1	person	790	146	841	256	1
000049	2	car	1029	234	1230	454	0
000049	3	motorbike	999	150	1132	240	0
000049	4	bike	966	438	1248	632	0
000049	5	car	1056	46	1104	78	0
000049	6	car	236	155	448	273	0
000049	7	car	0	252	185	412	0
000049	8	car	496	127	611	192	0
000049	9	car	617	78	714	143	0
000049	10	car	714	107	819	186	0
000049	12	motorbike	194	245	280	362	0
000050	1	person	800	147	851	257	1
000050	2	car	1029	234	1230	454	0
000050	3	motorbike	999	150	1132	240	0
000050	4	bike	966	438	1248	632	0
000050	6	car	236	155	448	273	0
000050	7	car	0	252	185	412	0
000050	8	car	496	127	611	192	0
000050	9	car	617	78	714	143	0
000050	10	car	703	110	810	192	0
000050	12	motorbike	133	260	224	379	0
000051	1	person	807	147	858	257	1
000051	2	car	1029	234	1230	454	0
000051	3	motorbike	999	150	1132	240	0
000051	4	bike	966	438	1248	632	0
000051	6	car	236	155	448	273	0
000051	7	car	0	252	185	412	0
000051	8	car	496	127	611	192	0
000051	9	car	617	78	714	143	0
000051	10	car	692	111	807	193	0
000051	12	motorbike	73	275	168	396	0
000052	1	person	814	148	865	258	1
000052	2	car	1029	234	1230	454	0
000052	3	motorbike	999	150	1132	240	0
000052	4	bike	966	438	1248	632	0
000052	6	car	236	155	448	273	0
000052	7	car	0	252	185	412	0
000052	8	car	496	127	611	192	0
000052	9	car	617	78	714	143	0
000052	10	car	681	113	804	194	0
000053	1	person	821	149	872	259	1
000053	2	car	1029	234	1230	454	0
000053	3	motorbike	999	150	1132	240	0
000053	4	bike	966	438	1248	632	0
000053	6	car	236	155	448	273	0
000053	7	car	0	252	185	412	0
000053	8	car	496	127	611	192	0
000053	9	car	617	78	714	143	0
000053	10	car	670	115	801	196	0
000053	13	person	445	323	591	484	1
000053	14	motorbike	462	431	618	590	1
000053	15	car	0	393	154	590	0
000054	1	person	826	145	877	258	1
000054	2	car	1029	234	1230	454	0
000054	3	motorbike	999	150	1132	240	0
000054	4	bike	966	438	1248	632	0
000054	6	car	236	155	448	273	0
000054	7	car	0	252	185	412	0
000054	8	car	496	127	611	192	0
000054	9	car	617	78	714	143	0
000054	10	car	661	118	792	199	0
000054	13	person	500	300	634	451	1
000054	14	motorbike	514	405	656	552	1
000054	15	car	0	387	172	584	0
000055	1	person	832	142	883	257	1
000055	2	car	1029	234	1230	454	0
000055	3	motorbike	999	150	1132	240	0
000055	4	bike	966	438	1248	632	0
000055	6	car	236	155	448	273	0
000055	7	car	0	252	185	412	0
000055	8	car	496	127	611	192	0
000055	9	car	617	78	714	143	0
000055	10	car	653	121	784	202	0
000055	13	person	555	277	677	419	1
000055	14	motorbike	566	379	695	514	1
000055	15	car	1	381	190	578	0
000056	1	person	838	139	888	256	1
000056	2	car	1029	234	1230	454	0
000056	3	motorbike	999	150	1132	240	0
000056	4	bike	966	438	1248	632	0
000056	6	car	236	155	448	273	0
000056	7	car	0	252	185	412	0
000056	8	car	496	127	611	192	0
000056	9	car	617	78	714	143	0
000056	10	car	644	124	775	205	0
000056	13	person	610	254	720	387	1
000056	14	motorbike	618	353	733	476	1
000056	15	car	1	375	208	572	0
000057	1	person	844	136	894	256	1
000057	2	car	1029	234	1230	454	0
000057	3	motorbike	999	150	1132	240	0
000057	4	bike	966	438	1248	632	0
000057	6	car	236	155	448	273	0
000057	7	car	0	252	185	412	0
000057	8	car	496	127	611	192	0
000057	9	car	617	78	714	143	0
000057	10	car	636	128	767	209	0
000057	13	person	665	231	763	355	1
000057	14	motorbike	671	327	772	439	1
000057	15	car	2	369	227	566	0
000058	1	person	850	134	900	254	1
000058	2	car	1029	234	1230	454	0
000058	3	motorbike	999	150	1132	240	0
000058	4	bike	966	438	1248	632	0
000058	6	car	236	155	448	273	0
000058	7	car	0	252	185	412	0
000058	8	car	496	127	611	192	0
000058	9	car	617	78	714	143	0
000058	10	car	618	130	763	215	0
000058	13	person	701	215	790	339	1
000058	14	motorbike	705	303	795	415	1
000058	15	car	2	369	240	565	0
000059	1	person	856	133	906	253	1
000059	2	car	1029	234	1230	454	0
000059	3	motorbike	999	150	1132	240	0
000059	4	bike	966	438	1248	632	0
000059	6	car	236	155	448	273	0
000059	7	car	0	252	185	412	0
000059	8	car	496	127	611	192	0
000059	9	car	617	78	714	143	0
000059	10	car	601	132	759	221	0
000059	13	person	738	199	818	323	1
000059	14	motorbike	739	279	819	391	1
000059	15	car	2	369	254	565	0
000060	1	person	863	132	913	252	1
000060	2	car	1029	234	1230	454	0
000060	3	motorbike	999	150	1132	240	0
000060	4	bike	966	438	1248	632	0
000060	6	car	236	155	448	273	0
000060	7	car	0	252	185	412	0
000060	8	car	496	127	611	192	0
000060	9	car	617	78	714	143	0
000060	10	car	584	134	755	228	0
000060	13	person	775	184	846	307	1
000060	14	motorbike	774	256	843	367	1
000060	15	car	2	369	268	565	0
000061	1	person	869	132	919	252	1
000061	2	car	1029	234	1230	454	0
000061	3	motorbike	999	150	1132	240	0
000061	4	bike	966	438	1248	632	0
000061	6	car	236	155	448	273	0
000061	7	car	0	252	185	412	0
000061	8	car	496	127	611	192	0
000061	9	car	617	78	714	143	0
000061	10	car	566	138	740	234	0
000061	13	person	796	177	863	295	1
000061	14	motorbike	793	247	861	351	1
000061	15	car	2	366	280	564	0
000062	1	person	876	133	926	253	1
000062	2	car	1029	234	1230	454	0
000062	3	motorbike	999	150	1132	240	0
000062	4	bike	966	438	1248	632	0
000062	6	car	236	155	448	273	0
000062	7	car	0	252	185	412	0
000062	8	car	496	127	611	192	0
000062	9	car	617	78	714	143	0
000062	10	car	549	142	725	240	0
000062	13	person	817	171	881	283	1
000062	14	motorbike	813	239	879	336	1
000062	15	car	2	363	293	564	0
000063	1	person	882	133	932	253	1
000063	2	car	1029	234	1230	454	0
000063	3	motorbike	999	150	1132	240	0
000063	4	bike	966	438	1248	632	0
000063	6	car	236	155	448	273	0
000063	7	car	0	252	185	412	0
000063	8	car	496	127	611	192	0
000063	9	car	617	78	714	143	0
000063	10	car	531	146	711	246	0
000063	13	person	838	165	899	271	1
000063	14	motorbike	833	231	898	321	1
000063	15	car	2	360	306	564	0
000064	1	person	889	134	939	254	1
000064	2	car	1029	234	1230	454	0
000064	3	motorbike	999	150	1132	240	0
000064	4	bike	966	438	1248	632	0
000064	6	car	236	155	448	273	0
000064	7	car	0	252	185	412	0
000064	8	car	496	127	611	192	0
000064	9	car	617	78	714	143	0
000064	10	car	514	151	696	252	0
000064	13	person	859	159	916	259	1
000064	14	motorbike	852	223	916	305	1
000064	15	car	2	357	319	564	0
000065	1	person	895	134	945	254	1
000065	2	car	1029	234	1230	454	0
000065	3	motorbike	999	150	1132	240	0
000065	4	bike	966	438	1248	632	0
000065	6	car	236	155	448	273	0
000065	7	car	0	252	185	412	0
000065	8	car	496	127	611	192	0
000065	9	car	617	78	714	143	0
000065	10	car	496	155	682	258	0
000065	13	person	880	153	934	247	1
000065	14	motorbike	872	215	934	290	1
000065	15	car	2	354	331	564	0
000066	2	car	1029	234	1230	454	0
000066	3	motorbike	999	150	1132	240	0
000066	4	bike	966	438	1248	632	0
000066	6	car	236	155	448	273	0
000066	7	car	0	252	185	412	0
000066	8	car	496	127	611	192	0
000066	9	car	617	78	714	143	0
000066	10	car	479	159	667	264	0
000066	13	person	901	147	952	236	1
000066	14	motorbike	892	207	953	275	1
000066	15	car	2	351	344	564	0
000067	2	car	1029	234	1230	454	0
000067	3	motorbike	999	150	1132	240	0
000067	4	bike	966	438	1248	632	0
000067	6	car	236	155	448	273	0
000067	7	car	0	252	185	412	0
000067	8	car	496	127	611	192	0
000067	9	car	617	78	714	143	0
000067	10	car	461	164	652	270	0
000067	13	person	911	142	962	231	1
000067	14	motorbike	906	201	962	269	1
000067	15	car	2	348	357	564	0
000068	2	car	1029	234	1230	454	0
000068	3	motorbike	999	150	1132	240	0
000068	4	bike	966	438	1248	632	0
000068	6	car	236	155	448	273	0
000068	7	car	0	252	185	412	0
000068	8	car	496	127	611	192	0
000068	9	car	617	78	714	143	0
000068	10	car	444	168	638	276	0
000068	13	person	922	138	973	227	1
000068	14	motorbike	920	195	972	263	1
000068	15	car	2	345	370	564	0
000069	2	car	1029	234	1230	454	0
000069	3	motorbike	999	150	1132	240	0
000069	4	bike	966	438	1248	632	0
000069	6	car	236	155	448	273	0
000069	7	car	0	252	185	412	0
000069	8	car	496	127	611	192	0
000069	9	car	617	78	714	143	0
000069	10	car	426	172	623	282	0
000069	13	person	933	133	984	222	1
000069	14	motorbike	934	189	981	257	1
000069	15	car	11	340	379	559	0
000070	1	person	902	135	952	255	1
000070	2	car	1029	234	1230	454	0
000070	3	motorbike	999	150	1132	240	0
000070	4	bike	966	438	1248	632	0
000070	6	car	236	155	448	273	0
000070	7	car	0	252	185	412	0
000070	8	car	496	127	611	192	0
000070	9	car	617	78	714	143	0
000070	10	car	409	177	609	288	0
000070	13	person	944	129	995	218	1
000070	14	motorbike	949	184	991	251	1
000070	15	car	21	336	389	555	0
000071	1	person	900	141	950	252	1
000071	2	car	1029	234	1230	454	0
000071	3	motorbike	999	150	1132	240	0
000071	4	bike	966	438	1248	632	0
000071	6	car	236	155	448	273	0
000071	7	car	0	252	185	412	0
000071	8	car	496	127	611	192	0
000071	9	car	617	78	714	143	0
000071	10	car	383	180	593	293	0
000071	13	person	953	128	1004	214	1
000071	14	motorbike	952	182	994	249	1
000071	15	car	31	332	399	551	0
000072	1	person	898	148	948	250	1
000072	2	car	1029	234	1230	454	0
000072	3	motorbike	999	150	1132	240	0
000072	4	bike	966	438	1248	632	0
000072	6	car	236	155	448	273	0
000072	7	car	0	252	185	412	0
000072	8	car	496	127	611	192	0
000072	9	car	617	78	714	143	0
000072	10	car	358	183	577	298	0
000072	13	person	963	128	1013	210	1
000072	14	motorbike	956	180	998	247	1
000072	15	car	41	328	409	547	0
000073	1	person	897	154	946	248	1
000073	2	car	1029	234	1230	454	0
000073	3	motorbike	999	150	1132	240	0
000073	4	bike	966	438	1248	632	0
000073	6	car	236	155	448	273	0
000073	7	car	0	252	185	412	0
000073	8	car	496	127	611	192	0
000073	9	car	617	78	714	143	0
000073	10	car	333	186	562	303	0
000073	13	person	972	128	1023	206	1
000073	14	motorbike	960	178	1002	245	1
000073	15	car	51	323	419	542	0
000074	1	person	895	161	944	246	1
000074	2	car	1029	234	1230	454	0
000074	3	motorbike	999	150	1132	240	0
000074	4	bike	966	438	1248	632	0
000074	6	car	236	155	448	273	0
000074	7	car	0	252	185	412	0
000074	8	car	496	127	611	192	0
000074	9	car	617	78	714	143	0
000074	10	car	308	190	546	308	0
000074	13	person	982	128	1032	202	1
000074	14	motorbike	964	177	1006	244	1
000074	15	car	61	319	429	538	0
000075	1	person	893	167	942	243	1
000075	2	car	1029	234	1230	454	0
000075	3	motorbike	999	150	1132	240	0
000075	4	bike	966	438	1248	632	0
000075	6	car	236	155	448	273	0
000075	7	car	0	252	185	412	0
000075	8	car	496	127	611	192	0
000075	9	car	617	78	714	143	0
000075	10	car	283	193	530	313	0
000075	13	person	991	127	1041	198	1
000075	14	motorbike	968	175	1010	242	1
000075	15	car	71	315	439	534	0
000076	1	person	892	174	940	241	1
000076	2	car	1029	234	1230	454	0
000076	3	motorbike	999	150	1132	240	0
000076	4	bike	966	438	1248	632	0
000076	6	car	236	155	448	273	0
000076	7	car	0	252	185	412	0
000076	8	car	496	127	611	192	0
000076	9	car	617	78	714	143	0
000076	10	car	258	196	515	318	0
000076	13	person	1001	127	1051	194	1
000076	14	motorbike	972	173	1014	240	1
000076	15	car	81	311	449	530	0
000077	1	person	890	180	938	239	1
000077	2	car	1029	234	1230	454	0
000077	3	motorbike	999	150	1132	240	0
000077	4	bike	966	438	1248	632	0
000077	6	car	236	155	448	273	0
000077	7	car	0	252	185	412	0
000077	8	car	496	127	611	192	0
000077	9	car	617	78	714	143	0
000077	10	car	233	199	499	323	0
000077	13	person	1010	127	1060	190	1
000077	14	motorbike	976	171	1018	238	1
000077	15	car	97	307	454	522	0
000078	1	person	889	187	937	237	1
000078	2	car	1029	234	1230	454	0
000078	3	motorbike	999	150	1132	240	0
000078	4	bike	966	438	1248	632	0
000078	6	car	236	155	448	273	0
000078	7	car	0	252	185	412	0
000078	8	car	496	127	611	192	0
000078	9	car	617	78	714	143	0
000078	10	car	208	203	484	329	0
000078	15	car	113	304	460	515	0
000079	1	person	886	185	934	235	1
000079	2	car	1029	234	1230	454	0
000079	3	motorbike	999	150	1132	240	0
000079	4	bike	966	438	1248	632	0
000079	6	car	236	155	448	273	0
000079	7	car	0	252	185	412	0
000079	8	car	496	127	611	192	0
000079	9	car	617	78	714	143	0
000079	10	car	166	220	431	362	0
000079	15	car	130	300	466	508	0
000080	1	person	883	183	931	233	1
000080	2	car	1029	234	1230	454	0
000080	3	motorbike	999	150	1132	240	0
000080	4	bike	966	438	1248	632	0
000080	6	car	236	155	448	273	0
000080	7	car	0	252	185	412	0
000080	8	car	496	127	611	192	0
000080	9	car	617	78	714	143	0
000080	10	car	124	238	378	395	0
000080	15	car	146	297	471	501	0
000081	1	person	881	181	929	231	1
000081	2	car	1029	234	1230	454	0
000081	3	motorbike	999	150	1132	240	0
000081	4	bike	966	438	1248	632	0
000081	6	car	236	155	448	273	0
000081	7	car	0	252	185	412	0
000081	8	car	496	127	611	192	0
000081	9	car	617	78	714	143	0
000081	10	car	83	255	325	428	0
000081	15	car	163	293	477	494	0
000082	1	person	878	179	926	229	1
000082	2	car	1029	234	1230	454	0
000082	3	motorbike	999	150	1132	240	0
000082	4	bike	966	438	1248	632	0
000082	6	car	236	155	448	273	0
000082	7	car	0	252	185	412	0
000082	8	car	496	127	611	192	0
000082	9	car	617	78	714	143	0
000082	10	car	41	273	272	461	0
000082	15	car	179	290	483	487	0
000083	1	person	876	178	924	228	1
000083	2	car	1029	234	1230	454	0
000083	3	motorbike	999	150	1132	240	0
000083	4	bike	966	438	1248	632	0
000083	6	car	236	155	448	273	0
000083	7	car	0	252	185	412	0
000083	8	car	496	127	611	192	0
000083	9	car	617	78	714	143	0
000083	15	car	196	287	489	480	0
000084	1	person	876	178	924	228	1
000084	2	car	1029	234	1230	454	0
000084	3	motorbike	999	150	1132	240	0
000084	4	bike	966	438	1248	632	0
000084	6	car	236	155	448	273	0
000084	7	car	0	252	185	412	0
000084	8	car	496	127	611	192	0
000084	9	car	617	78	714	143	0
000084	15	car	200	285	490	476	0
000085	1	person	876	178	924	228	1
000085	2	car	1029	234	1230	454	0
000085	3	motorbike	999	150	1132	240	0
000085	4	bike	966	438	1248	632	0
000085	6	car	236	155	448	273	0
000085	7	car	0	252	185	412	0
000085	8	car	496	127	611	192	0
000085	9	car	617	78	714	143	0
000085	15	car	204	284	492	473	0
000086	1	person	876	178	924	228	1
000086	2	car	1029	234	1230	454	0
000086	3	motorbike	999	150	1132	240	0
000086	4	bike	966	438	1248	632	0
000086	6	car	236	155	448	273	0
000086	7	car	0	252	185	412	0
000086	8	car	496	127	611	192	0
000086	9	car	617	78	714	143	0
000086	15	car	208	283	494	470	0
000086	16	person	166	417	331	635	0
000086	17	person	2	446	104	639	0
000087	1	person	876	178	924	228	1
000087	2	car	1029	234	1230	454	0
000087	3	motorbike	999	150	1132	240	0
000087	4	bike	966	438	1248	632	0
000087	6	car	236	155	448	273	0
000087	7	car	0	252	185	412	0
000087	8	car	496	127	611	192	0
000087	9	car	617	78	714	143	0
000087	15	car	212	282	496	467	0
000087	16	person	183	408	348	626	0
000087	17	person	22	431	124	624	0
000088	1	person	876	178	924	228	1
000088	2	car	1029	234	1230	454	0
000088	3	motorbike	999	150	1132	240	0
000088	4	bike	966	438	1248	632	0
000088	6	car	236	155	448	273	0
000088	7	car	0	252	185	412	0
000088	8	car	496	127	611	192	0
000088	9	car	617	78	714	143	0
000088	15	car	216	281	498	463	0
000088	16	person	201	400	366	618	0
000088	17	person	42	416	144	609	0
000089	1	person	876	178	924	228	1
000089	2	car	1029	234	1230	454	0
000089	3	motorbike	999	150	1132	240	0
000089	4	bike	966	438	1248	632	0
000089	6	car	236	155	448	273	0
000089	7	car	0	252	185	412	0
000089	8	car	496	127	611	192	0
000089	9	car	617	78	714	143	0
000089	15	car	220	280	500	460	0
000089	16	person	218	391	383	609	0
000089	17	person	62	401	164	594	0
000090	1	person	876	178	924	228	1
000090	2	car	1029	234	1230	454	0
000090	3	motorbike	999	150	1132	240	0
000090	4	bike	966	438	1248	632	0
000090	6	car	236	155	448	273	0
000090	7	car	0	252	185	412	0
000090	8	car	496	127	611	192	0
000090	9	car	617	78	714	143	0
000090	15	car	224	279	502	457	0
000090	16	person	236	383	401	601	0
000090	17	person	83	386	185	579	0
000090	18	motorbike	249	462	484	622	0
000090	19	motorbike	70	482	246	655	0
000091	1	person	876	178	924	228	1
000091	2	car	1029	234	1230	454	0
000091	3	motorbike	999	150	1132	240	0
000091	4	bike	966	438	1248	632	0
000091	6	car	236	155	448	273	0
000091	7	car	0	252	185	412	0
000091	8	car	496	127	611	192	0
000091	9	car	617	78	714	143	0
000091	15	car	228	278	504	454	0
000091	16	person	238	387	403	597	0
000091	17	person	103	378	205	571	0
000091	18	motorbike	265	458	493	618	0
000091	19	motorbike	104	465	273	638	0
000092	1	person	876	178	924	228	1
000092	2	car	1029	234	1230	454	0
000092	3	motorbike	999	150	1132	240	0
000092	4	bike	966	438	1248	632	0
000092	6	car	236	155	448	273	0
000092	7	car	0	252	185	412	0
000092	8	car	496	127	611	192	0
000092	9	car	617	78	714	143	0
000092	15	car	232	276	505	450	0
000092	16	person	240	391	405	593	0
000092	17	person	124	370	226	563	0
000092	18	motorbike	282	455	502	615	0
000092	19	motorbike	139	448	301	621	0
000093	1	person	876	178	924	228	1
000093	2	car	1029	234	1230	454	0
000093	3	motorbike	999	150	1132	240	0
000093	4	bike	966	438	1248	632	0
000093	6	car	236	155	448	273	0
000093	7	car	0	252	185	412	0
000093	8	car	496	127	611	192	0
000093	9	car	617	78	714	143	0
000093	15	car	236	275	507	447	0
000093	16	person	242	396	407	589	0
000093	17	person	145	362	247	555	0
000093	18	motorbike	299	452	511	612	0
000093	19	motorbike	174	431	329	604	0
000094	1	person	876	178	924	228	1
000094	2	car	1029	234	1230	454	0
000094	3	motorbike	999	150	1132	240	0
000094	4	bike	966	438	1248	632	0
000094	6	car	236	155	448	273	0
000094	7	car	0	252	185	412	0
000094	8	car	496	127	611	192	0
000094	9	car	617	78	714	143	0
000094	15	car	240	274	509	444	0
000094	16	person	244	400	409	586	0
000094	17	person	166	354	268	547	0
000094	18	motorbike	316	449	521	609	0
000094	19	motorbike	209	415	356	587	0
000095	1	person	876	178	924	228	1
000095	2	car	1029	234	1230	454	0
000095	3	motorbike	999	150	1132	240	0
000095	4	bike	966	438	1248	632	0
000095	6	car	236	155	448	273	0
000095	7	car	0	252	185	412	0
000095	8	car	496	127	611	192	0
000095	9	car	617	78	714	143	0
000095	15	car	244	273	511	441	0
000095	16	person	246	405	411	582	0
000095	17	person	187	346	289	539	0
000095	18	motorbike	333	446	530	606	0
000095	19	motorbike	244	398	384	571	0
000096	1	person	876	178	924	228	1
000096	2	car	1029	234	1230	454	0
000096	3	motorbike	999	150	1132	240	0
000096	4	bike	966	438	1248	632	0
000096	6	car	236	155	448	273	0
000096	7	car	0	252	185	412	0
000096	8	car	496	127	611	192	0
000096	9	car	617	78	714	143	0
000096	15	car	248	272	513	437	0
000096	16	person	248	409	413	578	0
000096	17	person	207	338	309	531	0
000096	18	motorbike	349	443	539	602	0
000096	19	motorbike	278	381	412	554	0
000097	1	person	876	178	924	228	1
000097	2	car	1029	234	1230	454	0
000097	3	motorbike	999	150	1132	240	0
000097	4	bike	966	438	1248	632	0
000097	6	car	236	155	448	273	0
000097	7	car	0	252	185	412	0
000097	8	car	496	127	611	192	0
000097	9	car	617	78	714	143	0
000097	15	car	252	271	515	434	0
000097	16	person	250	413	415	575	0
000097	17	person	228	330	330	523	0
000097	18	motorbike	366	440	549	599	0
000097	19	motorbike	313	365	439	537	0
000098	1	person	876	178	924	228	1
000098	2	car	1029	234	1230	454	0
000098	3	motorbike	999	150	1132	240	0
000098	4	bike	966	438	1248	632	0
000098	6	car	236	155	448	273	0
000098	7	car	0	252	185	412	0
000098	8	car	496	127	611	192	0
000098	9	car	617	78	714	143	0
000098	15	car	256	270	517	431	0
000098	16	person	252	418	417	571	0
000098	17	person	249	322	351	515	0
000098	18	motorbike	383	437	558	596	0
000098	19	motorbike	348	348	467	520	0
000099	1	person	876	178	924	228	1
000099	2	car	1029	234	1230	454	0
000099	3	motorbike	999	150	1132	240	0
000099	4	bike	966	438	1248	632	0
000099	6	car	236	155	448	273	0
000099	7	car	0	252	185	412	0
000099	8	car	496	127	611	192	0
000099	9	car	617	78	714	143	0
000099	15	car	260	269	519	428	0
000099	16	person	254	422	419	567	0
000099	17	person	270	314	372	507	0
000099	18	motorbike	400	434	567	593	0
000099	19	motorbike	383	331	495	503	0
000100	1	person	876	178	924	228	1
000100	2	car	1029	234	1230	454	0
000100	3	motorbike	999	150	1132	240	0
000100	4	bike	966	438	1248	632	0
000100	6	car	236	155	448	273	0
000100	7	car	0	252	185	412	0
000100	8	car	496	127	611	192	0
000100	9	car	617	78	714	143	0
000100	15	car	264	268	521	425	0
000100	16	person	257	427	421	564	0
000100	17	person	291	307	393	500	0
000100	18	motorbike	417	431	577	590	0
000100	19	motorbike	418	315	523	487	0
