000001	1	motorbike	155	267	535	712	1
000001	2	person	262	121	492	611	1
000001	3	car	330	206	713	372	1
000001	4	car	12	176	303	367	0
000001	7	car	615	193	765	333	0
000002	1	motorbike	160	266	540	711	1
000002	2	person	266	120	496	610	1
000002	3	car	326	204	713	372	1
000002	4	car	12	176	303	367	0
000002	7	car	615	192	765	332	0
000003	1	motorbike	165	265	545	710	1
000003	2	person	271	119	501	609	1
000003	3	car	323	203	714	373	1
000003	4	car	12	176	303	367	0
000003	7	car	616	191	766	331	0
000004	1	motorbike	170	264	550	709	1
000004	2	person	275	118	505	608	1
000004	3	car	320	202	715	373	1
000004	4	car	12	176	303	367	0
000004	7	car	617	191	767	331	0
000005	1	motorbike	175	264	555	709	1
000005	2	person	280	117	510	607	1
000005	3	car	317	200	716	374	1
000005	4	car	12	176	303	367	0
000005	7	car	618	190	768	330	0
000006	1	motorbike	180	263	560	708	1
000006	2	person	284	116	514	606	1
000006	3	car	314	199	717	374	1
000006	4	car	12	176	303	367	0
000006	7	car	619	190	769	330	0
000007	1	motorbike	185	262	565	707	1
000007	2	person	289	115	519	605	1
000007	3	car	311	198	717	375	1
000007	4	car	12	176	303	367	0
000007	7	car	620	189	770	329	0
000008	1	motorbike	191	261	571	706	1
000008	2	person	293	114	523	604	1
000008	3	car	308	196	718	375	1
000008	4	car	12	176	303	367	0
000008	7	car	620	188	770	328	0
000009	1	motorbike	196	261	576	706	1
000009	2	person	298	113	528	603	1
000009	3	car	305	195	719	376	1
000009	4	car	8	175	298	366	0
000009	7	car	621	188	771	328	0
000010	1	motorbike	201	260	581	705	1
000010	2	person	302	113	532	603	1
000010	3	car	302	194	720	376	1
000010	4	car	4	174	293	365	0
000010	7	car	622	187	772	327	0
000011	1	motorbike	206	259	586	704	1
000011	2	person	307	112	537	602	1
000011	3	car	299	192	721	377	1
000011	4	car	0	174	288	365	0
000011	7	car	623	187	773	327	0
000012	1	motorbike	211	259	591	704	1
000012	2	person	311	111	541	601	1
000012	3	car	296	191	722	378	1
000012	4	car	0	169	287	365	0
000012	7	car	624	186	774	326	0
000013	1	motorbike	216	258	596	703	1
000013	2	person	316	110	546	600	1
000013	3	car	293	190	722	378	1
000013	4	car	0	165	287	365	0
000013	7	car	625	186	775	326	0
000014	1	motorbike	222	257	602	702	1
000014	2	person	320	109	550	599	1
000014	3	car	290	189	723	379	1
000014	4	car	0	161	287	365	0
000014	7	car	626	185	776	325	0
000015	1	motorbike	227	256	607	701	1
000015	2	person	325	108	555	598	1
000015	3	car	287	187	724	379	1
000015	4	car	0	157	287	365	0
000015	7	car	626	184	776	324	0
000016	1	motorbike	232	256	612	701	1
000016	2	person	329	107	559	597	1
000016	3	car	284	186	725	380	1
000016	4	car	0	153	287	365	0
000016	7	car	627	184	777	324	0
000017	1	motorbike	237	255	617	700	1
000017	2	person	334	106	564	596	1
000017	3	car	281	185	726	380	1
000017	4	car	0	148	287	365	0
000017	7	car	628	183	778	323	0
000018	1	motorbike	242	254	622	699	1
000018	2	person	338	106	568	596	1
000018	3	car	277	183	726	381	1
000018	4	car	0	144	287	365	0
000018	7	car	629	183	779	323	0
000019	1	motorbike	247	254	627	699	1
000019	2	person	343	105	573	595	1
000019	3	car	274	182	727	381	1
000019	4	car	0	140	287	365	0
000019	7	car	630	182	780	322	0
000020	1	motorbike	253	253	633	698	1
000020	2	person	347	104	577	594	1
000020	3	car	271	181	728	382	1
000020	4	car	0	136	287	365	0
000020	7	car	631	182	781	322	0
000021	1	motorbike	258	252	638	697	1
000021	2	person	352	103	582	593	1
000021	3	car	268	179	729	382	1
000021	4	car	0	132	287	365	0
000021	7	car	631	181	781	321	0
000022	1	motorbike	263	251	643	696	1
000022	2	person	356	102	586	592	1
000022	3	car	265	178	730	383	1
000022	4	car	0	132	283	364	0
000022	7	car	632	180	782	320	0
000023	1	motorbike	268	251	648	696	1
000023	2	person	361	101	591	591	1
000023	3	car	262	177	731	384	1
000023	4	car	0	132	280	364	0
000023	7	car	633	180	783	320	0
000024	1	motorbike	273	250	653	695	1
000024	2	person	365	100	595	590	1
000024	3	car	259	176	731	384	1
000024	4	car	0	132	277	364	0
000024	7	car	634	179	784	319	0
000025	1	motorbike	278	249	658	694	1
000025	2	person	370	99	600	589	1
000025	3	car	256	174	732	385	1
000025	4	car	0	132	274	364	0
000025	7	car	635	179	785	319	0
000026	1	motorbike	284	249	664	694	1
000026	2	person	375	99	605	589	1
000026	3	car	253	173	733	385	1
000026	4	car	0	132	271	364	0
000026	7	car	636	178	786	318	0
000027	1	motorbike	295	246	673	691	1
000027	2	person	385	97	613	584	1
000027	3	car	250	172	734	386	1
000027	4	car	0	132	267	364	0
000027	7	car	637	178	787	318	0
000028	1	motorbike	307	244	682	689	1
000028	2	person	396	96	621	580	1
000028	3	car	247	170	735	386	1
000028	4	car	0	132	264	364	0
000028	7	car	637	177	787	317	0
000029	1	motorbike	319	241	691	686	1
000029	2	person	407	94	629	576	1
000029	3	car	244	169	735	387	1
000029	4	car	0	132	261	364	0
000029	7	car	638	176	788	316	0
000030	1	motorbike	330	239	700	684	1
000030	2	person	418	93	637	572	1
000030	3	car	241	168	736	387	1
000030	4	car	0	132	258	364	0
000030	7	car	639	176	789	316	0
000031	1	motorbike	342	237	709	681	1
000031	2	person	429	91	645	567	1
000031	3	car	238	166	737	388	1
000031	4	car	0	132	255	364	0
000031	7	car	640	175	790	315	0
000032	1	motorbike	354	234	718	679	1
000032	2	person	440	90	653	563	1
000032	3	car	235	165	738	388	1
000032	4	car	0	132	251	364	0
000032	7	car	641	175	791	315	0
000033	1	motorbike	366	232	727	677	1
000033	2	person	451	89	662	559	1
000033	3	car	232	164	739	389	1
000033	4	car	0	132	248	364	0
000033	7	car	642	174	792	314	0
000034	1	motorbike	377	230	736	674	1
000034	2	person	461	87	670	555	1
000034	3	car	229	163	740	390	1
000034	4	car	0	132	245	364	0
000034	6	car	1178	225	1278	304	0
000034	7	car	643	174	793	314	0
000035	1	motorbike	389	227	745	672	1
000035	2	person	472	86	678	551	1
000035	3	car	229	160	739	390	1
000035	4	car	0	132	242	364	0
000035	6	car	1178	225	1278	304	0
000035	7	car	644	168	794	308	0
000036	1	motorbike	401	225	754	669	1
000036	2	person	483	84	686	546	1
000036	3	car	229	157	739	390	1
000036	4	car	0	132	239	364	0
000036	6	car	1178	226	1278	305	0
000036	7	car	645	163	795	303	0
000037	1	motorbike	412	223	763	667	1
000037	2	person	494	83	694	542	1
000037	3	car	229	154	739	390	1
000037	4	car	0	132	236	364	0
000037	6	car	1178	227	1278	306	0
000037	7	car	646	157	796	297	0
000038	1	motorbike	424	220	772	664	1
000038	2	person	505	81	702	538	1
000038	3	car	229	151	739	390	1
000038	4	car	0	132	232	364	0
000038	6	car	1179	228	1278	307	0
000038	7	car	647	152	797	292	0
000039	1	motorbike	436	218	781	662	1
000039	2	person	516	80	710	534	1
000039	3	car	229	149	739	390	1
000039	4	car	0	132	229	364	0
000039	6	car	1179	229	1278	308	0
000039	7	car	648	146	798	286	0
000040	1	motorbike	448	216	791	660	1
000040	2	person	527	79	719	530	1
000040	3	car	229	140	726	389	1
000040	4	car	0	132	226	364	0
000040	6	car	1179	230	1278	309	0
000041	1	motorbike	460	214	794	650	1
000041	2	person	538	79	726	520	1
000041	3	car	229	131	713	389	1
000041	4	car	0	132	223	364	0
000041	6	car	1179	231	1278	310	0
000042	1	motorbike	473	213	797	641	1
000042	2	person	550	79	733	510	1
000042	3	car	229	122	701	389	1
000042	4	car	0	132	220	364	0
000042	6	car	1180	232	1278	311	0
000043	1	motorbike	486	211	800	632	1
000043	2	person	561	79	740	500	1
000043	3	car	220	122	700	394	1
000043	4	car	0	132	216	364	0
000043	6	car	1180	233	1278	312	0
000044	1	motorbike	499	210	803	622	1
000044	2	person	573	80	747	490	1
000044	3	car	211	122	700	399	1
000044	4	car	0	132	213	364	0
000044	6	car	1180	233	1278	312	0
000045	1	motorbike	512	208	806	613	1
000045	2	person	584	80	754	480	1
000045	3	car	202	122	700	405	1
000045	4	car	0	132	210	364	0
000045	6	car	1180	234	1278	313	0
000046	1	motorbike	525	207	809	604	1
000046	2	person	596	80	761	470	1
000046	3	car	194	122	700	410	1
000046	4	car	0	132	207	364	0
000046	6	car	1181	235	1278	314	0
000047	1	motorbike	538	206	813	595	1
000047	2	person	608	81	769	461	1
000047	3	car	185	122	700	416	1
000047	4	car	0	132	204	364	0
000047	6	car	1181	236	1278	315	0
000048	1	motorbike	555	206	821	587	1
000048	2	person	619	87	780	460	1
000048	3	car	176	122	700	421	1
000048	6	car	1181	237	1278	316	0
000049	1	motorbike	573	206	830	579	1
000049	2	person	630	94	791	459	1
000049	3	car	168	122	700	427	1
000049	6	car	1181	238	1278	317	0
000050	1	motorbike	591	206	839	572	1
000050	2	person	642	101	802	459	1
000050	3	car	171	123	709	432	1
000050	6	car	1182	239	1278	318	0
000050	7	car	606	165	756	305	0
000051	1	motorbike	609	206	848	564	1
000051	2	person	653	108	813	458	1
000051	3	car	174	124	718	437	1
000051	6	car	1182	240	1278	319	0
000051	7	car	606	156	756	295	0
000052	1	motorbike	627	206	857	557	1
000052	2	person	665	115	825	458	1
000052	3	car	177	126	727	442	1
000052	6	car	1182	241	1278	320	0
000052	7	car	607	148	757	285	0
000053	1	motorbike	642	202	867	544	1
000053	2	person	676	114	836	443	1
000053	3	car	180	127	736	447	1
000053	6	car	1182	242	1278	321	0
000053	7	car	608	140	757	275	0
000054	1	motorbike	658	198	878	531	1
000054	2	person	687	114	847	429	1
000054	3	car	183	129	745	452	1
000054	6	car	1183	242	1278	321	0
000055	1	motorbike	673	194	888	518	1
000055	2	person	698	114	858	414	1
000055	3	car	186	130	754	457	1
000055	6	car	1183	243	1278	322	0
000056	1	motorbike	689	191	899	506	1
000056	2	person	710	114	869	400	1
000056	3	car	189	132	764	463	1
000056	6	car	1183	244	1278	323	0
000057	1	motorbike	698	193	908	508	1
000057	2	person	723	118	882	404	1
000057	3	car	189	132	772	462	1
000057	6	car	1183	245	1278	324	0
000058	1	motorbike	708	196	918	511	1
000058	2	person	736	122	895	408	1
000058	3	car	189	132	780	462	1
000058	6	car	1184	246	1278	325	0
000059	1	motorbike	718	199	928	514	1
000059	2	person	749	126	908	412	1
000059	3	car	189	132	788	462	1
000059	6	car	1184	247	1278	326	0
000060	1	motorbike	728	202	938	517	1
000060	2	person	763	130	922	416	1
000060	3	car	189	132	797	462	1
000060	6	car	1184	248	1278	327	0
000061	1	motorbike	743	209	943	513	1
000061	2	person	775	134	928	412	1
000061	3	car	191	139	805	472	1
000061	6	car	1184	249	1278	328	0
000062	1	motorbike	758	216	948	510	1
000062	2	person	788	138	934	409	1
000062	3	car	193	146	814	482	1
000062	6	car	1185	250	1278	329	0
000063	1	motorbike	773	224	954	506	1
000063	2	person	800	143	940	406	1
000063	3	car	196	154	822	493	1
000063	6	car	1185	251	1278	330	0
000064	1	motorbike	788	231	959	503	1
000064	2	person	813	147	946	403	1
000064	3	car	198	161	831	503	1
000064	6	car	1185	251	1278	330	0
000065	1	motorbike	803	238	964	499	1
000065	2	person	825	151	952	400	1
000065	3	car	200	168	839	513	1
000065	6	car	1185	252	1278	331	0
000066	1	motorbike	819	246	970	496	1
000066	2	person	838	156	958	397	1
000066	3	car	203	176	848	524	1
000066	6	car	1186	253	1278	332	0
000067	1	motorbike	822	246	973	496	1
000067	2	person	841	159	961	394	1
000067	3	car	207	176	852	524	1
000067	6	car	1186	254	1278	333	0
000068	1	motorbike	826	246	977	496	1
000068	2	person	844	162	964	392	1
000068	3	car	211	176	856	524	1
000068	6	car	1186	255	1278	334	0
000069	1	motorbike	830	246	981	496	1
000069	2	person	847	165	967	390	1
000069	3	car	216	176	861	524	1
000069	5	car	306	78	493	236	0
000069	6	car	1186	256	1278	335	0
000070	1	motorbike	834	246	985	496	1
000070	2	person	851	168	970	387	1
000070	3	car	220	177	865	525	1
000070	5	car	296	82	488	240	0
000070	6	car	1187	257	1278	336	0
000071	1	motorbike	837	246	988	496	1
000071	2	person	854	171	973	385	1
000071	3	car	224	177	869	525	1
000071	5	car	286	87	483	245	0
000071	6	car	1187	258	1278	337	0
000072	1	motorbike	841	246	992	496	1
000072	2	person	857	175	977	383	1
000072	3	car	229	177	874	525	1
000072	5	car	277	92	479	249	0
000072	6	car	1187	259	1278	338	0
000073	1	motorbike	845	246	996	496	1
000073	2	person	860	178	980	380	1
000073	3	car	233	177	878	525	1
000073	5	car	267	97	474	254	0
000073	6	car	1188	260	1279	339	0
000074	1	motorbike	849	246	1000	496	1
000074	2	person	864	181	983	378	1
000074	3	car	238	178	883	526	1
000074	5	car	258	102	470	259	0
000074	6	car	1186	261	1278	342	0
000075	1	motorbike	852	250	1003	481	1
000075	2	person	867	184	986	376	1
000075	3	car	237	180	882	529	1
000075	5	car	253	107	465	264	0
000075	6	car	1184	263	1278	346	0
000076	1	motorbike	856	254	1006	467	1
000076	2	person	870	187	989	373	1
000076	3	car	236	182	881	532	1
000076	5	car	249	113	461	270	0
000076	6	car	1182	265	1278	349	0
000077	1	motorbike	859	258	1009	452	1
000077	2	person	873	190	992	371	1
000077	3	car	236	184	881	535	1
000077	5	car	244	119	456	276	0
000077	6	car	1180	267	1278	353	0
000078	1	motorbike	863	262	1013	438	1
000078	2	person	877	194	996	369	1
000078	3	car	235	187	880	539	1
000078	5	car	240	124	452	281	0
000078	6	car	1178	269	1278	356	0
000079	1	motorbike	862	266	1012	442	1
000079	2	person	876	196	995	371	1
000079	3	car	235	189	879	542	1
000079	5	car	235	130	447	287	0
000079	6	car	1176	271	1278	360	0
000080	1	motorbike	861	270	1011	446	1
000080	2	person	875	199	994	374	1
000080	3	car	234	191	879	545	1
000080	5	car	231	136	443	293	0
000080	6	car	1174	273	1278	363	0
000081	1	motorbike	860	274	1010	450	1
000081	2	person	874	201	993	376	1
000081	3	car	233	193	878	548	1
000081	5	car	221	139	433	299	0
000081	6	car	1172	274	1277	367	0
000082	1	motorbike	859	278	1009	454	1
000082	2	person	873	204	992	379	1
000082	3	car	233	196	878	552	1
000082	5	car	211	142	423	306	0
000082	6	car	1170	276	1277	370	0
000083	1	motorbike	858	282	1008	458	1
000083	2	person	872	206	991	381	1
000083	3	car	232	198	877	555	1
000083	5	car	202	145	413	312	0
000083	6	car	1168	278	1277	374	0
000084	1	motorbike	857	286	1007	462	1
000084	2	person	871	209	990	384	1
000084	3	car	232	200	876	558	1
000084	5	car	192	148	403	319	0
000084	6	car	1166	280	1277	377	0
000085	1	motorbike	856	290	1006	466	1
000085	2	person	870	212	989	387	1
000085	3	car	231	202	876	561	1
000085	5	car	182	151	393	325	0
000085	6	car	1164	282	1277	381	0
000086	1	motorbike	855	294	1005	470	1
000086	2	person	869	214	988	389	1
000086	3	car	231	205	875	565	1
000086	5	car	173	155	384	332	0
000086	6	car	1162	284	1277	384	0
000087	1	motorbike	854	298	1004	474	1
000087	2	person	868	217	987	392	1
000087	3	car	230	207	874	568	1
000087	5	car	167	153	378	330	0
000087	6	car	1160	286	1277	388	0
000088	1	motorbike	853	302	1003	478	1
000088	2	person	867	219	986	394	1
000088	3	car	229	209	874	571	1
000088	5	car	161	152	372	329	0
000088	6	car	1158	288	1277	391	0
000089	1	motorbike	852	306	1002	482	1
000089	2	person	866	222	985	397	1
000089	3	car	229	211	873	574	1
000089	5	car	156	151	367	328	0
000089	6	car	1156	289	1276	395	0
000090	1	motorbike	852	310	1002	486	1
000090	2	person	865	225	984	400	1
000090	3	car	228	214	873	578	1
000090	5	car	150	150	361	327	0
000090	6	car	1154	291	1276	398	0
000091	1	motorbike	849	312	995	482	1
000091	2	person	862	227	976	398	1
000091	3	car	228	216	872	581	1
000091	5	car	144	149	355	326	0
000091	6	car	1152	293	1276	402	0
000092	1	motorbike	846	314	988	479	1
000092	2	person	859	230	969	397	1
000092	3	car	227	218	871	584	1
000092	5	car	139	148	350	325	0
000092	6	car	1150	295	1276	405	0
000093	1	motorbike	843	317	981	476	1
000093	2	person	856	232	962	396	1
000093	3	car	226	220	871	587	1
000093	5	car	133	146	344	323	0
000093	6	car	1148	297	1276	409	0
000094	1	motorbike	841	319	974	472	1
000094	2	person	853	235	955	394	1
000094	3	car	226	223	870	591	1
000094	5	car	127	145	338	322	0
000094	6	car	1146	299	1276	412	0
000095	1	motorbike	838	322	968	469	1
000095	2	person	850	238	948	393	1
000095	3	car	225	225	869	594	1
000095	5	car	122	144	333	321	0
000095	6	car	1144	301	1276	416	0
000096	1	motorbike	835	324	961	466	1
000096	2	person	847	240	940	392	1
000096	3	car	225	227	869	597	1
000096	5	car	116	143	327	320	0
000096	6	car	1143	303	1276	420	0
000097	1	motorbike	833	326	954	462	1
000097	2	person	844	243	933	390	1
000097	3	car	224	229	868	600	1
000097	5	car	110	142	321	319	0
000097	6	car	1127	302	1272	419	0
000098	1	motorbike	830	329	947	459	1
000098	2	person	841	245	926	389	1
000098	3	car	224	232	868	604	1
000098	5	car	105	141	316	318	0
000098	6	car	1111	302	1268	418	0
000099	1	motorbike	827	331	940	456	1
000099	2	person	838	248	919	388	1
000099	3	car	224	232	868	604	1
000099	5	car	105	141	316	318	0
000099	6	car	1095	301	1264	417	0
000100	1	motorbike	825	334	934	453	1
000100	2	person	836	251	912	387	1
000100	3	car	224	232	868	604	1
000100	5	car	105	141	316	318	0
000100	6	car	1080	301	1260	417	0
