000001	1	car	232	398	293	456	1
000001	2	car	357	391	424	440	0
000001	3	motorbike	474	398	526	467	0
000002	1	car	232	396	293	455	1
000002	2	car	359	389	426	439	0
000002	3	motorbike	476	396	528	465	0
000003	1	car	234	396	295	455	1
000003	2	car	360	389	428	439	0
000003	3	motorbike	478	394	529	464	0
000004	1	car	234	394	295	453	1
000004	2	car	362	389	430	439	0
000004	3	motorbike	480	392	531	462	0
000005	1	car	236	394	296	453	1
000005	2	car	364	389	432	439	0
000005	3	motorbike	483	391	535	460	0
000006	1	car	238	392	298	451	1
000006	2	car	366	387	433	437	0
000006	3	motorbike	485	389	536	458	0
000007	1	car	238	392	298	451	1
000007	2	car	368	387	435	437	0
000007	3	motorbike	487	387	538	456	0
000008	1	car	240	391	300	449	1
000008	2	car	369	387	437	437	0
000008	3	motorbike	488	385	540	455	0
000009	1	car	241	391	302	449	1
000009	2	car	373	387	440	437	0
000009	3	motorbike	492	384	544	453	0
000010	1	car	241	391	304	449	1
000010	2	car	375	387	440	435	0
000010	3	motorbike	494	384	544	451	0
000011	1	car	241	391	305	449	1
000011	2	car	376	387	442	435	0
000011	3	motorbike	496	384	545	451	0
000012	1	car	241	391	309	449	1
000012	2	car	378	387	444	435	0
000012	3	motorbike	497	384	545	451	0
000013	1	car	243	391	311	449	1
000013	2	car	382	387	444	435	0
000013	3	motorbike	499	385	547	451	0
000014	1	car	243	391	314	449	1
000014	2	car	384	387	446	435	0
000014	3	motorbike	501	385	549	449	0
000015	1	car	243	392	316	449	1
000015	2	car	385	389	448	433	0
000015	3	motorbike	503	385	549	449	0
000016	1	car	245	392	320	449	1
000016	2	car	389	389	448	433	0
000016	3	motorbike	504	385	551	449	0
000017	1	car	245	392	321	451	1
000017	2	car	391	389	449	433	0
000017	3	motorbike	508	387	552	449	0
000018	1	car	245	392	323	451	1
000018	2	car	392	389	451	433	0
000018	3	motorbike	510	387	552	448	0
000019	1	car	247	392	327	451	1
000019	2	car	396	389	451	433	0
000019	3	motorbike	512	387	554	448	0
000020	1	car	247	394	328	451	1
000020	2	car	398	391	453	432	0
000020	3	motorbike	513	387	554	448	0
000021	1	car	247	394	332	451	1
000021	2	car	400	391	455	432	0
000021	3	motorbike	515	389	556	448	0
000022	1	car	248	394	334	451	1
000022	2	car	403	391	455	432	0
000022	3	motorbike	517	389	558	446	0
000023	1	car	248	394	337	451	1
000023	2	car	405	391	456	432	0
000023	3	motorbike	519	389	558	446	0
000024	1	car	248	394	339	451	1
000024	2	car	407	391	458	432	0
000024	3	motorbike	520	389	560	446	0
000025	1	car	250	396	343	453	1
000025	2	car	410	392	460	432	0
000025	3	motorbike	524	391	561	446	0
000026	1	car	254	394	346	451	1
000026	2	car	412	391	462	430	0
000026	3	motorbike	524	389	561	444	0
000027	1	car	257	394	350	451	1
000027	2	car	414	391	464	430	0
000027	3	motorbike	526	389	563	444	0
000027	4	motorbike	37	389	145	565	1
000028	1	car	261	394	353	451	1
000028	2	car	416	391	465	430	0
000028	3	motorbike	528	389	565	444	0
000028	4	motorbike	62	389	167	558	1
000029	1	car	264	394	357	451	1
000029	2	car	417	391	467	430	0
000029	3	motorbike	529	389	567	444	0
000029	4	motorbike	87	389	188	552	1
000030	1	car	268	394	360	451	1
000030	2	car	419	391	469	430	0
000030	3	motorbike	531	389	568	444	0
000030	4	motorbike	112	389	209	545	1
000031	1	car	272	394	364	451	1
000031	2	car	421	391	471	430	0
000031	3	motorbike	533	389	570	444	0
000031	4	motorbike	136	389	231	540	1
000032	1	car	275	394	368	451	1
000032	2	car	423	391	472	430	0
000032	3	motorbike	535	389	572	444	0
000032	4	motorbike	163	391	252	533	1
000033	1	car	279	394	371	451	1
000033	2	car	424	391	474	430	0
000033	3	motorbike	536	389	574	444	0
000033	4	motorbike	188	391	273	528	1
000034	1	car	282	394	375	451	1
000034	2	car	426	391	476	430	0
000034	3	motorbike	538	389	576	444	0
000034	4	motorbike	213	391	295	520	1
000035	1	car	286	394	378	451	1
000035	2	car	428	391	478	430	0
000035	3	motorbike	540	389	577	444	0
000035	4	motorbike	238	391	316	515	1
000036	1	car	289	394	382	451	1
000036	3	motorbike	542	389	579	444	0
000036	4	motorbike	264	392	339	510	1
000037	1	car	291	394	385	449	1
000037	3	motorbike	542	389	579	442	0
000037	4	motorbike	280	391	352	503	1
000038	1	car	293	394	391	449	1
000038	3	motorbike	544	389	579	440	0
000038	4	motorbike	298	389	364	497	1
000039	1	car	295	394	394	449	1
000039	3	motorbike	545	389	579	440	0
000039	4	motorbike	316	387	376	492	1
000040	1	car	296	394	400	448	1
000040	3	motorbike	547	389	579	439	0
000040	4	motorbike	334	385	389	487	1
000041	1	car	298	394	403	448	1
000041	3	motorbike	549	389	579	437	0
000041	4	motorbike	352	384	401	481	1
000042	1	car	300	394	408	448	1
000042	3	motorbike	551	389	579	437	0
000042	4	motorbike	369	382	416	476	1
000043	1	car	304	394	412	448	1
000043	3	motorbike	551	389	579	435	0
000043	4	motorbike	376	382	421	474	1
000044	1	car	309	394	417	448	1
000044	3	motorbike	552	391	581	435	0
000044	4	motorbike	384	384	428	472	1
000045	1	car	314	394	423	448	1
000045	3	motorbike	554	391	581	435	0
000045	4	motorbike	391	384	435	472	1
000046	1	car	320	394	428	448	1
000046	3	motorbike	554	392	583	433	0
000046	4	motorbike	398	385	442	471	1
000047	1	car	325	394	433	448	1
000047	3	motorbike	556	394	584	433	0
000047	4	motorbike	405	387	449	469	1
000048	1	car	328	394	437	448	1
000048	3	motorbike	558	394	584	433	0
000048	4	motorbike	412	387	456	469	1
000049	1	car	334	394	442	448	1
000049	3	motorbike	560	396	586	433	0
000049	4	motorbike	419	389	464	467	1
000050	1	car	339	394	448	448	1
000050	3	motorbike	560	398	588	432	0
000050	4	motorbike	426	391	471	465	1
000051	1	car	344	394	453	448	1
000051	3	motorbike	561	398	588	432	0
000051	4	motorbike	433	391	478	465	1
000052	1	car	350	394	458	448	1
000052	3	motorbike	563	400	590	432	0
000052	4	motorbike	440	392	485	464	1
000053	1	car	355	394	464	448	1
000053	3	motorbike	565	401	592	432	0
000053	4	motorbike	448	394	492	464	1
000054	1	car	359	392	467	446	1
000054	3	motorbike	565	401	592	432	0
000054	4	motorbike	453	392	496	462	1
000055	1	car	364	392	472	446	1
000055	3	motorbike	565	401	592	432	0
000055	4	motorbike	458	392	501	462	1
000056	1	car	369	392	478	446	1
000056	3	motorbike	565	401	592	432	0
000056	4	motorbike	464	391	506	460	1
000057	1	car	375	392	483	446	1
000057	3	motorbike	565	401	592	432	0
000057	4	motorbike	469	391	512	460	1
000058	1	car	380	391	488	444	1
000058	3	motorbike	565	401	592	432	0
000058	4	motorbike	474	389	517	458	1
000059	1	car	385	391	494	444	1
000059	3	motorbike	565	401	592	432	0
000059	4	motorbike	480	389	522	458	1
000060	1	car	391	391	499	444	1
000060	3	motorbike	565	401	592	432	0
000060	4	motorbike	485	389	528	458	1
000061	1	car	396	391	504	444	1
000061	3	motorbike	565	401	592	432	0
000061	4	motorbike	490	387	533	456	1
000062	1	car	401	389	510	442	1
000062	3	motorbike	565	401	592	432	0
000062	4	motorbike	496	387	538	456	1
000063	1	car	407	389	515	442	1
000063	3	motorbike	565	401	592	432	0
000063	4	motorbike	501	385	544	455	1
000064	1	car	412	389	520	442	1
000064	3	motorbike	565	401	592	432	0
000064	4	motorbike	506	385	549	455	1
000065	1	car	417	389	526	442	1
000065	4	motorbike	512	385	554	455	1
000066	1	car	421	389	529	442	1
000066	4	motorbike	515	384	558	453	1
000067	1	car	424	389	533	442	1
000067	4	motorbike	519	384	561	453	1
000068	1	car	428	389	536	442	1
000068	4	motorbike	522	384	565	453	1
000069	1	car	432	389	540	442	1
000069	4	motorbike	528	384	570	453	1
000070	1	car	435	389	544	442	1
000070	4	motorbike	531	384	574	453	1
000071	1	car	439	389	547	442	1
000071	4	motorbike	535	384	577	453	1
000071	5	motorbike	37	391	158	570	0
000072	1	car	444	391	552	444	1
000072	4	motorbike	540	384	583	453	1
000072	5	motorbike	55	389	172	563	0
000073	1	car	442	391	549	444	1
000073	4	motorbike	544	384	586	451	1
000073	5	motorbike	72	389	186	558	0
000074	1	car	440	391	547	444	1
000074	4	motorbike	549	384	590	451	1
000074	5	motorbike	92	389	200	552	0
000075	1	car	439	391	545	444	1
000075	4	motorbike	552	384	595	449	1
000075	5	motorbike	110	389	215	545	0
000076	1	car	437	391	544	444	1
000076	4	motorbike	558	385	599	449	1
000076	5	motorbike	128	389	229	540	0
000077	1	car	437	391	542	444	1
000077	4	motorbike	561	385	604	448	1
000077	5	motorbike	147	389	243	535	0
000078	1	car	435	389	545	442	1
000078	4	motorbike	567	385	608	448	1
000078	5	motorbike	165	389	257	529	0
000079	1	car	433	389	551	442	1
000079	4	motorbike	570	385	613	446	1
000079	5	motorbike	183	389	272	522	0
000080	1	car	433	389	554	442	1
000080	4	motorbike	576	387	616	446	1
000080	5	motorbike	202	389	286	517	0
000081	1	car	432	387	560	440	1
000081	4	motorbike	579	387	622	444	1
000081	5	motorbike	220	389	300	512	0
000082	1	car	432	387	563	440	1
000082	4	motorbike	584	387	625	444	1
000082	5	motorbike	240	389	316	506	0
000083	1	car	430	387	568	440	1
000083	4	motorbike	590	389	631	444	1
000083	5	motorbike	243	387	320	504	0
000084	1	car	430	387	574	440	1
000084	4	motorbike	592	389	632	444	1
000084	5	motorbike	248	387	325	504	0
000085	1	car	430	387	572	440	1
000085	4	motorbike	593	391	634	444	1
000085	5	motorbike	254	385	330	503	0
000086	1	car	430	387	570	440	1
000086	4	motorbike	595	391	636	444	1
000086	5	motorbike	259	385	336	503	0
000087	1	car	430	387	568	440	1
000087	4	motorbike	597	392	638	444	1
000087	5	motorbike	264	384	341	501	0
000087	6	motorbike	65	366	195	576	0
000088	1	car	430	387	567	440	1
000088	4	motorbike	599	392	640	444	1
000088	5	motorbike	268	384	344	501	0
000088	6	motorbike	88	369	211	572	0
000089	1	car	432	387	567	442	1
000089	4	motorbike	600	394	641	444	1
000089	5	motorbike	273	382	350	499	0
000089	6	motorbike	113	373	229	568	0
000090	1	car	432	387	565	442	1
000090	4	motorbike	602	396	643	444	1
000090	5	motorbike	279	382	355	499	0
000090	6	motorbike	138	376	247	565	0
000091	1	car	432	387	563	442	1
000091	4	motorbike	604	396	645	444	1
000091	5	motorbike	284	380	360	497	0
000091	6	motorbike	163	380	264	561	0
000092	1	car	432	387	561	442	1
000092	4	motorbike	608	398	647	444	1
000092	5	motorbike	289	380	366	497	0
000092	6	motorbike	188	384	282	560	0
000093	1	car	433	389	561	444	1
000093	4	motorbike	609	398	648	444	1
000093	5	motorbike	296	380	368	492	0
000093	6	motorbike	200	382	291	554	0
000094	1	car	435	389	561	444	1
000094	4	motorbike	611	400	650	444	1
000094	5	motorbike	304	382	369	488	0
000094	6	motorbike	213	382	302	549	0
000095	1	car	437	389	561	444	1
000095	4	motorbike	613	401	652	444	1
000095	5	motorbike	311	384	373	485	0
000095	6	motorbike	227	382	311	544	0
000096	1	car	439	389	561	444	1
000096	4	motorbike	615	401	654	444	1
000096	5	motorbike	318	385	375	481	0
000096	6	motorbike	240	380	321	538	0
000097	1	car	440	389	561	444	1
000097	4	motorbike	616	403	656	444	1
000097	5	motorbike	325	387	376	478	0
000097	6	motorbike	252	380	330	533	0
000098	1	car	442	389	561	444	1
000098	4	motorbike	618	403	657	444	1
000098	5	motorbike	332	389	380	474	0
000098	6	motorbike	266	380	341	528	0
000099	1	car	444	389	561	444	1
000099	4	motorbike	620	405	659	444	1
000099	5	motorbike	332	389	380	474	0
000099	6	motorbike	266	380	341	528	0
000100	1	car	446	389	563	446	1
000100	4	motorbike	624	407	663	444	1
000100	5	motorbike	332	389	380	474	0
000100	6	motorbike	266	380	341	528	0
