000001	1	bike	775	407	828	428	0
000001	2	motorbike	833	407	876	430	1
000001	3	car	984	348	1223	494	0
000001	6	motorbike	894	412	938	439	0
000001	10	person	904	387	933	424	0
000001	11	car	307	376	396	421	0
000002	1	bike	775	405	830	428	0
000002	2	motorbike	832	405	876	430	1
000002	3	car	990	348	1228	494	0
000002	6	motorbike	896	410	940	437	0
000002	10	person	906	387	935	424	0
000002	11	car	302	375	391	419	0
000003	1	bike	776	405	832	428	0
000003	2	motorbike	832	403	876	430	1
000003	3	car	997	350	1235	496	0
000003	6	motorbike	897	410	942	437	0
000003	10	person	908	387	936	424	0
000003	11	car	298	373	387	417	0
000004	1	bike	778	405	833	430	0
000004	2	motorbike	830	401	876	430	1
000004	3	car	1004	350	1242	496	0
000004	6	motorbike	899	410	944	437	0
000004	10	person	910	387	938	424	0
000004	11	car	295	373	384	417	0
000005	1	bike	778	405	835	430	0
000005	2	motorbike	830	400	876	430	1
000005	3	car	1011	352	1249	497	0
000005	6	motorbike	901	410	945	437	0
000005	10	person	912	387	940	424	0
000005	11	car	288	371	378	416	0
000006	1	bike	780	403	837	430	0
000006	2	motorbike	830	398	876	430	1
000006	3	car	1018	352	1256	497	0
000006	6	motorbike	903	410	947	437	0
000006	10	person	915	387	944	424	0
000006	11	car	282	371	373	414	0
000007	1	bike	782	403	839	432	0
000007	2	motorbike	828	396	876	430	1
000007	3	car	1025	353	1264	499	0
000007	6	motorbike	904	410	949	437	0
000007	10	person	917	387	945	424	0
000007	11	car	275	369	369	414	0
000008	1	bike	782	403	842	432	0
000008	2	motorbike	828	394	876	430	1
000008	3	car	1034	353	1267	499	0
000008	4	car	526	378	561	412	1
000008	6	motorbike	906	410	951	437	0
000008	10	person	920	387	949	424	0
000008	11	car	270	369	364	412	0
000009	1	bike	784	403	844	432	0
000009	2	motorbike	828	394	876	430	1
000009	3	car	1045	353	1272	499	0
000009	4	car	524	378	560	412	1
000009	6	motorbike	908	410	952	437	0
000009	10	person	922	387	951	424	0
000009	11	car	264	369	360	412	0
000010	1	bike	785	403	846	433	0
000010	2	motorbike	826	392	876	430	1
000010	4	car	522	378	558	412	1
000010	6	motorbike	910	410	954	437	0
000010	10	person	926	387	954	424	0
000010	11	car	254	369	352	412	0
000011	1	bike	785	401	848	433	0
000011	2	motorbike	826	391	876	430	1
000011	4	car	520	378	556	412	1
000011	6	motorbike	913	410	958	437	0
000011	10	person	929	389	958	426	0
000011	11	car	243	369	344	412	0
000012	1	bike	787	401	849	433	0
000012	2	motorbike	824	389	876	430	1
000012	4	car	519	378	554	412	1
000012	6	motorbike	915	408	960	437	0
000012	10	person	931	389	960	426	0
000012	11	car	234	371	337	412	0
000013	1	bike	789	401	851	435	0
000013	2	motorbike	824	387	876	430	1
000013	4	car	519	378	554	412	1
000013	6	motorbike	917	408	961	437	0
000013	10	person	935	389	963	426	0
000013	11	car	224	371	330	412	0
000014	1	bike	791	401	853	435	0
000014	2	motorbike	824	385	876	430	1
000014	4	car	517	378	552	412	1
000014	6	motorbike	919	408	963	437	0
000014	10	person	938	389	967	426	0
000014	11	car	215	373	323	414	0
000015	1	bike	791	400	856	435	0
000015	2	motorbike	823	384	876	430	1
000015	4	car	515	378	551	412	1
000015	6	motorbike	922	408	965	437	0
000015	10	person	942	389	970	426	0
000015	11	car	204	371	314	414	0
000016	1	bike	792	400	858	437	0
000016	2	motorbike	823	382	876	430	1
000016	4	car	513	378	549	412	1
000016	6	motorbike	924	408	967	437	0
000016	10	person	944	387	972	424	0
000016	11	car	193	371	305	414	0
000017	1	bike	794	400	860	437	0
000017	2	motorbike	823	382	878	430	1
000017	4	car	513	378	549	412	1
000017	6	motorbike	928	408	970	437	0
000017	10	person	947	387	976	424	0
000017	11	car	183	369	298	414	0
000018	1	bike	794	400	862	437	0
000018	2	motorbike	821	380	878	430	1
000018	4	car	512	378	547	412	1
000018	6	motorbike	931	410	974	439	0
000018	10	person	949	387	977	424	0
000018	11	car	172	369	289	414	0
000019	1	bike	796	400	864	439	0
000019	2	motorbike	821	380	878	430	1
000019	4	car	510	378	545	412	1
000019	6	motorbike	935	410	977	439	0
000019	10	person	952	387	981	424	0
000019	11	car	161	369	280	414	0
000020	1	bike	798	398	865	439	0
000020	2	motorbike	821	380	878	430	1
000020	4	car	510	378	545	412	1
000020	6	motorbike	938	410	981	439	0
000020	10	person	954	387	983	424	0
000020	11	car	151	368	273	414	0
000021	1	bike	798	398	869	439	0
000021	2	motorbike	819	380	878	430	1
000021	4	car	508	378	544	412	1
000021	6	motorbike	942	412	984	440	0
000021	10	person	958	387	986	424	0
000021	11	car	140	368	264	414	0
000022	1	bike	800	398	871	440	0
000022	2	motorbike	819	380	878	430	1
000022	4	car	506	378	542	412	1
000022	6	motorbike	945	412	988	440	0
000022	10	person	960	387	988	424	0
000022	11	car	129	368	256	414	0
000023	1	bike	801	398	872	440	0
000023	2	motorbike	819	380	878	430	1
000023	4	car	506	378	542	412	1
000023	6	motorbike	949	414	992	442	0
000023	10	person	963	387	992	424	0
000023	11	car	119	366	248	414	0
000024	1	bike	803	398	874	442	0
000024	2	motorbike	817	380	878	432	1
000024	4	car	504	376	540	410	1
000024	6	motorbike	949	412	993	442	0
000024	10	person	965	385	993	423	0
000024	11	car	108	366	240	414	0
000025	1	bike	803	396	876	442	0
000025	2	motorbike	817	380	878	432	1
000025	4	car	503	376	538	410	1
000025	6	motorbike	951	412	997	442	0
000025	10	person	967	385	995	423	0
000025	11	car	99	366	232	416	0
000026	1	bike	805	396	878	442	0
000026	2	motorbike	817	380	878	432	1
000026	4	car	501	376	536	410	1
000026	6	motorbike	952	412	1000	442	0
000026	10	person	970	384	999	421	0
000026	11	car	87	366	220	416	0
000027	1	bike	807	396	880	444	0
000027	2	motorbike	816	380	878	432	1
000027	4	car	499	376	535	410	1
000027	6	motorbike	954	412	1004	442	0
000027	10	person	972	384	1000	421	0
000027	11	car	74	366	208	416	0
000028	1	bike	807	396	883	444	0
000028	2	motorbike	816	380	878	432	1
000028	4	car	497	376	533	410	1
000028	6	motorbike	956	412	1008	442	0
000028	10	person	974	382	1002	419	0
000028	11	car	64	368	197	417	0
000029	1	bike	808	394	885	444	0
000029	2	motorbike	816	380	878	432	1
000029	4	car	496	376	531	410	1
000029	6	motorbike	956	410	1009	444	0
000029	10	person	977	382	1006	419	0
000029	11	car	55	366	184	417	0
000030	1	bike	810	394	887	446	0
000030	2	motorbike	816	380	878	433	1
000030	4	car	494	375	529	408	1
000030	6	motorbike	958	410	1013	444	0
000030	10	person	979	380	1008	417	0
000030	11	car	48	364	172	417	0
000031	1	bike	810	394	888	446	0
000031	2	motorbike	812	380	874	433	1
000031	4	car	492	375	528	408	1
000031	6	motorbike	960	410	1016	444	0
000031	10	person	981	380	1009	417	0
000031	11	car	39	362	160	417	0
000032	1	bike	812	394	890	446	0
000032	2	motorbike	808	380	871	433	1
000032	4	car	490	375	526	408	1
000032	6	motorbike	961	410	1020	444	0
000032	10	person	984	378	1013	416	0
000032	11	car	32	362	147	419	0
000033	1	bike	814	394	892	448	0
000033	2	motorbike	805	380	867	433	1
000033	4	car	488	375	524	408	1
000033	6	motorbike	963	410	1024	444	0
000033	10	person	986	378	1015	416	0
000033	11	car	23	360	135	419	0
000033	14	motorbike	1079	392	1137	455	0
000033	15	motorbike	1153	400	1230	453	0
000034	1	bike	814	392	896	448	0
000034	2	motorbike	801	382	864	435	1
000034	4	car	487	375	522	408	1
000034	6	motorbike	965	410	1027	446	0
000034	10	person	990	378	1018	416	0
000034	11	car	16	359	122	419	0
000034	14	motorbike	1082	392	1141	455	0
000034	15	motorbike	1159	400	1235	453	0
000035	1	bike	816	392	897	448	0
000035	2	motorbike	798	382	860	435	1
000035	4	car	487	375	522	408	1
000035	6	motorbike	968	408	1031	444	0
000035	10	person	993	378	1022	416	0
000035	11	car	7	357	110	419	0
000035	14	motorbike	1088	392	1146	455	0
000035	15	motorbike	1164	400	1240	453	0
000036	1	bike	817	392	899	449	0
000036	2	motorbike	794	382	856	435	1
000036	4	car	485	373	520	408	1
000036	6	motorbike	974	408	1036	444	0
000036	10	person	999	378	1027	416	0
000036	14	motorbike	1091	392	1150	455	0
000036	15	motorbike	1169	400	1246	453	0
000037	1	bike	819	392	901	449	0
000037	2	motorbike	791	382	853	435	1
000037	4	car	483	373	520	408	1
000037	6	motorbike	979	408	1041	444	0
000037	10	person	1004	378	1032	416	0
000037	14	motorbike	1096	392	1155	455	0
000037	15	motorbike	1175	400	1251	453	0
000038	1	bike	819	391	903	449	0
000038	2	motorbike	789	384	851	437	1
000038	4	car	481	373	520	410	1
000038	6	motorbike	984	408	1047	444	0
000038	10	person	1009	378	1038	416	0
000038	14	motorbike	1100	392	1159	455	0
000038	15	motorbike	1180	400	1256	453	0
000039	1	bike	821	391	904	451	0
000039	2	motorbike	782	382	846	437	1
000039	4	car	480	373	520	410	1
000039	6	motorbike	990	408	1052	444	0
000039	10	person	1015	378	1043	416	0
000039	14	motorbike	1105	394	1164	456	0
000039	16	person	901	396	956	444	0
000040	1	bike	823	391	906	451	0
000040	2	motorbike	775	380	842	439	1
000040	4	car	478	373	519	410	1
000040	6	motorbike	993	408	1056	446	0
000040	10	person	1018	378	1047	416	0
000040	14	motorbike	1107	394	1168	456	0
000040	16	person	901	396	956	444	0
000041	1	bike	823	391	910	451	0
000041	2	motorbike	769	380	837	439	1
000041	4	car	478	373	519	412	1
000041	6	motorbike	999	408	1061	449	0
000041	10	person	1022	378	1050	416	0
000041	14	motorbike	1111	396	1173	458	0
000041	16	person	901	398	958	444	0
000042	1	bike	824	391	912	453	0
000042	2	motorbike	762	378	833	440	1
000042	4	car	476	373	519	412	1
000042	6	motorbike	1002	408	1066	451	0
000042	10	person	1025	378	1054	416	0
000042	14	motorbike	1114	398	1178	460	0
000042	16	person	901	398	960	446	0
000043	1	bike	826	389	913	453	0
000043	2	motorbike	755	378	828	440	1
000043	4	car	474	373	519	412	1
000043	6	motorbike	1008	408	1072	455	0
000043	10	person	1029	378	1057	416	0
000043	14	motorbike	1118	400	1182	460	0
000043	16	person	903	400	960	446	0
000044	1	bike	826	389	915	453	0
000044	2	motorbike	750	376	824	442	1
000044	4	car	472	373	517	414	1
000044	6	motorbike	1013	408	1077	458	0
000044	10	person	1034	380	1063	417	0
000044	14	motorbike	1121	401	1187	462	0
000044	16	person	903	400	961	448	0
000045	1	bike	828	389	917	455	0
000045	2	motorbike	743	376	819	442	1
000045	4	car	471	373	517	414	1
000045	6	motorbike	1018	408	1082	458	0
000045	10	person	1041	380	1070	417	0
000045	14	motorbike	1125	403	1192	464	0
000045	16	person	903	401	963	448	0
000046	1	bike	830	389	919	455	0
000046	2	motorbike	736	375	816	444	1
000046	4	car	469	373	517	414	1
000046	6	motorbike	1025	408	1089	458	0
000046	10	person	1048	380	1077	417	0
000046	14	motorbike	1127	403	1196	464	0
000046	16	person	903	401	965	449	0
000047	1	bike	832	389	922	456	0
000047	2	motorbike	730	375	812	446	1
000047	4	car	469	373	517	416	1
000047	6	motorbike	1032	408	1096	458	0
000047	10	person	1056	380	1084	417	0
000047	14	motorbike	1130	405	1201	465	0
000047	16	person	904	403	965	449	0
000048	1	bike	832	387	922	456	0
000048	2	motorbike	720	384	803	448	1
000048	4	car	464	371	515	416	1
000048	6	motorbike	1040	408	1104	458	0
000048	10	person	1063	380	1091	417	0
000048	14	motorbike	1134	407	1207	467	0
000048	16	person	904	403	967	451	0
000049	1	bike	832	387	924	456	0
000049	2	motorbike	709	392	796	449	1
000049	4	car	458	371	513	417	1
000049	6	motorbike	1047	408	1111	458	0
000049	10	person	1070	380	1098	417	0
000049	14	motorbike	1137	408	1210	467	0
000049	16	person	904	405	968	451	0
000050	1	bike	833	387	926	456	0
000050	2	motorbike	698	401	789	451	1
000050	4	car	453	371	513	419	1
000050	6	motorbike	1052	410	1116	460	0
000050	10	person	1077	380	1105	417	0
000050	14	motorbike	1141	410	1216	469	0
000050	16	person	904	405	970	453	0
000051	1	bike	833	387	928	456	0
000051	2	motorbike	688	412	782	453	1
000051	4	car	448	369	512	419	1
000051	6	motorbike	1059	410	1123	460	0
000051	10	person	1084	380	1112	417	0
000051	14	motorbike	1144	412	1221	471	0
000051	16	person	906	407	970	453	0
000052	1	bike	833	385	928	456	0
000052	2	motorbike	677	398	776	455	1
000052	4	car	442	369	510	421	1
000052	6	motorbike	1066	410	1130	460	0
000052	10	person	1091	380	1120	417	0
000052	12	person	716	369	773	428	1
000052	14	motorbike	1144	412	1221	471	0
000052	16	person	906	407	972	455	0
000053	1	bike	835	385	929	456	0
000053	2	motorbike	668	384	771	458	1
000053	4	car	439	369	510	423	1
000053	6	motorbike	1073	410	1137	460	0
000053	10	person	1098	380	1127	417	0
000053	12	person	705	368	762	426	1
000053	14	motorbike	1144	412	1223	472	0
000053	16	person	906	408	974	455	0
000054	1	bike	835	385	931	456	0
000054	2	motorbike	659	369	766	462	1
000054	4	car	433	368	508	424	1
000054	6	motorbike	1080	410	1144	460	0
000054	10	person	1105	380	1134	417	0
000054	12	person	695	368	752	426	1
000054	14	motorbike	1146	412	1224	474	0
000054	16	person	908	410	976	456	0
000055	1	bike	835	385	933	456	0
000055	2	motorbike	645	376	750	460	1
000055	4	car	430	368	508	426	1
000055	6	motorbike	1088	412	1152	462	0
000055	10	person	1114	380	1143	417	0
000055	12	person	684	368	741	426	1
000055	14	motorbike	1146	412	1224	474	0
000055	16	person	910	408	979	456	0
000056	1	bike	837	384	933	456	0
000056	2	motorbike	631	385	734	458	1
000056	4	car	424	366	508	428	1
000056	6	motorbike	1096	412	1160	462	0
000056	10	person	1121	378	1150	416	0
000056	12	person	673	368	730	426	1
000056	14	motorbike	1148	412	1226	476	0
000056	16	person	912	408	983	458	0
000057	1	bike	837	384	935	458	0
000057	2	motorbike	616	394	720	456	1
000057	4	car	421	366	508	430	1
000057	6	motorbike	1107	412	1171	462	0
000057	10	person	1128	378	1157	416	0
000057	12	person	664	368	721	426	1
000057	14	motorbike	1148	412	1228	478	0
000057	16	person	913	408	986	458	0
000058	1	bike	837	384	936	458	0
000058	2	motorbike	600	392	705	456	1
000058	4	car	416	366	506	432	1
000058	6	motorbike	1116	412	1180	462	0
000058	10	person	1136	376	1164	414	0
000058	12	person	648	366	705	424	1
000058	14	motorbike	1150	412	1230	478	0
000058	16	person	915	407	990	460	0
000059	1	bike	839	384	938	458	0
000059	2	motorbike	584	391	693	456	1
000059	4	car	412	364	506	433	1
000059	6	motorbike	1127	414	1191	464	0
000059	10	person	1144	376	1173	414	0
000059	12	person	632	366	689	424	1
000059	14	motorbike	1150	414	1230	480	0
000059	16	person	919	407	993	460	0
000060	1	bike	839	382	938	458	0
000060	2	motorbike	570	391	680	456	1
000060	4	car	407	364	506	435	1
000060	6	motorbike	1127	414	1196	462	0
000060	10	person	1152	376	1180	414	0
000060	12	person	616	364	673	423	1
000060	14	motorbike	1152	414	1232	481	0
000060	16	person	920	407	997	462	0
000061	1	bike	839	382	940	458	0
000061	2	motorbike	554	389	668	458	1
000061	4	car	403	364	506	437	1
000061	6	motorbike	1128	414	1201	462	0
000061	10	person	1159	376	1187	414	0
000061	12	person	600	364	657	423	1
000061	14	motorbike	1152	414	1233	481	0
000061	16	person	922	405	1000	462	0
000062	1	bike	840	382	942	458	0
000062	2	motorbike	540	389	656	458	1
000062	4	car	394	362	503	439	1
000062	6	motorbike	1130	414	1208	462	0
000062	10	person	1166	376	1194	414	0
000062	12	person	586	364	643	423	1
000062	14	motorbike	1152	414	1233	483	0
000062	16	person	924	405	1004	464	0
000063	1	bike	840	382	944	458	0
000063	2	motorbike	524	387	641	458	1
000063	4	car	387	362	499	440	1
000063	6	motorbike	1137	414	1214	464	0
000063	10	person	1173	376	1201	417	0
000063	12	person	570	362	627	421	1
000063	14	motorbike	1153	414	1235	485	0
000063	16	person	926	405	1008	464	0
000064	1	bike	840	380	944	458	0
000064	2	motorbike	508	385	629	460	1
000064	4	car	380	362	496	442	1
000064	6	motorbike	1144	416	1219	467	0
000064	10	person	1180	376	1210	423	0
000064	12	person	554	362	611	421	1
000064	14	motorbike	1153	414	1237	485	0
000064	16	person	929	405	1013	465	0
000065	1	bike	842	380	945	458	0
000065	2	motorbike	494	385	616	460	1
000065	4	car	373	362	492	444	1
000065	6	motorbike	1153	416	1226	471	0
000065	10	person	1189	376	1219	426	0
000065	12	person	538	360	595	419	1
000065	14	motorbike	1155	414	1239	487	0
000065	16	person	933	405	1016	465	0
000066	1	bike	842	380	947	458	0
000066	2	motorbike	478	384	604	460	1
000066	4	car	366	362	488	446	1
000066	6	motorbike	1160	417	1232	474	0
000066	10	person	1196	376	1228	432	0
000066	12	person	522	360	579	419	1
000066	14	motorbike	1155	414	1239	488	0
000066	16	person	936	407	1022	467	0
000067	1	bike	844	380	949	460	0
000067	2	motorbike	464	384	592	462	1
000067	4	car	357	360	485	448	1
000067	6	motorbike	1168	419	1239	478	0
000067	10	person	1203	376	1237	435	0
000067	12	person	508	360	565	419	1
000067	14	motorbike	1157	416	1240	488	0
000067	16	person	942	407	1027	469	0
000068	1	bike	844	380	951	460	0
000068	2	motorbike	440	384	572	462	1
000068	4	car	350	360	481	449	1
000068	6	motorbike	1176	419	1244	480	0
000068	10	person	1212	376	1246	440	0
000068	12	person	487	360	544	419	1
000068	14	motorbike	1157	416	1242	490	0
000068	16	person	945	408	1032	471	0
000069	1	bike	844	380	952	460	0
000069	2	motorbike	419	384	554	464	1
000069	4	car	343	360	478	451	1
000069	6	motorbike	1184	421	1251	483	0
000069	10	person	1219	376	1255	444	0
000069	12	person	467	360	524	419	1
000069	14	motorbike	1159	416	1244	492	0
000069	16	person	951	408	1038	472	0
000070	1	bike	844	380	954	460	0
000070	2	motorbike	396	384	535	465	1
000070	4	car	336	360	474	453	1
000070	6	motorbike	1191	423	1256	487	0
000070	10	person	1228	378	1264	449	0
000070	12	person	448	362	504	421	1
000070	14	motorbike	1159	416	1244	492	0
000070	16	person	954	410	1043	474	0
000071	1	bike	844	380	956	460	0
000071	2	motorbike	375	385	517	467	1
000071	4	car	328	360	472	456	1
000071	6	motorbike	1200	423	1264	490	0
000071	10	person	1233	378	1267	449	0
000071	12	person	426	360	483	426	1
000071	14	motorbike	1160	416	1246	494	0
000071	16	person	960	410	1048	476	0
000072	1	bike	844	380	958	460	0
000072	2	motorbike	353	387	501	469	1
000072	4	car	320	359	471	458	1
000072	6	motorbike	1207	424	1269	494	0
000072	10	person	1239	378	1271	449	0
000072	12	person	407	359	464	432	1
000072	14	motorbike	1160	416	1248	496	0
000072	16	person	963	412	1054	478	0
000073	1	bike	846	382	960	462	0
000073	2	motorbike	334	389	485	472	1
000073	4	car	311	359	471	460	1
000073	12	person	387	357	442	437	1
000073	14	motorbike	1160	416	1248	496	0
000073	16	person	968	414	1059	480	0
000074	1	bike	848	378	963	462	0
000074	2	motorbike	312	392	469	476	1
000074	4	car	302	357	471	462	1
000074	14	motorbike	1162	416	1249	497	0
000074	16	person	972	414	1064	481	0
000075	1	bike	849	376	968	464	0
000075	2	motorbike	293	394	453	480	1
000075	4	car	293	357	471	465	1
000075	14	motorbike	1162	417	1251	499	0
000075	16	person	976	416	1070	483	0
000076	1	bike	851	373	974	465	0
000076	2	motorbike	273	398	437	483	1
000076	4	car	284	355	469	467	1
000076	14	motorbike	1164	417	1253	499	0
000076	16	person	981	416	1075	485	0
000077	1	bike	855	371	979	467	0
000077	2	motorbike	252	400	421	485	1
000077	4	car	275	355	467	469	1
000077	14	motorbike	1164	417	1253	501	0
000077	16	person	984	417	1080	487	0
000078	1	bike	862	378	986	474	0
000078	2	motorbike	232	401	405	488	1
000078	4	car	266	355	467	471	1
000078	14	motorbike	1166	417	1255	503	0
000078	16	person	990	417	1086	488	0
000079	1	bike	869	385	993	481	0
000079	2	motorbike	213	405	389	492	1
000079	4	car	257	355	465	472	1
000079	14	motorbike	1166	417	1256	503	0
000079	16	person	993	419	1091	490	0
000080	1	bike	878	394	1002	490	0
000080	2	motorbike	192	407	373	496	1
000080	4	car	250	355	465	474	1
000080	14	motorbike	1168	417	1258	504	0
000080	16	person	999	419	1096	492	0
000081	1	bike	887	392	1011	488	0
000081	2	motorbike	172	410	357	499	1
000081	4	car	229	352	456	478	1
000081	14	motorbike	1168	417	1258	506	0
000081	16	person	1002	421	1102	494	0
000082	1	bike	896	391	1020	487	0
000082	2	motorbike	152	412	341	503	1
000082	4	car	209	350	449	481	1
000082	14	motorbike	1168	417	1260	506	0
000082	16	person	1008	423	1107	496	0
000083	1	bike	904	389	1029	485	0
000083	2	motorbike	131	414	325	504	1
000083	4	car	190	348	442	487	1
000083	14	motorbike	1169	419	1262	508	0
000083	16	person	1020	421	1120	494	0
000084	1	bike	913	387	1038	483	0
000084	2	motorbike	112	417	309	508	1
000084	4	car	170	346	435	490	1
000084	14	motorbike	1169	419	1262	510	0
000084	16	person	1032	421	1132	494	0
000085	1	bike	922	387	1047	483	0
000085	2	motorbike	92	419	293	512	1
000085	4	car	149	344	428	494	1
000085	14	motorbike	1171	419	1264	510	0
000085	16	person	1045	419	1144	492	0
000086	1	bike	931	385	1056	481	0
000086	2	motorbike	71	423	277	515	1
000086	4	car	129	343	421	499	1
000086	14	motorbike	1171	419	1265	512	0
000086	16	person	1057	419	1157	492	0
000087	1	bike	940	384	1064	480	0
000087	2	motorbike	51	424	261	519	1
000087	4	car	110	339	414	503	1
000087	14	motorbike	1173	419	1267	513	0
000087	16	person	1070	417	1169	490	0
000088	1	bike	949	382	1073	478	0
000088	4	car	90	337	407	506	1
000088	14	motorbike	1173	419	1267	513	0
000088	16	person	1084	417	1184	490	0
000089	1	bike	958	380	1082	476	0
000089	4	car	69	336	400	512	1
000089	14	motorbike	1175	419	1269	515	0
000089	16	person	1096	416	1196	488	0
000090	1	bike	968	380	1091	476	0
000090	4	car	49	334	392	515	1
000090	14	motorbike	1175	419	1271	517	0
000090	16	person	1109	416	1208	488	0
000091	1	bike	976	378	1098	474	0
000091	4	car	30	332	385	519	1
000091	14	motorbike	1176	421	1272	519	0
000091	16	person	1121	414	1221	487	0
000092	1	bike	983	378	1105	474	0
000092	4	car	10	330	378	524	1
000092	14	motorbike	1176	421	1272	519	0
000092	16	person	1134	414	1233	487	0
000093	1	bike	990	376	1112	474	0
000093	4	car	10	327	360	522	1
000093	14	motorbike	1176	421	1272	519	0
000094	1	bike	997	376	1120	474	0
000094	4	car	10	323	344	522	1
000094	14	motorbike	1176	421	1272	519	0
000095	1	bike	1006	376	1127	474	0
000095	4	car	10	321	328	522	1
000095	14	motorbike	1176	421	1272	519	0
000096	1	bike	1013	375	1134	474	0
000096	4	car	10	318	312	522	1
000096	14	motorbike	1176	421	1272	519	0
000097	1	bike	1020	375	1141	474	0
000097	4	car	10	314	296	522	1
000097	14	motorbike	1176	421	1272	519	0
000098	1	bike	1027	373	1148	474	0
000098	4	car	10	312	280	522	1
000098	14	motorbike	1176	421	1272	519	0
000099	1	bike	1034	373	1155	474	0
000099	4	car	10	309	264	522	1
000099	14	motorbike	1176	421	1272	519	0
000100	1	bike	1043	373	1162	474	0
000100	4	car	10	307	248	522	1
000100	14	motorbike	1176	421	1272	519	0
