000001	1	motorbike	837	210	1060	504	0
000001	2	motorbike	534	246	682	428	0
000001	3	motorbike	1078	155	1216	325	0
000001	4	motorbike	744	146	855	313	0
000001	5	motorbike	448	232	527	348	0
000001	6	motorbike	1017	107	1110	233	0
000001	7	motorbike	1182	78	1276	180	0
000001	8	motorbike	683	145	725	239	0
000001	13	person	843	39	1006	289	0
000001	14	person	1062	36	1178	209	0
000001	15	person	1190	17	1256	104	0
000001	16	person	1016	34	1076	137	0
000001	17	person	748	80	828	209	0
000001	18	person	540	130	653	294	0
000001	19	person	435	147	515	260	0
000001	20	person	665	92	726	166	0
000002	1	motorbike	838	210	1061	504	0
000002	2	motorbike	537	243	683	425	0
000002	3	motorbike	1079	155	1217	325	0
000002	4	motorbike	747	147	856	312	0
000002	5	motorbike	449	230	527	345	0
000002	6	motorbike	1018	107	1109	233	0
000002	7	motorbike	1183	80	1275	180	0
000002	8	motorbike	686	145	728	239	0
000002	13	person	845	39	1008	289	0
000002	14	person	1063	36	1179	209	0
000002	15	person	1190	18	1256	105	0
000002	16	person	1017	35	1077	138	0
000002	17	person	751	79	831	208	0
000002	18	person	543	129	655	293	0
000002	19	person	437	147	515	259	0
000002	20	person	668	93	729	167	0
000003	1	motorbike	840	210	1063	504	0
000003	2	motorbike	541	241	685	423	0
000003	3	motorbike	1080	156	1218	326	0
000003	4	motorbike	750	149	858	311	0
000003	5	motorbike	451	228	528	342	0
000003	6	motorbike	1019	108	1109	233	0
000003	7	motorbike	1184	82	1275	181	0
000003	8	motorbike	689	146	731	240	0
000003	13	person	847	39	1010	289	0
000003	14	person	1065	37	1181	210	0
000003	15	person	1190	20	1256	106	0
000003	16	person	1018	37	1078	140	0
000003	17	person	755	79	835	208	0
000003	18	person	547	128	658	292	0
000003	19	person	439	147	516	258	0
000003	20	person	671	94	733	168	0
000004	1	motorbike	842	211	1065	505	0
000004	2	motorbike	545	239	687	421	0
000004	3	motorbike	1081	157	1219	327	0
000004	4	motorbike	754	151	860	310	0
000004	5	motorbike	453	227	528	340	0
000004	6	motorbike	1020	109	1109	233	0
000004	7	motorbike	1185	85	1275	182	0
000004	8	motorbike	692	146	734	240	0
000004	13	person	849	40	1012	290	0
000004	14	person	1067	38	1183	211	0
000004	15	person	1190	21	1256	108	0
000004	16	person	1020	39	1080	142	0
000004	17	person	758	79	839	208	0
000004	18	person	551	128	661	292	0
000004	19	person	442	147	517	257	0
000004	20	person	675	95	736	169	0
000005	1	motorbike	844	211	1067	505	0
000005	2	motorbike	549	237	688	419	0
000005	3	motorbike	1082	157	1220	328	0
000005	4	motorbike	757	153	862	309	0
000005	5	motorbike	455	225	529	337	0
000005	6	motorbike	1021	110	1109	234	0
000005	7	motorbike	1186	87	1275	183	0
000005	8	motorbike	695	147	737	241	0
000005	13	person	851	40	1014	290	0
000005	14	person	1069	38	1185	212	0
000005	15	person	1190	23	1256	109	0
000005	16	person	1021	41	1081	144	0
000005	17	person	762	78	842	207	0
000005	18	person	555	127	664	291	0
000005	19	person	444	148	518	256	0
000005	20	person	678	96	740	170	0
000006	1	motorbike	845	211	1068	505	0
000006	2	motorbike	553	235	690	416	0
000006	3	motorbike	1083	158	1221	328	0
000006	4	motorbike	761	155	864	308	0
000006	5	motorbike	457	223	530	335	0
000006	6	motorbike	1022	110	1109	234	0
000006	7	motorbike	1187	89	1275	184	0
000006	8	motorbike	698	147	740	241	0
000006	13	person	853	41	1016	291	0
000006	14	person	1071	39	1186	212	0
000006	15	person	1190	24	1256	111	0
000006	16	person	1022	43	1083	146	0
000006	17	person	766	78	846	207	0
000006	18	person	559	127	666	290	0
000006	19	person	447	148	519	255	0
000006	20	person	681	97	743	171	0
000007	1	motorbike	847	212	1070	506	0
000007	2	motorbike	557	233	692	414	0
000007	3	motorbike	1085	159	1222	329	0
000007	4	motorbike	764	156	865	307	0
000007	5	motorbike	459	222	530	332	0
000007	6	motorbike	1023	111	1108	234	0
000007	7	motorbike	1189	92	1274	185	0
000007	8	motorbike	702	148	743	242	0
000007	13	person	855	41	1018	291	0
000007	14	person	1072	40	1188	213	0
000007	15	person	1191	26	1256	112	0
000007	16	person	1024	45	1084	148	0
000007	17	person	769	78	850	207	0
000007	18	person	563	126	669	290	0
000007	19	person	449	148	520	254	0
000007	20	person	685	98	747	172	0
000008	1	motorbike	849	212	1072	506	0
000008	2	motorbike	561	231	693	412	0
000008	3	motorbike	1086	159	1223	330	0
000008	4	motorbike	768	158	867	306	0
000008	5	motorbike	461	220	531	330	0
000008	6	motorbike	1024	112	1108	234	0
000008	7	motorbike	1190	94	1274	186	0
000008	8	motorbike	705	148	746	242	0
000008	13	person	857	42	1020	292	0
000008	14	person	1074	40	1190	214	0
000008	15	person	1191	27	1256	114	0
000008	16	person	1025	47	1086	150	0
000008	17	person	773	77	853	206	0
000008	18	person	567	126	672	289	0
000008	19	person	452	149	521	253	0
000008	20	person	688	99	750	173	0
000009	1	motorbike	851	212	1074	506	0
000009	2	motorbike	565	229	695	410	0
000009	3	motorbike	1087	160	1225	331	0
000009	4	motorbike	771	160	869	306	0
000009	5	motorbike	463	218	531	327	0
000009	6	motorbike	1026	113	1108	235	0
000009	7	motorbike	1191	97	1274	187	0
000009	8	motorbike	708	149	750	243	0
000009	13	person	859	42	1022	292	0
000009	14	person	1076	41	1192	215	0
000009	15	person	1191	29	1257	115	0
000009	16	person	1027	49	1087	152	0
000009	17	person	777	77	857	206	0
000009	18	person	571	125	675	289	0
000009	19	person	454	149	522	252	0
000009	20	person	692	100	754	174	0
000010	1	motorbike	852	213	1075	507	0
000010	2	motorbike	569	227	697	408	0
000010	3	motorbike	1088	161	1226	331	0
000010	4	motorbike	774	162	871	305	0
000010	5	motorbike	465	217	532	325	0
000010	6	motorbike	1027	113	1108	235	0
000010	7	motorbike	1192	99	1274	188	0
000010	8	motorbike	711	149	753	243	0
000010	13	person	861	42	1024	292	0
000010	14	person	1078	42	1193	215	0
000010	15	person	1191	31	1257	116	0
000010	16	person	1028	51	1088	154	0
000010	17	person	780	77	861	206	0
000010	18	person	574	124	677	288	0
000010	19	person	456	149	522	251	0
000010	20	person	695	101	757	175	0
000011	1	motorbike	854	213	1077	507	0
000011	2	motorbike	573	224	698	405	0
000011	3	motorbike	1089	161	1227	332	0
000011	4	motorbike	778	164	873	304	0
000011	5	motorbike	467	215	533	322	0
000011	6	motorbike	1028	114	1108	235	0
000011	7	motorbike	1193	101	1274	189	0
000011	8	motorbike	714	150	756	244	0
000011	13	person	863	43	1026	293	0
000011	14	person	1080	42	1195	216	0
000011	15	person	1191	32	1257	118	0
000011	16	person	1029	53	1090	156	0
000011	17	person	784	76	864	205	0
000011	18	person	578	124	680	287	0
000011	19	person	459	150	523	250	0
000011	20	person	698	102	761	176	0
000012	1	motorbike	856	214	1079	508	0
000012	2	motorbike	577	222	700	403	0
000012	3	motorbike	1091	162	1228	333	0
000012	4	motorbike	781	165	874	303	0
000012	5	motorbike	469	213	533	319	0
000012	6	motorbike	1029	115	1107	235	0
000012	7	motorbike	1195	104	1273	190	0
000012	8	motorbike	718	150	759	244	0
000012	13	person	865	43	1028	293	0
000012	14	person	1081	43	1197	217	0
000012	15	person	1192	34	1257	119	0
000012	16	person	1031	55	1091	158	0
000012	17	person	787	76	868	205	0
000012	18	person	582	123	683	287	0
000012	19	person	461	150	524	249	0
000012	20	person	702	103	764	177	0
000013	1	motorbike	858	214	1081	508	0
000013	2	motorbike	581	220	702	401	0
000013	3	motorbike	1092	163	1229	334	0
000013	4	motorbike	785	167	876	302	0
000013	5	motorbike	471	212	534	317	0
000013	6	motorbike	1030	116	1107	236	0
000013	7	motorbike	1196	106	1273	191	0
000013	8	motorbike	721	151	762	245	0
000013	13	person	867	44	1030	294	0
000013	14	person	1083	44	1199	218	0
000013	15	person	1192	35	1257	121	0
000013	16	person	1032	57	1093	160	0
000013	17	person	791	76	872	205	0
000013	18	person	586	123	686	286	0
000013	19	person	464	150	525	248	0
000013	20	person	705	104	768	178	0
000014	1	motorbike	860	214	1083	508	0
000014	2	motorbike	585	218	703	399	0
000014	3	motorbike	1093	163	1230	334	0
000014	4	motorbike	788	169	878	301	0
000014	5	motorbike	473	210	534	314	0
000014	6	motorbike	1031	116	1107	236	0
000014	7	motorbike	1197	108	1273	192	0
000014	8	motorbike	724	151	765	245	0
000014	13	person	869	44	1032	294	0
000014	14	person	1085	44	1200	218	0
000014	15	person	1192	37	1257	122	0
000014	16	person	1033	59	1094	162	0
000014	17	person	795	75	875	204	0
000014	18	person	590	122	688	285	0
000014	19	person	466	151	526	247	0
000014	20	person	708	105	771	179	0
000015	1	motorbike	861	215	1084	509	0
000015	2	motorbike	589	216	705	396	0
000015	3	motorbike	1094	164	1231	335	0
000015	4	motorbike	792	171	880	300	0
000015	5	motorbike	475	208	535	312	0
000015	6	motorbike	1032	117	1107	236	0
000015	7	motorbike	1198	111	1273	193	0
000015	8	motorbike	727	152	768	246	0
000015	13	person	871	45	1034	295	0
000015	14	person	1087	45	1202	219	0
000015	15	person	1192	38	1257	124	0
000015	16	person	1035	61	1096	164	0
000015	17	person	798	75	879	204	0
000015	18	person	594	122	691	285	0
000015	19	person	469	151	527	246	0
000015	20	person	712	106	775	180	0
000016	1	motorbike	863	215	1086	509	0
000016	2	motorbike	593	214	707	394	0
000016	3	motorbike	1095	165	1232	336	0
000016	4	motorbike	795	173	882	299	0
000016	5	motorbike	477	207	536	309	0
000016	6	motorbike	1033	118	1107	236	0
000016	7	motorbike	1199	113	1273	194	0
000016	8	motorbike	730	152	771	246	0
000016	13	person	873	45	1036	295	0
000016	14	person	1089	46	1204	220	0
000016	15	person	1192	40	1257	125	0
000016	16	person	1036	63	1097	166	0
000016	17	person	802	75	883	204	0
000016	18	person	598	121	694	284	0
000016	19	person	471	151	528	245	0
000016	20	person	715	107	778	181	0
000017	1	motorbike	865	215	1088	509	0
000017	2	motorbike	597	212	708	392	0
000017	3	motorbike	1097	166	1234	337	0
000017	4	motorbike	799	175	884	299	0
000017	5	motorbike	479	205	536	307	0
000017	6	motorbike	1035	119	1107	237	0
000017	7	motorbike	1201	116	1273	195	0
000017	8	motorbike	734	153	775	247	0
000017	13	person	875	46	1039	296	0
000017	14	person	1091	47	1206	221	0
000017	15	person	1193	42	1258	127	0
000017	16	person	1038	65	1099	168	0
000017	17	person	806	75	887	204	0
000017	18	person	602	121	697	284	0
000017	19	person	474	152	529	244	0
000017	20	person	719	109	782	183	0
000018	1	motorbike	867	216	1090	510	0
000018	2	motorbike	601	210	710	390	0
000018	3	motorbike	1096	157	1233	327	0
000018	4	motorbike	802	167	885	298	0
000018	5	motorbike	481	203	537	304	0
000018	6	motorbike	1035	111	1106	228	0
000018	7	motorbike	1199	103	1270	186	0
000018	8	motorbike	732	143	773	235	0
000018	13	person	874	41	1038	291	0
000018	14	person	1090	42	1203	214	0
000018	15	person	1188	38	1253	122	0
000018	16	person	1035	59	1096	162	0
000018	17	person	805	69	886	198	0
000018	18	person	602	115	697	278	0
000018	19	person	471	146	526	238	0
000018	20	person	718	108	781	182	0
000019	1	motorbike	868	216	1091	510	0
000019	2	motorbike	605	208	712	388	0
000019	3	motorbike	1095	148	1233	318	0
000019	4	motorbike	806	159	887	297	0
000019	5	motorbike	483	202	538	302	0
000019	6	motorbike	1035	104	1105	220	0
000019	7	motorbike	1198	91	1268	177	0
000019	8	motorbike	730	134	772	224	0
000019	13	person	873	37	1037	286	0
000019	14	person	1089	38	1200	207	0
000019	15	person	1184	34	1249	118	0
000019	16	person	1033	53	1094	156	0
000019	17	person	805	64	886	193	0
000019	18	person	602	109	697	272	0
000019	19	person	469	140	524	232	0
000019	20	person	717	107	780	181	0
000020	1	motorbike	870	216	1093	510	0
000020	2	motorbike	608	202	713	382	0
000020	3	motorbike	1095	139	1232	309	0
000020	4	motorbike	810	152	889	297	0
000020	5	motorbike	482	190	536	290	0
000020	6	motorbike	1036	96	1104	212	0
000020	7	motorbike	1197	79	1265	169	0
000020	8	motorbike	729	124	771	213	0
000020	13	person	873	33	1037	281	0
000020	14	person	1089	34	1198	200	0
000020	15	person	1180	30	1245	114	0
000020	16	person	1030	47	1091	150	0
000020	17	person	805	59	886	188	0
000020	18	person	602	103	697	266	0
000020	19	person	467	135	522	227	0
000020	20	person	717	106	780	180	0
000021	1	motorbike	872	217	1095	511	0
000021	2	motorbike	611	197	714	376	0
000021	3	motorbike	1094	130	1232	300	0
000021	4	motorbike	813	144	891	296	0
000021	5	motorbike	481	179	534	278	0
000021	6	motorbike	1036	89	1103	204	0
000021	7	motorbike	1196	66	1263	160	0
000021	8	motorbike	727	115	769	202	0
000021	13	person	872	29	1036	276	0
000021	14	person	1088	29	1195	193	0
000021	15	person	1176	26	1241	109	0
000021	16	person	1028	41	1089	144	0
000021	17	person	804	54	885	183	0
000021	18	person	602	97	697	261	0
000021	19	person	464	129	519	221	0
000021	20	person	716	105	779	179	0
000022	1	motorbike	874	217	1097	511	0
000022	2	motorbike	614	191	715	370	0
000022	3	motorbike	1093	121	1231	291	0
000022	4	motorbike	817	136	893	295	0
000022	5	motorbike	480	168	532	266	0
000022	6	motorbike	1036	81	1102	196	0
000022	7	motorbike	1195	54	1260	151	0
000022	8	motorbike	725	106	768	191	0
000022	13	person	871	25	1036	271	0
000022	14	person	1087	25	1192	186	0
000022	15	person	1172	22	1237	105	0
000022	16	person	1025	35	1086	138	0
000022	17	person	804	49	885	178	0
000022	18	person	602	91	697	255	0
000022	19	person	462	124	517	216	0
000022	20	person	716	104	779	178	0
000023	1	motorbike	876	218	1099	512	0
000023	2	motorbike	618	186	716	365	0
000023	3	motorbike	1093	112	1231	282	0
000023	4	motorbike	821	129	895	295	0
000023	5	motorbike	480	157	530	254	0
000023	6	motorbike	1037	74	1101	188	0
000023	8	motorbike	724	96	767	179	0
000023	13	person	871	20	1035	267	0
000023	14	person	1087	21	1190	179	0
000023	15	person	1168	19	1233	101	0
000023	16	person	1023	29	1084	133	0
000023	17	person	804	44	885	173	0
000023	18	person	602	86	697	249	0
000023	19	person	460	118	515	210	0
000023	20	person	715	103	778	177	0
000024	1	motorbike	875	214	1098	508	0
000024	2	motorbike	615	178	713	357	0
000024	3	motorbike	1091	108	1227	278	0
000024	4	motorbike	821	127	896	293	0
000024	5	motorbike	476	155	526	252	0
000024	6	motorbike	1032	74	1097	185	0
000024	8	motorbike	722	87	766	168	0
000024	12	motorbike	110	320	311	682	1
000024	13	person	870	16	1035	262	0
000024	14	person	1086	17	1187	172	0
000024	15	person	1164	15	1229	97	0
000024	16	person	1020	23	1081	127	0
000024	17	person	804	39	885	168	0
000024	18	person	602	80	697	243	0
000024	19	person	458	113	513	205	0
000024	20	person	715	102	778	176	0
000025	1	motorbike	874	211	1098	505	0
000025	2	motorbike	613	170	711	349	0
000025	3	motorbike	1089	105	1223	274	0
000025	4	motorbike	822	126	897	292	0
000025	5	motorbike	473	154	523	250	0
000025	6	motorbike	1028	74	1093	182	0
000025	8	motorbike	720	78	764	157	0
000025	12	motorbike	111	329	323	683	1
000025	13	person	869	12	1034	257	0
000025	14	person	1085	12	1184	165	0
000025	15	person	1160	11	1225	92	0
000025	16	person	1018	17	1079	121	0
000025	17	person	803	34	884	163	0
000025	18	person	602	74	697	238	0
000025	19	person	455	107	510	199	0
000025	20	person	714	101	777	175	0
000026	1	motorbike	874	208	1097	502	0
000026	2	motorbike	611	162	709	341	0
000026	3	motorbike	1087	101	1219	270	0
000026	4	motorbike	823	125	898	291	0
000026	5	motorbike	469	153	519	249	0
000026	6	motorbike	1024	74	1089	179	0
000026	8	motorbike	719	68	763	146	0
000026	12	motorbike	112	339	336	685	1
000026	13	person	869	8	1034	252	0
000026	14	person	1085	8	1182	158	0
000026	15	person	1156	7	1221	88	0
000026	16	person	1015	11	1076	115	0
000026	17	person	803	29	884	158	0
000026	18	person	602	68	697	232	0
000026	19	person	453	102	508	194	0
000026	20	person	714	100	777	174	0
000027	1	motorbike	873	205	1097	499	0
000027	2	motorbike	609	154	707	333	0
000027	3	motorbike	1085	98	1215	266	0
000027	4	motorbike	824	124	899	290	0
000027	5	motorbike	466	152	516	247	0
000027	6	motorbike	1020	74	1085	176	0
000027	8	motorbike	717	59	762	135	0
000027	12	motorbike	113	349	348	686	1
000027	13	person	868	4	1033	247	0
000027	14	person	1084	4	1179	151	0
000027	15	person	1152	3	1217	84	0
000027	16	person	1013	5	1074	109	0
000027	17	person	803	24	884	153	0
000027	18	person	602	62	697	226	0
000027	19	person	451	96	506	188	0
000027	20	person	713	99	776	173	0
000028	1	motorbike	873	202	1097	496	0
000028	2	motorbike	607	146	705	325	0
000028	3	motorbike	1083	95	1212	262	0
000028	4	motorbike	825	123	900	289	0
000028	5	motorbike	463	151	513	246	0
000028	6	motorbike	1016	74	1081	173	0
000028	8	motorbike	716	50	761	124	0
000028	12	motorbike	114	359	361	688	1
000028	13	person	868	0	1033	243	0
000028	14	person	1084	0	1177	144	0
000028	16	person	1011	0	1072	104	0
000028	17	person	803	19	884	148	0
000028	18	person	602	57	697	221	0
000028	19	person	449	91	504	183	0
000028	20	person	713	98	776	172	0
000029	1	motorbike	876	220	1100	514	0
000029	2	motorbike	610	160	708	339	0
000029	3	motorbike	1088	108	1216	274	0
000029	4	motorbike	828	136	903	302	0
000029	5	motorbike	464	170	514	265	0
000029	6	motorbike	1014	81	1079	185	0
000029	8	motorbike	722	78	767	154	0
000029	12	motorbike	115	369	373	689	1
000029	13	person	871	10	1036	253	0
000029	14	person	1086	10	1179	154	0
000029	16	person	1011	10	1072	114	0
000029	17	person	808	35	890	164	0
000029	18	person	605	75	700	239	0
000029	19	person	452	104	507	196	0
000029	20	person	716	97	775	171	0
000030	1	motorbike	880	238	1103	532	0
000030	2	motorbike	614	174	712	353	0
000030	3	motorbike	1094	122	1220	287	0
000030	4	motorbike	832	150	906	316	0
000030	5	motorbike	465	189	516	284	0
000030	6	motorbike	1013	89	1078	197	0
000030	8	motorbike	728	106	773	184	0
000030	12	motorbike	116	379	386	691	1
000030	13	person	874	20	1039	263	0
000030	14	person	1089	20	1182	164	0
000030	16	person	1011	20	1072	125	0
000030	17	person	813	51	896	180	0
000030	18	person	608	93	703	257	0
000030	19	person	455	118	510	210	0
000030	20	person	720	97	775	171	0
000031	1	motorbike	883	256	1107	550	0
000031	2	motorbike	618	189	716	368	0
000031	3	motorbike	1100	136	1225	300	0
000031	4	motorbike	835	164	910	330	0
000031	5	motorbike	467	208	518	303	0
000031	6	motorbike	1012	97	1077	210	0
000031	8	motorbike	735	135	779	215	0
000031	12	motorbike	117	389	399	693	1
000031	13	person	878	30	1043	273	0
000031	14	person	1092	30	1185	174	0
000031	16	person	1012	31	1073	136	0
000031	17	person	819	67	902	196	0
000031	18	person	612	112	707	276	0
000031	19	person	458	132	513	224	0
000031	20	person	724	97	775	171	0
000031	21	person	130	228	275	488	1
000032	1	motorbike	887	274	1110	568	0
000032	2	motorbike	622	203	720	382	0
000032	3	motorbike	1100	139	1222	302	0
000032	4	motorbike	839	178	913	344	0
000032	5	motorbike	466	216	516	306	0
000032	6	motorbike	1012	107	1076	212	0
000032	8	motorbike	736	143	780	220	0
000032	12	motorbike	130	381	406	682	1
000032	13	person	880	29	1045	280	0
000032	14	person	1093	35	1186	179	0
000032	16	person	1012	39	1071	142	0
000032	17	person	820	67	903	196	0
000032	18	person	613	112	707	273	0
000032	19	person	457	141	512	231	0
000032	20	person	727	99	778	172	0
000032	21	person	145	224	291	478	1
000033	1	motorbike	891	292	1114	586	0
000033	2	motorbike	626	218	724	397	0
000033	3	motorbike	1100	143	1220	305	0
000033	4	motorbike	843	192	917	358	0
000033	5	motorbike	466	224	515	309	0
000033	6	motorbike	1012	118	1076	215	0
000033	8	motorbike	737	152	782	226	0
000033	12	motorbike	144	373	413	671	1
000033	13	person	882	28	1047	287	0
000033	14	person	1094	40	1187	184	0
000033	16	person	1012	48	1070	148	0
000033	17	person	822	67	905	196	0
000033	18	person	614	113	708	270	0
000033	19	person	457	150	512	238	0
000033	20	person	730	102	781	174	0
000033	21	person	160	220	307	468	1
000034	1	motorbike	890	293	1116	587	0
000034	2	motorbike	625	213	723	392	0
000034	3	motorbike	1100	146	1218	308	0
000034	4	motorbike	844	190	918	355	0
000034	5	motorbike	465	232	514	312	0
000034	6	motorbike	1012	129	1076	218	0
000034	8	motorbike	738	160	783	232	0
000034	12	motorbike	157	365	420	660	1
000034	13	person	884	28	1049	295	0
000034	14	person	1095	45	1188	189	0
000034	16	person	1012	57	1069	154	0
000034	17	person	823	67	906	196	0
000034	18	person	616	113	709	267	0
000034	19	person	457	159	511	245	0
000034	20	person	733	104	784	175	0
000034	21	person	175	216	323	459	1
000035	1	motorbike	890	295	1119	589	0
000035	2	motorbike	625	209	723	388	0
000035	3	motorbike	1100	150	1216	311	0
000035	4	motorbike	846	189	920	353	0
000035	5	motorbike	465	241	513	315	0
000035	6	motorbike	1012	140	1076	221	0
000035	8	motorbike	740	169	785	238	0
000035	12	motorbike	171	357	428	650	1
000035	13	person	886	27	1051	302	0
000035	14	person	1096	50	1189	194	0
000035	16	person	1012	66	1068	161	0
000035	17	person	825	67	908	196	0
000035	18	person	617	114	710	264	0
000035	19	person	457	169	511	253	0
000035	20	person	736	107	787	177	0
000035	21	person	190	213	339	449	1
000035	22	person	793	102	836	190	1
000036	1	motorbike	890	296	1122	590	0
000036	2	motorbike	624	204	722	383	0
000036	3	motorbike	1099	145	1213	305	0
000036	4	motorbike	848	188	921	350	0
000036	5	motorbike	462	235	510	313	0
000036	6	motorbike	1010	127	1074	213	0
000036	8	motorbike	739	164	784	232	0
000036	12	motorbike	185	349	435	639	1
000036	13	person	888	27	1053	310	0
000036	14	person	1095	48	1188	192	0
000036	16	person	1010	64	1065	156	0
000036	17	person	827	67	910	196	0
000036	18	person	618	114	711	261	0
000036	19	person	454	167	508	248	0
000036	20	person	735	106	786	175	0
000036	21	person	205	209	355	440	1
000036	22	person	790	100	833	188	1
000037	1	motorbike	890	298	1124	592	0
000037	2	motorbike	624	200	722	379	0
000037	3	motorbike	1098	140	1210	300	0
000037	4	motorbike	849	187	923	348	0
000037	5	motorbike	460	229	508	311	0
000037	6	motorbike	1008	115	1073	206	0
000037	8	motorbike	739	159	784	227	0
000037	12	motorbike	198	341	442	628	1
000037	13	person	890	26	1055	317	0
000037	14	person	1094	47	1187	191	0
000037	16	person	1008	62	1063	152	0
000037	17	person	828	67	911	196	0
000037	18	person	620	115	711	258	0
000037	19	person	451	165	505	244	0
000037	20	person	734	106	785	173	0
000037	21	person	220	205	371	430	1
000037	22	person	787	99	830	187	1
000038	1	motorbike	890	300	1127	593	0
000038	2	motorbike	624	196	722	375	0
000038	3	motorbike	1097	135	1207	295	0
000038	4	motorbike	851	186	924	346	0
000038	5	motorbike	457	224	506	309	0
000038	6	motorbike	1007	103	1071	198	0
000038	8	motorbike	739	154	784	221	0
000038	10	motorbike	789	160	857	248	1
000038	12	motorbike	212	333	450	618	1
000038	13	person	892	25	1057	324	0
000038	14	person	1093	46	1186	190	0
000038	16	person	1007	61	1061	147	0
000038	17	person	830	67	913	196	0
000038	18	person	621	115	712	255	0
000038	19	person	448	163	502	239	0
000038	20	person	733	105	784	171	0
000038	21	person	235	202	387	420	1
000038	22	person	784	97	827	185	1
000039	1	motorbike	889	301	1130	595	0
000039	2	motorbike	623	191	721	370	0
000039	3	motorbike	1096	130	1204	289	0
000039	4	motorbike	853	185	926	343	0
000039	5	motorbike	455	218	504	307	0
000039	6	motorbike	1005	90	1070	191	0
000039	8	motorbike	739	150	784	216	0
000039	10	motorbike	785	159	853	247	1
000039	12	motorbike	225	325	457	607	1
000039	13	person	894	25	1059	332	0
000039	14	person	1092	45	1185	189	0
000039	16	person	1005	59	1059	143	0
000039	17	person	831	67	914	196	0
000039	18	person	623	116	713	252	0
000039	19	person	445	161	499	235	0
000039	20	person	733	105	783	170	0
000039	21	person	250	198	403	411	1
000039	22	person	781	96	825	184	1
000040	1	motorbike	889	303	1133	597	0
000040	2	motorbike	623	187	721	366	0
000040	3	motorbike	1095	125	1201	284	0
000040	4	motorbike	855	184	927	341	0
000040	5	motorbike	452	212	502	305	0
000040	6	motorbike	1003	78	1068	183	0
000040	8	motorbike	740	144	785	211	0
000040	10	motorbike	782	159	850	247	1
000040	12	motorbike	239	317	464	596	1
000040	13	person	896	24	1061	339	0
000040	14	person	1091	43	1184	188	0
000040	16	person	1003	57	1057	138	0
000040	17	person	833	67	916	196	0
000040	18	person	624	117	714	249	0
000040	19	person	442	159	496	230	0
000040	20	person	734	101	784	165	0
000040	21	person	265	194	419	401	1
000040	22	person	777	94	824	182	1
000041	1	motorbike	889	304	1135	598	0
000041	2	motorbike	623	183	721	362	0
000041	3	motorbike	1094	121	1199	279	0
000041	4	motorbike	856	182	929	338	0
000041	5	motorbike	450	207	500	303	0
000041	8	motorbike	742	139	786	206	0
000041	10	motorbike	779	159	847	247	1
000041	11	motorbike	1213	73	1278	185	0
000041	12	motorbike	253	310	472	586	1
000041	13	person	899	24	1063	347	0
000041	14	person	1090	42	1183	187	0
000041	16	person	1002	56	1055	134	0
000041	17	person	835	67	918	196	0
000041	18	person	625	117	715	246	0
000041	19	person	440	158	494	226	0
000041	20	person	736	98	786	160	0
000041	21	person	280	191	435	392	1
000041	22	person	774	93	824	181	1
000042	1	motorbike	889	306	1138	600	0
000042	2	motorbike	625	188	720	359	0
000042	3	motorbike	1093	112	1197	269	0
000042	4	motorbike	858	181	930	336	0
000042	5	motorbike	446	205	496	301	0
000042	8	motorbike	744	134	787	201	0
000042	10	motorbike	776	159	843	246	1
000042	11	motorbike	1209	79	1275	184	0
000042	12	motorbike	266	302	479	575	1
000042	13	person	900	24	1064	346	0
000042	14	person	1089	41	1182	185	0
000042	16	person	1002	56	1055	134	0
000042	17	person	837	67	920	196	0
000042	18	person	627	118	715	243	0
000042	19	person	440	158	494	226	0
000042	20	person	737	94	787	155	0
000042	21	person	292	186	445	387	1
000042	22	person	771	92	823	179	1
000042	23	person	1208	30	1270	118	0
000043	1	motorbike	889	308	1141	601	0
000043	2	motorbike	627	193	719	356	0
000043	3	motorbike	1092	103	1195	259	0
000043	4	motorbike	860	180	932	334	0
000043	5	motorbike	442	203	492	299	0
000043	8	motorbike	746	129	788	197	0
000043	10	motorbike	773	158	840	246	1
000043	11	motorbike	1205	85	1273	184	0
000043	12	motorbike	280	294	486	564	1
000043	13	person	901	24	1065	346	0
000043	14	person	1088	40	1181	184	0
000043	16	person	1002	56	1055	134	0
000043	17	person	840	67	923	196	0
000043	18	person	628	118	716	240	0
000043	19	person	440	158	494	226	0
000043	20	person	739	91	789	151	0
000043	21	person	305	181	455	382	1
000043	22	person	768	91	823	178	1
000043	23	person	1204	31	1266	119	0
000044	1	motorbike	888	309	1143	603	0
000044	2	motorbike	629	198	719	353	0
000044	3	motorbike	1091	94	1193	250	0
000044	4	motorbike	862	179	933	331	0
000044	5	motorbike	439	201	489	297	0
000044	6	motorbike	999	57	1065	166	0
000044	8	motorbike	748	124	789	192	0
000044	10	motorbike	770	158	837	246	1
000044	11	motorbike	1201	91	1271	184	0
000044	12	motorbike	293	286	493	553	1
000044	13	person	902	24	1066	345	0
000044	14	person	1087	38	1180	183	0
000044	16	person	1002	56	1055	134	0
000044	17	person	843	68	926	197	0
000044	18	person	629	119	717	237	0
000044	19	person	440	158	494	226	0
000044	20	person	739	91	789	151	0
000044	21	person	318	177	465	377	1
000044	22	person	765	89	822	177	1
000044	23	person	1201	32	1263	120	0
000045	1	motorbike	888	311	1146	604	0
000045	2	motorbike	631	203	718	351	0
000045	3	motorbike	1092	105	1192	260	0
000045	4	motorbike	863	178	935	329	0
000045	5	motorbike	435	199	485	295	0
000045	6	motorbike	995	55	1061	164	0
000045	8	motorbike	750	119	790	187	0
000045	10	motorbike	767	158	833	245	1
000045	11	motorbike	1197	97	1268	184	0
000045	12	motorbike	307	278	501	543	1
000045	13	person	903	25	1067	345	0
000045	14	person	1086	37	1179	182	0
000045	16	person	1002	56	1055	134	0
000045	17	person	845	68	928	197	0
000045	18	person	631	119	718	234	0
000045	19	person	440	158	494	226	0
000045	20	person	739	91	789	151	0
000045	21	person	331	172	475	372	1
000045	22	person	762	88	822	175	1
000045	23	person	1197	33	1260	121	0
000046	1	motorbike	888	313	1149	606	0
000046	2	motorbike	633	208	718	348	0
000046	3	motorbike	1094	116	1192	271	0
000046	4	motorbike	865	177	936	326	0
000046	5	motorbike	431	197	481	293	0
000046	6	motorbike	991	54	1058	162	0
000046	8	motorbike	752	114	791	182	0
000046	10	motorbike	764	158	830	245	1
000046	11	motorbike	1193	103	1266	184	0
000046	12	motorbike	321	270	508	532	1
000046	13	person	904	25	1068	345	0
000046	14	person	1085	36	1178	181	0
000046	16	person	1002	56	1055	134	0
000046	17	person	848	69	931	198	0
000046	18	person	632	120	719	231	0
000046	19	person	440	158	494	226	0
000046	20	person	739	91	789	151	0
000046	21	person	344	167	485	367	1
000046	22	person	759	87	821	174	1
000046	23	person	1194	34	1257	122	0
000047	1	motorbike	888	314	1152	608	0
000047	2	motorbike	635	213	717	345	0
000047	3	motorbike	1096	128	1192	282	0
000047	4	motorbike	867	176	938	324	0
000047	10	motorbike	761	158	827	245	1
000047	11	motorbike	1190	110	1264	184	0
000047	12	motorbike	334	262	515	521	1
000047	13	person	905	25	1069	344	0
000047	14	person	1084	35	1177	180	0
000047	17	person	851	69	934	198	0
000047	18	person	634	121	720	229	0
000047	19	person	440	158	494	226	0
000047	21	person	357	163	496	363	1
000047	22	person	756	86	821	173	1
000047	23	person	1190	35	1254	123	0
000048	1	motorbike	888	316	1154	609	0
000048	2	motorbike	638	218	717	343	0
000048	3	motorbike	1093	124	1188	278	0
000048	10	motorbike	757	158	824	245	1
000048	11	motorbike	1183	111	1257	182	0
000048	12	motorbike	348	254	523	511	1
000048	13	person	906	26	1070	344	0
000048	14	person	1081	38	1170	177	0
000048	17	person	854	70	937	199	0
000048	18	person	634	123	719	231	0
000048	21	person	365	154	501	347	1
000048	22	person	749	88	814	175	1
000048	23	person	1187	36	1251	124	0
000049	1	motorbike	887	317	1157	611	0
000049	2	motorbike	640	220	716	340	0
000049	3	motorbike	1091	121	1185	274	0
000049	10	motorbike	754	158	821	245	1
000049	11	motorbike	1176	112	1250	181	0
000049	12	motorbike	361	246	530	500	1
000049	13	person	907	26	1071	343	0
000049	14	person	1079	42	1164	174	0
000049	17	person	854	70	937	199	0
000049	18	person	634	125	719	233	0
000049	21	person	373	145	507	332	1
000049	22	person	743	91	807	178	1
000049	23	person	1179	40	1241	126	0
000050	1	motorbike	887	319	1160	612	0
000050	2	motorbike	642	222	716	337	0
000050	3	motorbike	1089	118	1181	270	0
000050	10	motorbike	751	158	818	245	1
000050	11	motorbike	1169	113	1243	180	0
000050	12	motorbike	375	238	537	489	1
000050	13	person	908	26	1072	343	0
000050	14	person	1077	45	1157	171	0
000050	17	person	854	70	937	199	0
000050	18	person	634	127	718	235	0
000050	21	person	382	136	513	317	1
000050	22	person	736	94	800	181	1
000050	23	person	1171	45	1232	128	0
000051	1	motorbike	887	321	1162	614	0
000051	2	motorbike	645	225	716	335	0
000051	3	motorbike	1087	115	1178	267	0
000051	10	motorbike	748	158	815	246	1
000051	11	motorbike	1163	115	1237	179	0
000051	12	motorbike	389	231	545	479	1
000051	13	person	909	27	1073	343	0
000051	14	person	1075	49	1151	169	0
000051	17	person	854	70	937	199	0
000051	18	person	634	129	718	237	0
000051	21	person	390	127	518	302	1
000051	22	person	730	97	794	184	1
000051	23	person	1164	50	1223	130	0
000052	1	motorbike	887	322	1165	615	0
000052	2	motorbike	647	209	716	333	0
000052	3	motorbike	1083	105	1172	256	0
000052	10	motorbike	742	147	809	235	1
000052	11	motorbike	1156	105	1230	168	0
000052	12	motorbike	399	219	550	462	1
000052	13	person	907	22	1071	337	0
000052	14	person	1072	40	1145	154	0
000052	17	person	854	70	937	199	0
000052	18	person	635	116	719	224	0
000052	21	person	399	119	524	287	1
000052	22	person	725	84	789	171	1
000052	23	person	1158	41	1216	118	0
000053	1	motorbike	887	324	1168	617	0
000053	2	motorbike	650	194	716	331	0
000053	3	motorbike	1080	95	1167	246	0
000053	10	motorbike	737	136	804	225	1
000053	11	motorbike	1150	96	1223	157	0
000053	12	motorbike	410	208	556	446	1
000053	13	person	905	18	1069	332	0
000053	14	person	1070	32	1139	140	0
000053	17	person	854	70	937	199	0
000053	18	person	637	103	721	211	0
000053	21	person	407	110	530	271	1
000053	22	person	720	72	785	159	1
000053	23	person	1152	33	1209	107	0
000054	1	motorbike	887	326	1171	619	0
000054	2	motorbike	653	179	717	329	0
000054	3	motorbike	1077	85	1162	235	0
000054	10	motorbike	732	126	799	214	1
000054	11	motorbike	1143	87	1216	146	0
000054	12	motorbike	421	197	561	429	1
000054	13	person	903	13	1067	327	0
000054	14	person	1068	24	1133	126	0
000054	17	person	854	70	937	199	0
000054	18	person	638	90	723	198	0
000054	21	person	415	101	535	256	1
000054	22	person	716	60	780	147	1
000054	23	person	1146	25	1202	96	0
000055	1	motorbike	874	296	1165	604	0
000055	2	motorbike	653	164	717	304	0
000055	3	motorbike	1073	75	1157	225	0
000055	10	motorbike	726	115	793	204	1
000055	11	motorbike	1137	77	1209	135	0
000055	12	motorbike	432	186	567	413	1
000055	13	person	901	9	1065	322	0
000055	14	person	1065	16	1127	112	0
000055	17	person	854	70	937	199	0
000055	18	person	640	77	724	185	0
000055	21	person	424	92	541	241	1
000055	22	person	711	47	776	134	1
000055	23	person	1140	16	1195	85	0
000056	1	motorbike	861	267	1159	590	0
000056	2	motorbike	653	150	717	279	0
000056	3	motorbike	1070	65	1152	214	0
000056	10	motorbike	721	104	788	193	1
000056	11	motorbike	1130	68	1202	124	0
000056	12	motorbike	443	175	572	396	1
000056	13	person	899	4	1063	317	0
000056	14	person	1063	8	1121	98	0
000056	17	person	854	70	937	199	0
000056	18	person	641	64	726	172	0
000056	21	person	432	83	547	226	1
000056	22	person	706	35	771	122	1
000056	23	person	1134	8	1188	74	0
000057	1	motorbike	848	238	1154	576	0
000057	2	motorbike	654	136	718	255	0
000057	3	motorbike	1067	56	1147	204	0
000057	5	motorbike	396	146	446	243	0
000057	10	motorbike	716	94	783	183	1
000057	11	motorbike	1124	59	1196	113	0
000057	12	motorbike	454	164	578	380	1
000057	13	person	897	0	1062	312	0
000057	14	person	1061	0	1116	84	0
000057	18	person	643	51	728	159	0
000057	19	person	385	106	439	174	0
000057	21	person	441	75	553	211	1
000057	22	person	702	23	767	110	1
000057	23	person	1129	0	1181	63	0
000058	1	motorbike	845	242	1148	581	0
000058	2	motorbike	661	139	725	264	0
000058	3	motorbike	1064	55	1144	201	0
000058	5	motorbike	393	154	442	246	0
000058	8	motorbike	777	54	803	109	0
000058	10	motorbike	711	99	778	188	1
000058	11	motorbike	1125	61	1192	116	0
000058	12	motorbike	465	153	583	363	1
000058	13	person	892	0	1058	312	0
000058	14	person	1061	3	1116	87	0
000058	18	person	648	56	733	164	0
000058	19	person	381	113	435	181	0
000058	20	person	772	17	805	76	0
000058	21	person	450	78	562	214	1
000058	22	person	698	29	763	116	1
000058	23	person	1126	3	1178	67	0
000059	1	motorbike	842	247	1143	587	0
000059	2	motorbike	668	142	732	273	0
000059	3	motorbike	1062	55	1142	198	0
000059	5	motorbike	390	162	439	249	0
000059	8	motorbike	781	63	807	117	0
000059	10	motorbike	707	105	774	194	1
000059	11	motorbike	1126	63	1188	120	0
000059	12	motorbike	476	142	589	347	1
000059	13	person	887	1	1055	313	0
000059	14	person	1061	7	1116	91	0
000059	18	person	654	62	739	170	0
000059	19	person	377	120	431	188	0
000059	20	person	776	27	809	83	0
000059	21	person	460	81	572	217	1
000059	22	person	695	36	760	123	1
000059	23	person	1123	7	1175	71	0
000060	1	motorbike	839	251	1138	592	0
000060	2	motorbike	675	145	739	283	0
000060	3	motorbike	1060	55	1139	195	0
000060	5	motorbike	388	171	436	253	0
000060	8	motorbike	785	72	811	125	0
000060	10	motorbike	702	110	770	199	1
000060	11	motorbike	1128	65	1185	124	0
000060	12	motorbike	487	131	595	331	1
000060	13	person	882	2	1051	313	0
000060	14	person	1061	11	1116	95	0
000060	18	person	660	68	745	176	0
000060	19	person	374	127	428	195	0
000060	20	person	780	38	813	91	0
000060	21	person	470	84	582	220	1
000060	22	person	692	42	757	129	1
000060	23	person	1121	11	1173	75	0
000061	1	motorbike	836	256	1133	598	0
000061	2	motorbike	682	148	746	292	0
000061	3	motorbike	1057	55	1137	193	0
000061	5	motorbike	385	179	433	256	0
000061	8	motorbike	789	81	816	134	0
000061	11	motorbike	1129	67	1181	127	0
000061	12	motorbike	494	143	601	340	1
000061	13	person	877	2	1048	314	0
000061	14	person	1061	14	1116	99	0
000061	18	person	666	73	751	181	0
000061	19	person	370	134	424	202	0
000061	20	person	784	49	817	99	0
000061	21	person	480	87	592	223	1
000061	23	person	1118	14	1170	79	0
000062	1	motorbike	833	260	1128	603	0
000062	2	motorbike	689	152	753	302	0
000062	3	motorbike	1055	55	1135	190	0
000062	5	motorbike	382	187	430	259	0
000062	8	motorbike	793	90	820	142	0
000062	11	motorbike	1130	69	1177	131	0
000062	12	motorbike	502	155	607	349	1
000062	13	person	873	3	1045	315	0
000062	14	person	1061	18	1116	103	0
000062	18	person	672	79	757	187	0
000062	19	person	366	141	420	209	0
000062	20	person	788	60	821	107	0
000062	21	person	490	90	602	226	1
000062	23	person	1115	18	1167	83	0
000063	1	motorbike	831	265	1123	609	0
000063	2	motorbike	692	146	756	293	0
000063	3	motorbike	1053	54	1132	187	0
000063	5	motorbike	380	196	427	263	0
000063	8	motorbike	797	100	825	151	0
000063	11	motorbike	1132	72	1174	135	0
000063	12	motorbike	510	168	613	359	1
000063	13	person	868	4	1041	315	0
000063	14	person	1061	22	1116	107	0
000063	18	person	678	85	763	193	0
000063	19	person	363	148	417	216	0
000063	21	person	500	93	612	229	1
000063	23	person	1113	22	1165	87	0
000064	1	motorbike	827	259	1117	601	0
000064	2	motorbike	695	141	759	285	0
000064	3	motorbike	1050	54	1130	185	0
000064	5	motorbike	371	195	418	261	0
000064	8	motorbike	797	91	826	145	0
000064	11	motorbike	1124	66	1168	131	0
000064	12	motorbike	514	160	614	346	1
000064	13	person	863	4	1038	316	0
000064	14	person	1057	18	1112	101	0
000064	18	person	680	77	765	184	0
000064	19	person	354	146	408	214	0
000064	21	person	504	88	612	220	1
000064	23	person	1108	18	1159	80	0
000065	1	motorbike	823	254	1111	594	0
000065	2	motorbike	698	136	762	276	0
000065	3	motorbike	1048	54	1127	182	0
000065	5	motorbike	362	194	409	259	0
000065	8	motorbike	798	82	827	139	0
000065	11	motorbike	1116	60	1163	127	0
000065	12	motorbike	518	153	616	333	1
000065	13	person	858	5	1034	316	0
000065	14	person	1054	15	1109	96	0
000065	18	person	682	69	767	176	0
000065	19	person	346	144	400	212	0
000065	21	person	508	83	612	212	1
000065	23	person	1103	15	1153	74	0
000066	1	motorbike	820	249	1105	587	0
000066	2	motorbike	701	131	765	268	0
000066	3	motorbike	1046	54	1125	179	0
000066	5	motorbike	354	193	401	257	0
000066	8	motorbike	799	73	828	134	0
000066	11	motorbike	1108	54	1158	123	0
000066	12	motorbike	522	146	617	320	1
000066	13	person	854	6	1031	317	0
000066	14	person	1051	12	1106	91	0
000066	18	person	684	61	769	168	0
000066	19	person	337	142	391	210	0
000066	21	person	512	78	612	204	1
000066	23	person	1099	12	1147	68	0
000067	1	motorbike	816	244	1099	580	0
000067	2	motorbike	704	126	768	259	0
000067	3	motorbike	1044	54	1123	177	0
000067	5	motorbike	345	192	392	255	0
000067	6	motorbike	971	31	1020	136	0
000067	8	motorbike	800	64	829	128	0
000067	11	motorbike	1100	48	1153	119	0
000067	12	motorbike	526	139	619	307	1
000067	13	person	849	6	1028	318	0
000067	14	person	1048	9	1103	85	0
000067	18	person	687	53	771	160	0
000067	19	person	329	140	383	208	0
000067	21	person	516	74	612	196	1
000067	23	person	1094	9	1141	61	0
000068	1	motorbike	813	239	1093	572	0
000068	2	motorbike	707	121	771	251	0
000068	3	motorbike	1041	52	1119	172	0
000068	5	motorbike	337	191	384	253	0
000068	6	motorbike	968	28	1017	132	0
000068	8	motorbike	801	55	830	122	0
000068	11	motorbike	1092	42	1148	115	0
000068	12	motorbike	530	132	620	294	1
000068	13	person	844	7	1024	318	0
000068	14	person	1045	6	1100	80	0
000068	18	person	689	45	773	152	0
000068	19	person	320	138	374	206	0
000068	21	person	520	69	612	188	1
000068	23	person	1090	6	1135	55	0
000069	1	motorbike	809	233	1087	565	0
000069	2	motorbike	710	116	774	242	0
000069	3	motorbike	1038	50	1115	168	0
000069	5	motorbike	328	190	375	251	0
000069	6	motorbike	966	25	1015	128	0
000069	8	motorbike	802	46	831	117	0
000069	11	motorbike	1084	37	1142	111	0
000069	12	motorbike	534	125	622	281	1
000069	13	person	839	8	1021	319	0
000069	14	person	1042	3	1097	75	0
000069	18	person	691	37	775	144	0
000069	19	person	312	136	366	204	0
000069	21	person	524	64	612	180	1
000069	23	person	1085	3	1129	49	0
000070	1	motorbike	806	228	1081	558	0
000070	2	motorbike	713	111	777	234	0
000070	3	motorbike	1036	48	1112	163	0
000070	5	motorbike	320	190	367	250	0
000070	6	motorbike	963	23	1012	124	0
000070	8	motorbike	801	43	830	114	0
000070	10	motorbike	652	104	720	192	1
000070	11	motorbike	1076	31	1137	107	0
000070	12	motorbike	538	118	624	268	1
000070	13	person	835	9	1018	320	0
000070	18	person	694	30	778	136	0
000070	19	person	304	135	358	203	0
000070	21	person	529	60	613	172	1
000070	22	person	627	32	692	119	1
000071	1	motorbike	802	223	1076	551	0
000071	2	motorbike	717	106	780	226	0
000071	3	motorbike	1033	47	1108	159	0
000071	5	motorbike	310	186	357	253	0
000071	6	motorbike	961	20	1010	120	0
000071	8	motorbike	801	40	830	111	0
000071	10	motorbike	642	103	710	191	1
000071	11	motorbike	1068	25	1132	103	0
000071	12	motorbike	542	111	627	265	1
000071	13	person	831	7	1014	317	0
000071	18	person	695	28	779	134	0
000071	19	person	291	136	345	204	0
000071	21	person	531	56	614	168	1
000071	22	person	616	31	681	118	1
000072	1	motorbike	798	218	1070	543	0
000072	2	motorbike	718	104	781	224	0
000072	3	motorbike	1031	45	1105	154	0
000072	5	motorbike	300	182	348	257	0
000072	6	motorbike	959	18	1007	116	0
000072	8	motorbike	801	38	830	109	0
000072	10	motorbike	632	103	700	191	1
000072	11	motorbike	1060	19	1127	99	0
000072	12	motorbike	546	104	630	262	1
000072	13	person	828	6	1011	314	0
000072	18	person	697	26	781	132	0
000072	19	person	278	138	332	206	0
000072	21	person	533	52	616	164	1
000072	22	person	606	31	671	118	1
000073	1	motorbike	795	213	1064	536	0
000073	2	motorbike	719	102	782	222	0
000073	3	motorbike	1028	43	1101	150	0
000073	5	motorbike	290	178	338	260	0
000073	6	motorbike	956	15	1005	112	0
000073	8	motorbike	801	35	830	106	0
000073	10	motorbike	622	102	690	190	1
000073	11	motorbike	1052	13	1122	95	0
000073	12	motorbike	551	98	633	260	1
000073	13	person	825	5	1008	311	0
000073	18	person	698	24	782	130	0
000073	19	person	265	139	319	207	0
000073	21	person	536	48	617	160	1
000073	22	person	595	30	660	117	1
000074	1	motorbike	791	207	1058	529	0
000074	2	motorbike	720	100	783	220	0
000074	3	motorbike	1026	42	1098	145	0
000074	5	motorbike	280	174	329	264	0
000074	6	motorbike	954	13	1002	108	0
000074	8	motorbike	801	32	830	103	0
000074	10	motorbike	612	102	680	190	1
000074	12	motorbike	551	98	635	255	1
000074	13	person	822	3	1005	309	0
000074	18	person	700	22	784	128	0
000074	19	person	252	141	306	209	0
000074	21	person	538	44	619	157	1
000074	22	person	585	30	650	117	1
000075	1	motorbike	788	202	1052	522	0
000075	2	motorbike	722	99	785	219	0
000075	3	motorbike	1023	40	1094	141	0
000075	5	motorbike	270	171	320	268	0
000075	6	motorbike	952	10	1000	104	0
000075	8	motorbike	800	30	829	101	0
000075	10	motorbike	602	101	670	189	1
000075	12	motorbike	551	99	637	251	1
000075	13	person	819	2	1002	306	0
000075	18	person	701	20	785	126	0
000075	19	person	239	142	293	210	0
000075	21	person	541	40	621	153	1
000075	22	person	575	30	640	117	1
000076	1	motorbike	784	197	1046	514	0
000076	2	motorbike	723	97	786	217	0
000076	3	motorbike	1020	38	1090	136	0
000076	5	motorbike	254	178	306	272	0
000076	6	motorbike	949	8	997	100	0
000076	8	motorbike	800	27	829	98	0
000076	12	motorbike	551	100	640	246	1
000076	13	person	816	1	999	303	0
000076	18	person	703	18	787	124	0
000076	19	person	227	144	281	212	0
000076	21	person	543	36	622	149	1
000076	22	person	564	29	629	116	1
000077	1	motorbike	781	192	1040	507	0
000077	2	motorbike	724	95	787	215	0
000077	3	motorbike	1018	36	1087	132	0
000077	5	motorbike	238	186	292	277	0
000077	6	motorbike	947	5	995	96	0
000077	8	motorbike	800	24	829	95	0
000077	12	motorbike	551	101	642	242	1
000077	13	person	813	0	996	301	0
000077	18	person	705	17	789	123	0
000077	19	person	214	145	268	213	0
000077	21	person	546	32	624	145	1
000077	22	person	554	29	619	116	1
000078	1	motorbike	777	187	1034	500	0
000078	2	motorbike	725	93	788	213	0
000078	3	motorbike	1015	35	1083	127	0
000078	5	motorbike	223	194	278	282	0
000078	8	motorbike	800	22	829	93	0
000078	12	motorbike	551	101	644	238	1
000078	13	person	813	0	996	300	0
000078	18	person	706	17	790	123	0
000078	19	person	201	147	255	215	0
000078	21	person	548	28	626	142	1
000078	22	person	544	29	609	116	1
000079	1	motorbike	774	182	1029	493	0
000079	2	motorbike	727	92	790	212	0
000079	3	motorbike	1013	33	1080	123	0
000079	5	motorbike	207	202	264	287	0
000079	8	motorbike	800	19	829	90	0
000079	12	motorbike	551	102	647	233	1
000079	13	person	814	0	997	300	0
000079	18	person	708	18	792	123	0
000079	19	person	188	148	242	216	0
000079	21	person	551	24	627	138	1
000079	22	person	533	28	598	115	1
000080	1	motorbike	778	184	1031	494	0
000080	2	motorbike	728	90	791	210	0
000080	3	motorbike	1010	31	1076	118	0
000080	5	motorbike	192	209	250	292	0
000080	8	motorbike	800	17	829	88	0
000080	12	motorbike	551	103	649	229	1
000080	13	person	815	0	998	300	0
000080	18	person	710	18	794	123	0
000080	19	person	175	150	229	218	0
000080	21	person	553	20	629	134	1
000080	22	person	523	28	588	115	1
000081	1	motorbike	782	186	1033	495	0
000081	2	motorbike	729	88	792	208	0
000081	3	motorbike	1008	30	1073	114	0
000081	5	motorbike	176	217	236	297	0
000081	8	motorbike	802	18	831	89	0
000081	12	motorbike	552	104	652	225	1
000081	13	person	816	0	999	300	0
000081	18	person	711	19	795	124	0
000081	19	person	163	152	217	220	0
000081	21	person	556	17	631	131	1
000081	22	person	513	28	578	115	1
000082	1	motorbike	786	189	1035	496	0
000082	2	motorbike	730	86	793	206	0
000082	3	motorbike	1008	34	1072	119	0
000082	5	motorbike	161	225	222	302	0
000082	8	motorbike	805	20	834	91	0
000082	12	motorbike	553	105	647	239	1
000082	13	person	817	0	1000	300	0
000082	18	person	713	19	797	124	0
000082	19	person	146	166	200	234	0
000082	21	person	556	24	631	138	1
000082	22	person	509	37	574	124	1
000083	1	motorbike	791	191	1037	497	0
000083	2	motorbike	732	85	795	205	0
000083	3	motorbike	1009	39	1071	125	0
000083	5	motorbike	145	233	208	307	0
000083	8	motorbike	808	22	837	93	0
000083	10	motorbike	508	122	609	209	1
000083	12	motorbike	554	106	642	254	1
000083	13	person	817	0	1000	300	0
000083	18	person	715	20	799	124	0
000083	19	person	129	180	183	248	0
000083	21	person	556	31	631	145	1
000083	22	person	505	47	570	134	1
000084	1	motorbike	795	193	1039	498	0
000084	2	motorbike	733	83	796	203	0
000084	3	motorbike	1009	44	1071	131	0
000084	8	motorbike	810	24	839	95	0
000084	10	motorbike	499	134	609	221	1
000084	12	motorbike	555	107	637	269	1
000084	13	person	818	0	1001	300	0
000084	18	person	716	20	800	125	0
000084	21	person	556	38	631	152	1
000084	22	person	501	57	566	144	1
000085	1	motorbike	799	196	1041	499	0
000085	2	motorbike	734	81	797	201	0
000085	3	motorbike	1010	49	1070	136	0
000085	8	motorbike	813	26	842	97	0
000085	10	motorbike	490	147	609	234	1
000085	12	motorbike	554	122	635	273	1
000085	13	person	819	0	1002	300	0
000085	18	person	718	21	802	125	0
000085	21	person	557	43	632	157	1
000085	22	person	494	62	559	155	1
000086	1	motorbike	804	198	1043	501	0
000086	2	motorbike	736	80	799	200	0
000086	3	motorbike	1010	54	1070	142	0
000086	8	motorbike	816	28	845	99	0
000086	10	motorbike	481	159	609	246	1
000086	12	motorbike	553	137	634	277	1
000086	13	person	820	0	1003	300	0
000086	18	person	720	21	804	125	0
000086	21	person	558	48	633	162	1
000086	22	person	487	67	552	166	1
000087	1	motorbike	808	200	1045	502	0
000087	2	motorbike	740	91	803	203	0
000087	3	motorbike	1011	59	1069	148	0
000087	10	motorbike	472	172	609	259	1
000087	12	motorbike	552	152	633	282	1
000087	13	person	821	0	1004	300	0
000087	18	person	722	22	806	126	0
000087	21	person	560	53	635	167	1
000087	22	person	481	73	545	177	1
000088	1	motorbike	812	203	1047	503	0
000088	2	motorbike	745	103	808	206	0
000088	3	motorbike	1011	64	1069	154	0
000088	10	motorbike	463	185	609	271	1
000088	12	motorbike	551	167	632	305	1
000088	13	person	822	0	1005	300	0
000088	18	person	730	32	809	133	0
000088	21	person	564	66	639	180	1
000088	22	person	470	87	541	190	1
000089	1	motorbike	816	205	1049	504	0
000089	2	motorbike	750	115	813	209	0
000089	3	motorbike	1012	69	1068	159	0
000089	10	motorbike	454	197	609	284	1
000089	12	motorbike	550	183	632	329	1
000089	13	person	822	0	1005	300	0
000089	18	person	738	42	812	140	0
000089	21	person	569	79	644	193	1
000089	22	person	460	101	537	204	1
000090	1	motorbike	821	207	1051	505	0
000090	2	motorbike	754	126	817	212	0
000090	3	motorbike	1012	74	1068	165	0
000090	10	motorbike	445	210	609	296	1
000090	12	motorbike	549	198	631	352	1
000090	13	person	823	0	1006	300	0
000090	18	person	746	53	815	147	0
000090	21	person	574	93	648	207	1
000090	22	person	449	115	533	218	1
000091	1	motorbike	825	210	1053	506	0
000091	2	motorbike	759	138	822	215	0
000091	3	motorbike	1013	79	1067	171	0
000091	10	motorbike	437	223	610	309	1
000091	12	motorbike	549	214	631	376	1
000091	13	person	824	0	1007	300	0
000091	18	person	754	63	818	154	0
000091	21	person	579	106	653	220	1
000091	22	person	439	129	529	232	1
000092	1	motorbike	829	212	1055	507	0
000092	2	motorbike	764	150	827	219	0
000092	3	motorbike	1014	84	1067	177	0
000092	10	motorbike	430	230	603	316	1
000092	12	motorbike	543	216	640	390	1
000092	13	person	825	0	1008	300	0
000092	18	person	763	74	821	162	0
000092	21	person	584	120	658	234	1
000092	22	person	429	143	525	246	1
000093	1	motorbike	834	215	1057	509	0
000093	2	motorbike	768	148	828	221	0
000093	3	motorbike	1012	82	1063	176	0
000093	10	motorbike	423	237	596	323	1
000093	12	motorbike	537	219	650	405	1
000093	13	person	826	0	1009	300	0
000093	18	person	765	75	823	163	0
000093	21	person	579	122	666	245	1
000093	22	person	423	151	519	254	1
000094	1	motorbike	837	213	1053	501	0
000094	2	motorbike	772	146	830	224	0
000094	3	motorbike	1010	81	1060	175	0
000094	10	motorbike	416	245	589	331	1
000094	12	motorbike	531	222	659	420	1
000094	13	person	827	0	1010	300	0
000094	18	person	768	76	826	164	0
000094	21	person	575	124	674	257	1
000094	22	person	417	160	513	263	1
000095	1	motorbike	840	212	1050	494	0
000095	2	motorbike	776	144	832	226	0
000095	3	motorbike	1008	80	1057	175	0
000095	10	motorbike	409	252	582	338	1
000095	12	motorbike	525	224	669	434	1
000095	13	person	827	0	1010	300	0
000095	18	person	771	77	829	165	0
000095	21	person	570	127	682	269	1
000095	22	person	411	168	507	271	1
000096	1	motorbike	843	211	1047	486	0
000096	2	motorbike	780	142	834	229	0
000096	3	motorbike	1006	79	1054	174	0
000096	10	motorbike	402	259	575	345	1
000096	12	motorbike	519	227	678	449	1
000096	13	person	828	0	1011	300	0
000096	18	person	774	78	832	166	0
000096	21	person	566	129	691	281	1
000096	22	person	405	177	501	280	1
000097	1	motorbike	846	210	1043	479	0
000097	2	motorbike	784	140	835	231	0
000097	3	motorbike	1004	77	1050	173	0
000097	10	motorbike	395	267	568	353	1
000097	12	motorbike	513	230	688	464	1
000097	13	person	829	0	1012	300	0
000097	18	person	776	79	834	167	0
000097	21	person	561	131	699	292	1
000097	22	person	399	185	495	288	1
000098	1	motorbike	849	209	1040	471	0
000098	2	motorbike	788	138	837	234	0
000098	3	motorbike	1002	76	1047	173	0
000098	10	motorbike	388	274	561	360	1
000098	12	motorbike	507	232	697	478	1
000098	13	person	830	0	1013	300	0
000098	18	person	779	80	837	168	0
000098	21	person	557	134	707	304	1
000098	22	person	393	194	489	297	1
000099	1	motorbike	852	208	1037	464	0
000099	2	motorbike	792	136	839	236	0
000099	3	motorbike	1000	75	1044	172	0
000099	10	motorbike	381	281	554	367	1
000099	12	motorbike	501	235	707	493	1
000099	13	person	831	0	1014	300	0
000099	18	person	782	81	840	169	0
000099	21	person	552	136	715	316	1
000099	22	person	387	202	483	305	1
000100	1	motorbike	856	207	1034	457	0
000100	2	motorbike	796	135	841	239	0
000100	3	motorbike	999	74	1041	172	0
000100	10	motorbike	374	289	547	375	1
000100	12	motorbike	495	238	717	508	1
000100	13	person	832	0	1015	300	0
000100	18	person	785	82	843	170	0
000100	21	person	548	139	724	328	1
000100	22	person	382	211	477	314	1
