000001	1	person	1029	252	1094	363	1
000001	2	motorbike	992	327	1100	423	1
000001	3	car	2	228	104	302	0
000001	4	car	533	224	579	290	0
000001	5	motorbike	300	241	342	304	0
000001	6	motorbike	412	241	438	292	0
000001	7	motorbike	481	236	504	294	0
000001	8	motorbike	562	239	592	289	0
000001	12	car	86	230	153	295	0
000002	1	person	1027	251	1092	362	1
000002	2	motorbike	990	326	1098	421	1
000002	3	car	1	227	103	301	0
000002	4	car	533	223	579	288	0
000002	5	motorbike	298	239	341	303	0
000002	6	motorbike	411	239	437	291	0
000002	7	motorbike	480	235	503	293	0
000002	8	motorbike	563	238	593	288	0
000002	12	car	84	229	151	294	0
000003	1	person	1026	251	1091	362	1
000003	2	motorbike	989	325	1097	420	1
000003	3	car	1	226	102	300	0
000003	4	car	533	222	579	287	0
000003	5	motorbike	297	238	340	302	0
000003	6	motorbike	410	238	436	291	0
000003	7	motorbike	480	234	503	292	0
000003	8	motorbike	564	238	595	288	0
000003	12	car	83	229	150	294	0
000004	1	person	1024	250	1089	361	1
000004	2	motorbike	988	324	1096	419	1
000004	3	car	1	225	101	299	0
000004	4	car	534	221	579	286	0
000004	5	motorbike	296	236	339	301	0
000004	6	motorbike	410	237	436	290	0
000004	7	motorbike	480	233	503	291	0
000004	8	motorbike	565	238	597	288	0
000004	12	car	82	228	148	293	0
000005	1	person	1023	250	1088	361	1
000005	2	motorbike	986	323	1094	418	1
000005	3	car	1	224	100	298	0
000005	4	car	534	220	580	285	0
000005	5	motorbike	295	235	338	301	0
000005	6	motorbike	409	236	435	290	0
000005	7	motorbike	480	232	503	290	0
000005	8	motorbike	566	237	598	288	0
000005	12	car	80	228	147	293	0
000006	1	person	1022	249	1087	360	1
000006	2	motorbike	985	322	1093	417	1
000006	3	car	1	223	99	297	0
000006	4	car	535	219	580	284	0
000006	5	motorbike	294	234	337	300	0
000006	6	motorbike	409	235	434	290	0
000006	7	motorbike	480	232	503	290	0
000006	8	motorbike	567	237	600	288	0
000006	12	car	79	227	146	292	0
000007	1	person	1020	249	1085	360	1
000007	2	motorbike	984	321	1092	416	1
000007	3	car	1	222	98	296	0
000007	4	car	535	218	580	283	0
000007	5	motorbike	293	232	336	299	0
000007	6	motorbike	408	234	434	289	0
000007	7	motorbike	480	231	503	289	0
000007	8	motorbike	568	237	602	288	0
000007	12	car	78	227	144	292	0
000008	1	person	1019	248	1084	359	1
000008	2	motorbike	982	320	1090	415	1
000008	3	car	0	222	98	296	0
000008	4	car	536	217	581	281	0
000008	5	motorbike	291	231	335	299	0
000008	6	motorbike	408	233	433	289	0
000008	7	motorbike	480	230	503	288	0
000008	8	motorbike	569	236	603	288	0
000008	12	car	76	226	143	292	0
000009	1	person	1018	248	1082	359	1
000009	2	motorbike	981	319	1089	414	1
000009	3	car	0	221	97	295	0
000009	4	car	536	216	581	280	0
000009	5	motorbike	290	229	334	298	0
000009	6	motorbike	407	232	433	288	0
000009	7	motorbike	480	229	503	287	0
000009	8	motorbike	571	236	605	288	0
000009	12	car	75	226	142	291	0
000010	1	person	1016	247	1081	358	1
000010	2	motorbike	980	318	1088	413	1
000010	3	car	0	220	96	294	0
000010	4	car	537	215	581	279	0
000010	5	motorbike	289	228	333	297	0
000010	6	motorbike	407	231	432	288	0
000010	7	motorbike	480	229	503	287	0
000010	8	motorbike	572	236	607	288	0
000010	12	car	74	225	140	291	0
000011	1	person	1015	247	1080	358	1
000011	2	motorbike	978	317	1086	412	1
000011	3	car	0	219	95	293	0
000011	4	car	537	214	582	278	0
000011	5	motorbike	288	227	332	297	0
000011	6	motorbike	406	230	431	288	0
000011	7	motorbike	480	228	503	286	0
000011	8	motorbike	573	235	608	287	0
000011	12	car	72	225	139	290	0
000012	1	person	1014	246	1078	357	1
000012	2	motorbike	977	316	1085	411	1
000012	3	car	0	218	94	292	0
000012	4	car	538	213	582	277	0
000012	5	motorbike	287	225	331	296	0
000012	6	motorbike	406	229	431	287	0
000012	7	motorbike	480	227	503	285	0
000012	8	motorbike	574	235	610	287	0
000012	12	car	71	225	138	290	0
000013	1	person	1012	246	1077	357	1
000013	2	motorbike	976	315	1084	410	1
000013	3	car	0	217	93	291	0
000013	4	car	538	212	582	276	0
000013	5	motorbike	286	224	330	295	0
000013	6	motorbike	405	228	430	287	0
000013	7	motorbike	480	226	503	284	0
000013	8	motorbike	575	235	612	287	0
000013	12	car	70	224	136	290	0
000014	1	person	1011	245	1075	356	1
000014	2	motorbike	975	314	1083	409	1
000014	3	car	0	217	93	291	0
000014	4	car	539	211	583	275	0
000014	5	motorbike	285	223	329	295	0
000014	6	motorbike	405	227	430	287	0
000014	7	motorbike	480	226	503	284	0
000014	8	motorbike	576	235	614	287	0
000014	12	car	68	224	135	289	0
000015	1	person	1009	245	1074	356	1
000015	2	motorbike	973	313	1081	408	1
000015	3	car	0	217	90	291	0
000015	4	car	538	211	582	275	0
000015	5	motorbike	282	223	326	295	0
000015	6	motorbike	403	227	428	287	0
000015	7	motorbike	478	226	501	284	0
000015	8	motorbike	577	234	615	287	0
000015	12	car	67	223	134	289	0
000016	1	person	1008	244	1073	355	1
000016	2	motorbike	972	312	1080	407	1
000016	3	car	0	217	88	291	0
000016	4	car	537	211	581	275	0
000016	5	motorbike	279	223	323	295	0
000016	6	motorbike	401	227	426	287	0
000016	7	motorbike	476	226	499	284	0
000016	8	motorbike	579	234	617	287	0
000016	12	car	66	223	132	288	0
000017	1	person	1007	244	1071	355	1
000017	2	motorbike	971	311	1079	406	1
000017	3	car	0	217	86	291	0
000017	4	car	537	211	581	275	0
000017	5	motorbike	276	223	320	295	0
000017	6	motorbike	399	227	424	287	0
000017	7	motorbike	474	226	498	284	0
000017	8	motorbike	580	234	619	287	0
000017	12	car	65	222	131	288	0
000018	1	person	1005	243	1070	354	1
000018	2	motorbike	969	310	1077	405	1
000018	3	car	0	217	84	291	0
000018	4	car	536	211	580	275	0
000018	5	motorbike	273	224	317	296	0
000018	6	motorbike	397	227	422	287	0
000018	7	motorbike	473	226	496	284	0
000018	8	motorbike	581	233	620	287	0
000018	12	car	63	222	130	287	0
000019	1	person	1004	243	1069	354	1
000019	2	motorbike	968	309	1076	404	1
000019	3	car	0	217	82	291	0
000019	4	car	536	211	580	275	0
000019	5	motorbike	270	224	314	296	0
000019	6	motorbike	395	227	420	287	0
000019	7	motorbike	471	226	494	284	0
000019	8	motorbike	582	233	622	287	0
000019	12	car	62	221	128	287	0
000020	1	person	1003	242	1067	353	1
000020	2	motorbike	967	308	1075	402	1
000020	3	car	0	217	80	291	0
000020	4	car	535	211	579	275	0
000020	5	motorbike	268	224	312	296	0
000020	6	motorbike	394	227	418	287	0
000020	7	motorbike	469	226	493	284	0
000020	8	motorbike	583	233	624	286	0
000020	12	car	61	221	127	287	0
000021	1	person	1001	242	1066	353	1
000021	2	motorbike	965	307	1073	401	1
000021	3	car	0	217	78	291	0
000021	4	car	535	211	579	275	0
000021	5	motorbike	265	225	309	297	0
000021	6	motorbike	392	227	416	287	0
000021	7	motorbike	468	226	491	284	0
000021	8	motorbike	584	232	625	286	0
000021	9	person	1108	254	1141	336	0
000021	12	car	59	221	126	286	0
000022	1	person	1000	241	1064	352	1
000022	2	motorbike	964	306	1072	400	1
000022	3	car	0	217	76	291	0
000022	4	car	534	211	578	275	0
000022	5	motorbike	262	225	306	297	0
000022	6	motorbike	390	227	415	287	0
000022	7	motorbike	466	226	490	284	0
000022	8	motorbike	585	232	627	286	0
000022	9	person	1109	254	1142	336	0
000022	12	car	58	220	124	286	0
000023	1	person	999	241	1063	352	1
000023	2	motorbike	963	305	1071	399	1
000023	3	car	0	217	74	291	0
000023	4	car	533	211	577	275	0
000023	5	motorbike	259	225	303	297	0
000023	6	motorbike	388	227	413	287	0
000023	7	motorbike	464	226	488	284	0
000023	8	motorbike	587	232	629	286	0
000023	9	person	1111	254	1144	336	0
000023	12	car	57	220	123	285	0
000024	1	person	997	240	1062	351	1
000024	2	motorbike	961	304	1069	398	1
000024	3	car	0	217	72	291	0
000024	4	car	533	211	577	275	0
000024	5	motorbike	256	226	300	298	0
000024	6	motorbike	386	227	411	287	0
000024	7	motorbike	463	226	486	284	0
000024	8	motorbike	588	231	630	286	0
000024	9	person	1112	255	1145	336	0
000024	12	car	55	219	122	285	0
000025	1	person	996	240	1060	351	1
000025	2	motorbike	960	303	1068	397	1
000025	3	car	0	217	70	291	0
000025	4	car	532	211	576	275	0
000025	5	motorbike	253	226	297	298	0
000025	6	motorbike	384	227	409	287	0
000025	7	motorbike	461	226	485	284	0
000025	8	motorbike	589	231	632	286	0
000025	9	person	1114	255	1147	337	0
000025	12	car	54	219	120	285	0
000026	1	person	994	239	1059	350	1
000026	2	motorbike	959	302	1067	396	1
000026	3	car	0	217	68	291	0
000026	4	car	532	211	576	275	0
000026	5	motorbike	251	226	295	298	0
000026	6	motorbike	383	227	407	287	0
000026	7	motorbike	459	226	483	284	0
000026	8	motorbike	590	231	634	286	0
000026	9	person	1116	255	1149	337	0
000026	12	car	53	218	119	284	0
000027	1	person	993	239	1057	350	1
000027	2	motorbike	958	301	1066	395	1
000027	3	car	0	217	66	291	0
000027	4	car	531	211	575	275	0
000027	5	motorbike	248	226	292	298	0
000027	6	motorbike	381	227	405	287	0
000027	7	motorbike	458	227	482	285	0
000027	8	motorbike	591	231	636	286	0
000027	9	person	1117	256	1150	337	0
000027	12	car	51	218	118	284	0
000028	1	person	992	238	1056	349	1
000028	2	motorbike	956	300	1064	394	1
000028	3	car	0	217	64	291	0
000028	4	car	531	211	575	275	0
000028	5	motorbike	245	227	289	299	0
000028	6	motorbike	379	227	403	287	0
000028	7	motorbike	455	227	479	285	0
000028	8	motorbike	592	230	637	286	0
000028	9	person	1119	256	1152	338	0
000028	12	car	50	217	116	283	0
000029	1	person	990	238	1055	349	1
000029	2	motorbike	955	299	1063	393	1
000029	3	car	0	217	62	291	0
000029	4	car	530	211	574	275	0
000029	5	motorbike	242	227	286	299	0
000029	6	motorbike	377	227	401	287	0
000029	7	motorbike	453	228	477	286	0
000029	8	motorbike	593	230	639	285	0
000029	9	person	1120	256	1153	338	0
000029	12	car	49	217	115	283	0
000030	1	person	989	237	1053	348	1
000030	2	motorbike	954	298	1062	392	1
000030	3	car	0	217	60	291	0
000030	4	car	529	211	573	275	0
000030	5	motorbike	239	227	283	299	0
000030	6	motorbike	375	227	400	287	0
000030	7	motorbike	451	229	475	287	0
000030	8	motorbike	595	230	641	285	0
000030	9	person	1122	257	1155	338	0
000030	12	car	48	217	114	283	0
000031	1	person	988	237	1052	348	1
000031	2	motorbike	952	297	1060	391	1
000031	3	car	0	217	58	291	0
000031	4	car	529	211	573	275	0
000031	5	motorbike	236	228	280	300	0
000031	6	motorbike	373	227	398	287	0
000031	7	motorbike	449	229	473	287	0
000031	8	motorbike	596	229	642	285	0
000031	9	person	1124	257	1157	339	0
000031	12	car	46	217	112	283	0
000032	1	person	986	236	1050	347	1
000032	2	motorbike	951	296	1059	390	1
000032	3	car	0	217	56	291	0
000032	4	car	528	211	572	275	0
000032	5	motorbike	234	228	278	300	0
000032	6	motorbike	372	227	396	287	0
000032	7	motorbike	447	230	471	288	0
000032	8	motorbike	597	229	644	285	0
000032	9	person	1125	257	1158	339	0
000032	12	car	44	218	110	284	0
000033	1	person	985	236	1049	347	1
000033	2	motorbike	950	295	1058	389	1
000033	3	car	0	217	54	291	0
000033	4	car	528	211	572	275	0
000033	5	motorbike	231	228	275	300	0
000033	6	motorbike	370	227	394	287	0
000033	7	motorbike	445	231	469	289	0
000033	8	motorbike	598	229	646	285	0
000033	9	person	1127	258	1160	339	0
000033	12	car	43	218	109	284	0
000034	1	person	984	235	1048	346	1
000034	2	motorbike	948	294	1056	388	1
000034	3	car	0	217	52	291	0
000034	4	car	527	211	571	275	0
000034	5	motorbike	228	229	272	301	0
000034	6	motorbike	368	227	392	287	0
000034	7	motorbike	443	232	467	290	0
000034	8	motorbike	599	228	647	285	0
000034	9	person	1128	258	1161	340	0
000034	12	car	41	219	107	285	0
000035	1	person	982	235	1046	346	1
000035	2	motorbike	947	293	1055	387	1
000035	3	car	0	217	50	291	0
000035	4	car	527	211	571	275	0
000035	5	motorbike	225	229	269	301	0
000035	6	motorbike	366	227	390	287	0
000035	7	motorbike	441	232	465	290	0
000035	8	motorbike	600	228	649	285	0
000035	9	person	1130	259	1163	340	0
000035	12	car	39	219	105	286	0
000036	1	person	981	234	1045	345	1
000036	2	motorbike	946	292	1054	386	1
000036	3	car	0	217	48	291	0
000036	4	car	526	211	570	275	0
000036	5	motorbike	222	229	266	301	0
000036	6	motorbike	364	227	388	287	0
000036	7	motorbike	439	233	463	291	0
000036	8	motorbike	601	228	651	285	0
000036	9	person	1132	259	1165	340	0
000036	12	car	38	220	104	286	0
000037	1	person	980	234	1044	345	1
000037	2	motorbike	945	291	1053	385	1
000037	4	car	526	211	570	275	0
000037	5	motorbike	220	230	264	302	0
000037	6	motorbike	363	227	387	287	0
000037	7	motorbike	436	234	460	292	0
000037	8	motorbike	603	228	653	285	0
000037	9	person	1133	259	1166	341	0
000037	12	car	36	220	102	287	0
000038	1	person	978	234	1042	343	1
000038	2	motorbike	944	290	1050	384	1
000038	4	car	525	210	570	276	0
000038	5	motorbike	216	229	260	303	0
000038	6	motorbike	359	227	384	288	0
000038	7	motorbike	434	235	458	293	0
000038	8	motorbike	606	229	656	286	0
000038	9	person	1135	260	1168	341	0
000038	12	car	35	221	101	288	0
000039	1	person	976	235	1040	342	1
000039	2	motorbike	944	290	1047	384	1
000039	4	car	524	210	570	277	0
000039	5	motorbike	212	229	256	305	0
000039	6	motorbike	355	228	382	290	0
000039	7	motorbike	432	235	456	293	0
000039	8	motorbike	610	230	660	287	0
000039	9	person	1136	260	1169	341	0
000039	12	car	33	221	99	288	0
000040	1	person	974	235	1038	341	1
000040	2	motorbike	944	290	1044	384	1
000040	4	car	523	209	571	278	0
000040	5	motorbike	208	229	252	306	0
000040	6	motorbike	351	229	380	292	0
000040	7	motorbike	430	236	454	294	0
000040	8	motorbike	614	231	664	288	0
000040	9	person	1138	260	1171	342	0
000040	12	car	31	222	97	289	0
000041	1	person	972	236	1036	340	1
000041	2	motorbike	944	290	1041	384	1
000041	4	car	523	209	571	279	0
000041	5	motorbike	204	228	248	308	0
000041	6	motorbike	347	230	378	294	0
000041	7	motorbike	428	237	452	295	0
000041	8	motorbike	618	233	668	290	0
000041	9	person	1140	261	1173	342	0
000041	12	car	30	222	96	289	0
000042	1	person	970	236	1034	338	1
000042	2	motorbike	944	290	1038	384	1
000042	4	car	522	208	572	280	0
000042	5	motorbike	200	228	244	309	0
000042	6	motorbike	344	231	375	296	0
000042	7	motorbike	426	238	450	296	0
000042	8	motorbike	622	234	672	291	0
000042	9	person	1141	261	1174	342	0
000042	12	car	28	223	94	290	0
000043	1	person	968	237	1032	337	1
000043	2	motorbike	944	290	1035	384	1
000043	4	car	521	208	572	281	0
000043	5	motorbike	196	228	240	311	0
000043	6	motorbike	340	232	373	298	0
000043	7	motorbike	424	238	448	296	0
000043	8	motorbike	626	235	676	292	0
000043	9	person	1143	261	1176	343	0
000043	12	car	26	223	92	291	0
000044	1	person	966	237	1030	336	1
000044	2	motorbike	944	290	1032	384	1
000044	4	car	521	208	573	282	0
000044	5	motorbike	192	227	236	312	0
000044	6	motorbike	336	233	371	300	0
000044	7	motorbike	422	239	446	297	0
000044	8	motorbike	630	237	680	294	0
000044	9	person	1144	262	1177	343	0
000044	11	car	1053	253	1140	315	0
000044	12	car	25	224	91	291	0
000045	1	person	964	238	1028	335	1
000045	2	motorbike	944	290	1029	384	1
000045	4	car	521	209	573	283	0
000045	5	motorbike	188	227	232	314	0
000045	6	motorbike	332	234	369	302	0
000045	7	motorbike	420	240	444	298	0
000045	8	motorbike	635	237	685	294	0
000045	9	person	1146	262	1179	343	0
000045	11	car	1053	254	1142	316	0
000045	12	car	23	224	89	292	0
000046	1	person	963	239	1027	334	1
000046	2	motorbike	944	290	1027	383	1
000046	4	car	521	211	573	285	0
000046	5	motorbike	184	227	228	316	0
000046	6	motorbike	329	235	367	304	0
000046	7	motorbike	418	241	442	299	0
000046	8	motorbike	640	238	690	294	0
000046	9	person	1148	263	1181	344	0
000046	10	motorbike	461	241	496	293	0
000046	11	car	1054	255	1144	317	0
000046	13	car	365	238	415	295	0
000046	14	car	0	229	178	379	1
000047	1	person	963	241	1027	334	1
000047	2	motorbike	944	290	1024	383	1
000047	4	car	521	213	573	287	0
000047	5	motorbike	180	227	224	316	0
000047	6	motorbike	324	236	362	305	0
000047	7	motorbike	415	240	439	300	0
000047	8	motorbike	645	239	695	295	0
000047	9	person	1150	263	1183	344	0
000047	10	motorbike	460	241	495	293	0
000047	11	car	1055	256	1146	318	0
000047	13	car	362	238	412	295	0
000047	14	car	0	229	211	377	1
000048	1	person	963	243	1027	335	1
000048	2	motorbike	944	290	1021	383	1
000048	4	car	521	214	573	288	0
000048	5	motorbike	177	227	221	316	0
000048	6	motorbike	319	237	357	306	0
000048	7	motorbike	412	240	436	301	0
000048	8	motorbike	650	239	700	295	0
000048	9	person	1152	264	1185	345	0
000048	10	motorbike	460	241	494	293	0
000048	11	car	1056	257	1148	319	0
000048	13	car	359	239	409	295	0
000048	14	car	0	229	245	376	1
000049	1	person	963	245	1027	336	1
000049	2	motorbike	944	290	1018	383	1
000049	4	car	521	216	573	290	0
000049	5	motorbike	174	227	218	316	0
000049	6	motorbike	314	238	352	307	0
000049	7	motorbike	409	240	433	302	0
000049	8	motorbike	655	240	705	295	0
000049	9	person	1155	265	1188	346	0
000049	10	motorbike	459	241	494	293	0
000049	11	car	1057	258	1150	320	0
000049	13	car	356	239	406	295	0
000049	14	car	0	229	279	375	1
000050	1	person	963	248	1027	337	1
000050	2	motorbike	944	290	1015	383	1
000050	4	car	521	218	573	292	0
000050	6	motorbike	310	239	348	308	0
000050	7	motorbike	406	240	430	303	0
000050	8	motorbike	660	241	710	296	0
000050	9	person	1157	266	1190	347	0
000050	10	motorbike	459	241	493	293	0
000050	11	car	1058	260	1152	321	0
000050	13	car	354	240	404	295	0
000050	14	car	0	229	313	374	1
000051	1	person	958	247	1022	336	1
000051	2	motorbike	944	290	1012	383	1
000051	4	car	519	217	571	291	0
000051	6	motorbike	310	239	348	308	0
000051	7	motorbike	403	239	430	301	0
000051	8	motorbike	664	242	714	297	0
000051	9	person	1159	267	1192	348	0
000051	10	motorbike	458	241	492	293	0
000051	11	car	1058	260	1153	321	0
000051	13	car	352	238	402	293	0
000051	14	car	20	229	345	373	1
000052	1	person	954	246	1018	335	1
000052	2	motorbike	944	290	1009	383	1
000052	4	car	518	217	570	291	0
000052	6	motorbike	310	239	348	308	0
000052	7	motorbike	401	238	430	300	0
000052	8	motorbike	668	243	718	298	0
000052	9	person	1162	268	1195	349	0
000052	10	motorbike	458	241	492	293	0
000052	11	car	1059	261	1154	321	0
000052	13	car	350	237	401	292	0
000052	14	car	41	229	378	373	1
000053	1	person	949	245	1013	334	1
000053	2	motorbike	944	290	1006	383	1
000053	4	car	517	216	569	290	0
000053	6	motorbike	310	239	348	308	0
000053	7	motorbike	398	237	430	299	0
000053	8	motorbike	672	244	722	299	0
000053	9	person	1164	269	1197	350	0
000053	10	motorbike	457	241	491	293	0
000053	11	car	1059	262	1156	321	0
000053	13	car	348	236	399	291	0
000053	14	car	61	229	410	372	1
000054	1	person	945	244	1009	333	1
000054	2	motorbike	944	290	1004	383	1
000054	4	car	516	216	568	290	0
000054	7	motorbike	396	236	430	298	0
000054	8	motorbike	677	245	727	300	0
000054	9	person	1167	270	1200	351	0
000054	10	motorbike	457	241	491	293	0
000054	11	car	1060	263	1157	321	0
000054	13	car	347	235	398	290	0
000054	14	car	82	230	443	372	1
000055	1	person	942	244	1006	333	1
000055	2	motorbike	942	290	1002	383	1
000055	4	car	515	216	567	290	0
000055	7	motorbike	396	236	430	298	0
000055	8	motorbike	679	244	729	298	0
000055	9	person	1169	270	1202	351	0
000055	10	motorbike	457	241	491	293	0
000055	11	car	1060	264	1159	321	0
000055	13	car	347	235	398	290	0
000055	14	car	119	228	476	371	1
000056	1	person	940	245	1004	334	1
000056	2	motorbike	941	290	1001	383	1
000056	4	car	514	215	566	289	0
000056	7	motorbike	396	236	430	298	0
000056	8	motorbike	682	243	732	297	0
000056	9	person	1171	271	1204	352	0
000056	10	motorbike	457	241	491	293	0
000056	11	car	1061	265	1160	322	0
000056	13	car	347	235	398	290	0
000056	14	car	156	227	509	370	1
000057	1	person	938	246	1002	335	1
000057	2	motorbike	939	290	999	383	1
000057	4	car	513	215	565	289	0
000057	5	motorbike	123	235	167	324	0
000057	8	motorbike	685	242	735	296	0
000057	9	person	1173	271	1206	352	0
000057	11	car	1062	265	1161	322	0
000057	14	car	194	226	542	370	1
000058	1	person	936	247	1000	336	1
000058	2	motorbike	938	290	998	383	1
000058	4	car	512	214	564	288	0
000058	5	motorbike	112	236	160	325	0
000058	8	motorbike	690	244	740	298	0
000058	9	person	1175	272	1208	353	0
000058	11	car	1062	266	1163	322	0
000058	14	car	227	229	567	369	1
000059	1	person	933	248	997	337	1
000059	2	motorbike	937	290	997	383	1
000059	4	car	511	214	563	288	0
000059	5	motorbike	102	238	153	326	0
000059	8	motorbike	695	246	745	300	0
000059	9	person	1177	273	1210	354	0
000059	11	car	1063	267	1164	322	0
000059	14	car	260	233	592	368	1
000060	1	person	931	249	995	338	1
000060	2	motorbike	935	290	995	383	1
000060	4	car	510	214	562	288	0
000060	5	motorbike	91	239	146	328	0
000060	8	motorbike	700	248	750	302	0
000060	9	person	1179	273	1212	354	0
000060	11	car	1063	268	1166	322	0
000060	14	car	294	237	617	368	1
000061	1	person	929	250	993	339	1
000061	2	motorbike	934	290	994	383	1
000061	4	car	507	213	561	289	0
000061	5	motorbike	81	241	139	329	0
000061	8	motorbike	705	250	755	304	0
000061	9	person	1181	274	1214	355	0
000061	11	car	1064	269	1167	322	0
000061	14	car	327	241	642	367	1
000062	1	person	927	251	991	340	1
000062	2	motorbike	933	290	993	383	1
000062	4	car	505	213	561	290	0
000062	5	motorbike	71	243	133	331	0
000062	6	motorbike	247	233	281	324	0
000062	8	motorbike	711	252	761	306	0
000062	9	person	1183	275	1217	356	0
000062	11	car	1065	270	1169	323	0
000062	13	car	296	247	360	301	0
000062	14	car	361	245	667	367	1
000063	1	person	926	250	990	339	1
000063	2	motorbike	930	291	990	380	1
000063	4	car	503	213	560	291	0
000063	5	motorbike	61	244	123	332	0
000063	6	motorbike	238	233	275	325	0
000063	8	motorbike	716	251	766	305	0
000063	9	person	1186	275	1220	356	0
000063	11	car	1066	269	1170	323	0
000063	13	car	291	246	355	300	0
000063	14	car	392	244	691	364	1
000064	1	person	926	250	990	339	1
000064	2	motorbike	927	292	987	377	1
000064	4	car	501	213	560	292	0
000064	5	motorbike	51	245	113	333	0
000064	6	motorbike	229	234	269	326	0
000064	8	motorbike	721	250	771	304	0
000064	9	person	1189	275	1223	356	0
000064	11	car	1068	269	1172	323	0
000064	13	car	287	246	351	300	0
000064	14	car	424	244	716	361	1
000065	1	person	926	250	990	339	1
000065	2	motorbike	925	293	984	374	1
000065	4	car	498	212	560	293	0
000065	5	motorbike	42	246	104	334	0
000065	6	motorbike	220	235	264	327	0
000065	8	motorbike	727	249	777	303	0
000065	9	person	1192	275	1226	356	0
000065	11	car	1070	269	1174	323	0
000065	13	car	283	245	347	299	0
000065	14	car	456	244	740	358	1
000066	1	person	926	250	989	339	1
000066	2	motorbike	922	294	981	371	1
000066	4	car	496	212	559	294	0
000066	5	motorbike	32	247	94	335	0
000066	6	motorbike	211	235	258	328	0
000066	8	motorbike	732	248	782	302	0
000066	9	person	1195	275	1229	356	0
000066	11	car	1072	269	1176	323	0
000066	13	car	279	245	343	299	0
000066	14	car	487	244	765	355	1
000067	1	person	926	250	989	339	1
000067	2	motorbike	919	295	978	368	1
000067	4	car	494	212	559	295	0
000067	5	motorbike	22	248	84	336	0
000067	6	motorbike	202	236	252	329	0
000067	8	motorbike	737	247	787	301	0
000067	9	person	1198	275	1232	356	0
000067	11	car	1074	269	1178	323	0
000067	13	car	275	244	339	298	0
000067	14	car	519	244	789	352	1
000068	1	person	926	250	989	339	1
000068	2	motorbike	917	297	976	366	1
000068	4	car	492	212	559	296	0
000068	6	motorbike	193	237	247	331	0
000068	7	motorbike	328	235	367	312	0
000068	10	motorbike	419	243	452	304	0
000068	11	car	1076	269	1180	323	0
000068	13	car	271	244	335	298	0
000068	14	car	551	244	814	350	1
000069	1	person	924	249	986	337	1
000069	2	motorbike	916	296	974	365	1
000069	4	car	490	211	559	295	0
000069	6	motorbike	182	237	236	331	0
000069	7	motorbike	322	237	361	314	0
000069	10	motorbike	417	242	450	303	0
000069	11	car	1078	269	1182	323	0
000069	13	car	266	243	330	297	0
000069	14	car	577	243	833	348	1
000070	1	person	922	248	984	335	1
000070	2	motorbike	916	296	972	365	1
000070	4	car	489	211	559	295	0
000070	6	motorbike	171	237	225	331	0
000070	7	motorbike	317	239	356	316	0
000070	10	motorbike	415	242	448	303	0
000070	11	car	1080	269	1184	323	0
000070	13	car	261	243	325	297	0
000070	14	car	603	242	853	347	1
000071	1	person	921	247	981	333	1
000071	2	motorbike	916	296	970	365	1
000071	4	car	488	211	559	295	0
000071	6	motorbike	161	238	215	332	0
000071	7	motorbike	312	241	351	318	0
000071	10	motorbike	413	242	446	303	0
000071	11	car	1081	269	1185	323	0
000071	13	car	257	243	321	297	0
000071	14	car	629	242	872	346	1
000072	1	person	919	247	979	331	1
000072	2	motorbike	916	296	968	364	1
000072	4	car	487	211	559	295	0
000072	6	motorbike	150	238	204	332	0
000072	7	motorbike	307	243	346	320	0
000072	10	motorbike	411	242	444	303	0
000072	11	car	1083	269	1187	323	0
000072	13	car	252	243	316	297	0
000072	14	car	655	241	892	345	1
000073	1	person	918	246	977	329	1
000073	2	motorbike	916	296	967	364	1
000073	4	car	486	211	559	295	0
000073	6	motorbike	140	239	194	333	0
000073	7	motorbike	302	246	341	323	0
000073	10	motorbike	409	242	442	303	0
000073	11	car	1085	269	1189	323	0
000073	13	car	248	243	312	297	0
000073	14	car	682	241	912	344	1
000074	1	person	916	245	974	328	1
000074	2	motorbike	916	296	965	364	1
000074	4	car	484	211	559	294	0
000074	6	motorbike	120	236	178	336	0
000074	7	motorbike	291	244	330	324	0
000074	10	motorbike	404	241	437	304	0
000074	11	car	1087	269	1191	323	0
000074	13	car	240	242	301	298	0
000074	14	car	708	241	934	343	1
000075	1	person	915	244	972	326	1
000075	2	motorbike	916	296	963	363	1
000075	4	car	483	211	559	294	0
000075	6	motorbike	100	233	163	340	0
000075	7	motorbike	281	243	320	325	0
000075	10	motorbike	399	241	432	305	0
000075	11	car	1089	269	1193	323	0
000075	13	car	233	241	291	299	0
000075	14	car	734	241	956	343	1
000075	17	motorbike	341	232	382	306	0
000076	1	person	913	244	970	324	1
000076	2	motorbike	916	296	961	363	1
000076	4	car	482	211	559	294	0
000076	6	motorbike	81	230	148	343	0
000076	7	motorbike	271	242	310	326	0
000076	10	motorbike	395	241	428	307	0
000076	11	car	1091	269	1195	323	0
000076	13	car	226	240	280	300	0
000076	14	car	761	241	978	343	1
000076	17	motorbike	338	232	379	306	0
000077	1	person	912	243	967	322	1
000077	2	motorbike	916	296	960	363	1
000077	4	car	481	211	559	294	0
000077	6	motorbike	61	227	132	347	0
000077	7	motorbike	261	241	300	327	0
000077	10	motorbike	390	240	423	308	0
000077	11	car	1093	269	1197	323	0
000077	13	car	218	239	270	301	0
000077	14	car	787	241	1000	343	1
000077	17	motorbike	336	232	377	306	0
000078	1	person	910	242	965	320	1
000078	2	motorbike	916	296	966	363	1
000078	4	car	480	211	559	294	0
000078	6	motorbike	41	224	117	350	0
000078	7	motorbike	251	240	290	328	0
000078	10	motorbike	385	240	418	309	0
000078	11	car	1095	269	1199	323	0
000078	13	car	211	238	259	302	0
000078	14	car	813	241	1022	343	1
000078	17	motorbike	333	232	374	306	0
000079	1	person	909	242	963	319	1
000079	2	motorbike	916	296	973	363	1
000079	4	car	479	211	559	294	0
000079	6	motorbike	22	221	102	354	0
000079	7	motorbike	241	239	280	330	0
000079	10	motorbike	381	240	414	311	0
000079	11	car	1097	269	1201	323	0
000079	13	car	204	237	249	303	0
000079	14	car	840	241	1045	343	1
000079	15	person	1193	243	1270	421	0
000079	16	motorbike	1167	353	1270	554	0
000079	17	motorbike	331	232	372	306	0
000080	1	person	906	248	962	321	1
000080	2	motorbike	916	296	980	363	1
000080	4	car	477	210	557	293	0
000080	6	motorbike	16	222	85	356	0
000080	7	motorbike	229	238	271	333	0
000080	10	motorbike	376	243	409	314	0
000080	11	car	1097	269	1201	323	0
000080	13	car	213	239	262	304	0
000080	14	car	861	243	1061	345	1
000080	15	person	1190	242	1267	420	0
000080	16	motorbike	1164	352	1268	551	0
000080	17	motorbike	329	232	370	306	0
000080	18	motorbike	419	234	447	302	0
000081	1	person	904	254	962	324	1
000081	2	motorbike	916	296	987	363	1
000081	4	car	475	210	555	293	0
000081	6	motorbike	11	224	68	358	0
000081	7	motorbike	217	238	263	337	0
000081	10	motorbike	371	246	404	317	0
000081	11	car	1097	269	1201	323	0
000081	13	car	223	241	275	306	0
000081	14	car	882	245	1078	347	1
000081	15	person	1188	241	1265	419	0
000081	16	motorbike	1161	351	1266	548	0
000081	17	motorbike	323	233	364	307	0
000081	18	motorbike	416	233	444	303	0
000082	1	person	902	260	962	327	1
000082	2	motorbike	916	296	994	363	1
000082	4	car	473	210	553	293	0
000082	6	motorbike	5	226	51	360	0
000082	7	motorbike	205	237	255	340	0
000082	10	motorbike	366	249	399	320	0
000082	11	car	1097	269	1201	323	0
000082	13	car	232	243	288	308	0
000082	14	car	903	247	1095	349	1
000082	15	person	1186	241	1263	418	0
000082	16	motorbike	1159	350	1264	545	0
000082	17	motorbike	317	235	358	309	0
000082	18	motorbike	413	233	442	304	0
000083	1	person	900	266	962	329	1
000083	2	motorbike	916	296	1001	363	1
000083	4	car	472	210	552	293	0
000083	7	motorbike	193	237	247	344	0
000083	8	motorbike	863	259	913	313	0
000083	10	motorbike	362	252	395	323	0
000083	11	car	1097	269	1201	323	0
000083	13	car	242	245	302	310	0
000083	14	car	924	250	1112	351	1
000083	15	person	1184	240	1260	417	0
000083	16	motorbike	1156	349	1263	543	0
000083	17	motorbike	312	236	353	310	0
000083	18	motorbike	410	232	439	305	0
000084	1	person	897	272	962	332	1
000084	2	motorbike	916	296	1008	363	1
000084	4	car	469	208	550	293	0
000084	7	motorbike	177	235	234	346	0
000084	8	motorbike	870	259	924	314	0
000084	10	motorbike	355	248	388	322	0
000084	11	car	1097	269	1201	323	0
000084	13	car	231	245	294	310	0
000084	14	car	941	252	1121	349	1
000084	15	person	1181	239	1258	417	0
000084	16	motorbike	1154	348	1261	540	0
000084	17	motorbike	306	238	347	312	0
000084	18	motorbike	407	232	437	306	0
000085	1	person	895	279	962	335	1
000085	2	motorbike	916	296	1015	363	1
000085	4	car	466	206	549	294	0
000085	7	motorbike	161	234	222	348	0
000085	8	motorbike	878	260	936	315	0
000085	10	motorbike	348	244	381	322	0
000085	11	car	1097	269	1201	323	0
000085	13	car	220	245	287	310	0
000085	14	car	958	254	1131	348	1
000085	15	person	1179	239	1256	416	0
000085	16	motorbike	1151	347	1259	537	0
000085	17	motorbike	300	239	341	313	0
000085	18	motorbike	405	231	435	307	0
000086	1	person	893	285	961	337	1
000086	2	motorbike	916	296	1022	363	1
000086	4	car	463	204	547	294	0
000086	7	motorbike	145	233	210	350	0
000086	8	motorbike	886	260	947	316	0
000086	10	motorbike	341	240	374	322	0
000086	11	car	1097	269	1201	323	0
000086	13	car	209	245	280	310	0
000086	14	car	976	257	1141	347	1
000086	15	person	1177	238	1253	415	0
000086	16	motorbike	1148	346	1258	535	0
000086	17	motorbike	295	241	336	315	0
000086	18	motorbike	402	231	432	308	0
000087	1	person	891	291	961	340	1
000087	2	motorbike	916	296	1029	363	1
000087	4	car	461	202	546	295	0
000087	7	motorbike	129	232	198	352	0
000087	8	motorbike	894	261	959	317	0
000087	10	motorbike	335	237	368	322	0
000087	11	car	1097	269	1201	323	0
000087	13	car	198	246	273	310	0
000087	14	car	993	259	1151	346	1
000087	15	person	1175	237	1251	414	0
000087	16	motorbike	1146	345	1256	532	0
000087	17	motorbike	289	241	330	315	0
000087	18	motorbike	399	231	430	310	0
000088	1	person	888	297	961	343	1
000088	2	motorbike	916	296	1036	364	1
000088	4	car	458	200	544	296	0
000088	7	motorbike	110	230	182	354	0
000088	8	motorbike	902	261	970	318	0
000088	10	motorbike	327	236	362	322	0
000088	13	car	180	244	265	312	0
000088	14	car	1011	262	1161	345	1
000088	15	person	1173	237	1249	414	0
000088	16	motorbike	1143	344	1254	529	0
000088	17	motorbike	283	242	324	316	0
000088	18	motorbike	396	230	428	311	0
000089	1	person	886	303	961	345	1
000089	2	motorbike	930	304	1050	363	1
000089	4	car	455	199	543	296	0
000089	7	motorbike	92	228	166	356	0
000089	8	motorbike	910	262	982	319	0
000089	10	motorbike	320	235	356	322	0
000089	13	car	163	243	258	314	0
000089	14	car	1028	261	1161	344	1
000089	15	person	1170	236	1246	413	0
000089	16	motorbike	1141	343	1253	527	0
000089	17	motorbike	277	242	319	317	0
000089	18	motorbike	393	230	425	312	0
000090	1	person	884	309	961	348	1
000090	2	motorbike	944	312	1064	362	1
000090	4	car	452	197	541	297	0
000090	7	motorbike	73	226	150	358	0
000090	8	motorbike	918	262	993	320	0
000090	10	motorbike	312	234	350	323	0
000090	13	car	146	242	250	316	0
000090	14	car	1045	261	1161	343	1
000090	15	person	1168	235	1244	412	0
000090	16	motorbike	1138	342	1251	524	0
000090	17	motorbike	272	243	313	317	0
000090	18	motorbike	391	229	423	313	0
000091	1	person	882	316	961	351	1
000091	2	motorbike	959	321	1078	362	1
000091	4	car	450	195	540	298	0
000091	7	motorbike	55	224	135	361	0
000091	8	motorbike	926	263	1005	321	0
000091	10	motorbike	305	233	344	323	0
000091	13	car	129	240	243	318	0
000091	15	person	1166	235	1242	411	0
000091	16	motorbike	1136	341	1249	521	0
000091	17	motorbike	266	243	308	318	0
000091	18	motorbike	388	229	421	314	0
000092	1	person	883	315	965	349	1
000092	2	motorbike	963	320	1082	361	1
000092	4	car	447	193	538	298	0
000092	7	motorbike	36	222	119	363	0
000092	8	motorbike	936	261	1015	319	0
000092	10	motorbike	297	232	338	324	0
000092	13	car	112	239	235	320	0
000092	15	person	1164	234	1239	410	0
000092	16	motorbike	1133	340	1248	519	0
000092	17	motorbike	260	244	302	319	0
000092	18	motorbike	385	228	418	315	0
000093	1	person	885	314	969	348	1
000093	2	motorbike	967	319	1086	360	1
000093	4	car	444	191	537	299	0
000093	7	motorbike	18	220	103	365	0
000093	8	motorbike	947	260	1026	318	0
000093	10	motorbike	290	231	332	324	0
000093	13	car	95	238	228	322	0
000093	15	person	1161	233	1237	410	0
000093	16	motorbike	1130	339	1246	516	0
000093	17	motorbike	255	245	297	320	0
000093	18	motorbike	382	228	416	316	0
000093	19	motorbike	347	231	376	309	0
000094	1	person	886	313	973	347	1
000094	2	motorbike	972	319	1091	360	1
000094	4	car	442	190	536	300	0
000094	8	motorbike	957	259	1037	317	0
000094	10	motorbike	283	231	327	325	0
000094	13	car	78	237	221	324	0
000094	15	person	1159	233	1235	409	0
000094	16	motorbike	1128	338	1244	513	0
000094	17	motorbike	250	242	292	317	0
000094	18	motorbike	380	228	414	318	0
000094	19	motorbike	340	230	371	308	0
000095	1	person	888	312	977	346	1
000095	2	motorbike	976	318	1095	359	1
000095	4	car	438	189	535	299	0
000095	8	motorbike	968	257	1047	315	0
000095	10	motorbike	271	229	317	324	0
000095	13	car	65	234	211	320	0
000095	15	person	1157	232	1232	408	0
000095	16	motorbike	1125	337	1243	511	0
000095	17	motorbike	245	239	287	314	0
000095	18	motorbike	376	227	410	317	0
000095	19	motorbike	334	229	366	307	0
000096	1	person	889	311	982	345	1
000096	2	motorbike	981	317	1100	358	1
000096	4	car	435	189	535	299	0
000096	8	motorbike	978	256	1058	314	0
000096	10	motorbike	259	227	308	324	0
000096	13	car	52	231	201	317	0
000096	15	person	1155	231	1230	407	0
000096	16	motorbike	1123	336	1241	508	0
000096	17	motorbike	240	236	282	311	0
000096	18	motorbike	372	226	406	316	0
000096	19	motorbike	328	228	361	306	0
000097	1	person	891	310	986	344	1
000097	2	motorbike	985	317	1104	358	1
000097	4	car	431	189	535	299	0
000097	8	motorbike	989	255	1069	313	0
000097	10	motorbike	248	226	298	324	0
000097	13	car	39	228	191	314	0
000097	15	person	1153	231	1228	407	0
000097	16	motorbike	1120	335	1239	505	0
000097	17	motorbike	235	233	277	308	0
000097	18	motorbike	368	226	402	316	0
000097	19	motorbike	321	228	356	305	0
000098	1	person	892	309	990	343	1
000098	2	motorbike	990	316	1109	357	1
000098	4	car	428	189	535	298	0
000098	8	motorbike	998	253	1076	316	0
000098	10	motorbike	236	224	289	324	0
000098	13	car	26	225	181	310	0
000098	15	person	1153	231	1228	407	0
000098	16	motorbike	1118	334	1238	503	0
000098	17	motorbike	230	230	272	305	0
000098	18	motorbike	364	225	398	315	0
000098	19	motorbike	315	227	351	304	0
000099	1	person	894	308	994	342	1
000099	2	motorbike	994	315	1113	356	1
000099	4	car	424	189	535	298	0
000099	8	motorbike	1007	252	1084	319	0
000099	10	motorbike	224	222	279	324	0
000099	13	car	13	222	171	307	0
000099	15	person	1153	231	1228	407	0
000099	16	motorbike	1118	334	1238	503	0
000099	17	motorbike	225	227	267	302	0
000099	18	motorbike	360	224	394	314	0
000099	19	motorbike	309	226	346	303	0
000100	1	person	896	307	999	341	1
000100	2	motorbike	999	315	1118	356	1
000100	4	car	421	189	535	298	0
000100	8	motorbike	1016	251	1092	322	0
000100	10	motorbike	213	221	270	324	0
000100	13	car	0	220	161	304	0
000100	15	person	1153	231	1228	407	0
000100	16	motorbike	1118	334	1238	503	0
000100	18	motorbike	357	224	391	314	0
000100	19	motorbike	303	226	342	303	0
