000001	1	car	220	341	528	544	0
000001	2	motorbike	584	385	648	435	1
000001	3	car	707	353	743	389	0
000001	4	person	592	366	629	400	1
000002	1	car	204	339	526	549	0
000002	2	motorbike	584	385	648	435	1
000002	3	car	707	353	743	389	0
000002	4	person	593	364	631	398	1
000003	1	car	188	337	524	554	0
000003	2	motorbike	586	385	650	435	1
000003	3	car	707	353	743	389	0
000003	4	person	595	364	632	398	1
000004	1	car	172	336	522	560	0
000004	2	motorbike	586	385	650	435	1
000004	3	car	705	353	741	389	0
000004	4	person	599	364	636	398	1
000005	1	car	156	334	520	565	0
000005	2	motorbike	588	387	652	437	1
000005	3	car	704	353	739	389	0
000005	4	person	600	364	638	398	1
000006	1	car	140	332	519	572	0
000006	2	motorbike	588	387	652	437	1
000006	3	car	704	353	739	389	0
000006	4	person	604	364	641	398	1
000007	1	car	117	330	512	577	0
000007	2	motorbike	590	387	654	437	1
000007	3	car	702	353	737	389	0
000007	4	person	606	364	643	398	1
000008	1	car	96	328	504	583	0
000008	2	motorbike	592	389	656	439	1
000008	3	car	702	353	737	389	0
000008	4	person	609	364	647	398	1
000009	1	car	74	327	499	588	0
000009	2	motorbike	593	389	657	439	1
000009	3	car	700	353	736	389	0
000009	4	person	611	364	648	398	1
000010	1	car	53	325	492	593	0
000010	2	motorbike	595	389	659	439	1
000010	3	car	698	353	734	389	0
000010	4	person	615	364	652	398	1
000011	1	car	32	323	487	599	0
000011	2	motorbike	599	389	663	439	1
000011	3	car	698	353	734	389	0
000011	4	person	616	364	654	398	1
000012	1	car	23	321	472	604	0
000012	2	motorbike	600	389	664	439	1
000012	3	car	696	353	732	389	0
000012	4	person	620	364	657	398	1
000013	1	car	14	320	458	609	0
000013	2	motorbike	604	389	668	439	1
000013	3	car	696	353	732	389	0
000013	4	person	622	364	659	398	1
000014	1	car	7	318	446	616	0
000014	2	motorbike	606	389	670	439	1
000014	3	car	695	353	730	389	0
000014	4	person	625	364	663	398	1
000015	1	car	5	318	426	618	0
000015	2	motorbike	609	389	673	439	1
000015	3	car	695	355	730	391	0
000015	4	person	627	364	664	398	1
000016	1	car	3	318	407	620	0
000016	2	motorbike	611	389	675	439	1
000016	3	car	693	353	728	389	0
000016	4	person	631	364	668	398	1
000017	1	car	1	318	387	622	0
000017	2	motorbike	615	389	679	439	1
000017	3	car	693	353	728	389	0
000017	4	person	632	364	670	398	1
000018	1	car	0	318	368	624	0
000018	2	motorbike	616	389	680	439	1
000018	3	car	691	353	727	389	0
000018	4	person	634	364	672	398	1
000019	1	car	0	318	348	625	0
000019	2	motorbike	620	389	684	439	1
000019	3	car	691	353	727	389	0
000019	4	person	638	364	675	398	1
000020	1	car	0	318	314	625	0
000020	2	motorbike	624	389	688	439	1
000020	3	car	691	352	727	387	0
000020	4	person	640	364	677	398	1
000021	1	car	0	318	282	625	0
000021	2	motorbike	625	389	689	439	1
000021	3	car	689	352	725	387	0
000021	4	person	643	364	680	398	1
000022	1	car	0	318	248	625	0
000022	2	motorbike	629	389	693	439	1
000022	3	car	689	352	725	387	0
000022	4	person	645	364	682	398	1
000023	1	car	0	318	216	625	0
000023	2	motorbike	631	389	695	439	1
000023	3	car	688	352	723	387	0
000023	4	person	648	364	686	398	1
000024	1	car	0	318	183	625	0
000024	2	motorbike	634	389	698	439	1
000024	3	car	688	352	723	387	0
000024	4	person	650	364	688	398	1
000025	1	car	0	318	151	625	0
000025	2	motorbike	638	389	702	439	1
000025	3	car	688	350	723	385	0
000025	4	person	654	364	691	398	1
000026	2	motorbike	640	389	704	439	1
000026	3	car	686	350	721	385	0
000026	4	person	656	364	693	398	1
000027	2	motorbike	643	389	707	439	1
000027	3	car	686	350	721	385	0
000027	4	person	659	364	696	398	1
000028	2	motorbike	647	389	711	439	1
000028	3	car	684	350	720	385	0
000028	4	person	661	364	698	398	1
000029	2	motorbike	650	389	714	439	1
000029	3	car	684	348	720	384	0
000029	4	person	664	364	702	398	1
000030	2	motorbike	652	389	716	439	1
000030	3	car	684	348	720	384	0
000030	4	person	666	364	704	398	1
000031	2	motorbike	656	389	720	439	1
000031	3	car	682	348	718	384	0
000031	4	person	670	364	707	398	1
000032	2	motorbike	659	389	723	439	1
000032	3	car	682	348	718	384	0
000032	4	person	672	364	709	398	1
000033	2	motorbike	663	391	727	440	1
000033	3	car	682	348	718	384	0
000033	4	person	675	364	712	398	1
000034	2	motorbike	666	391	732	440	1
000034	3	car	682	348	718	384	0
000034	4	person	679	364	716	398	1
000035	2	motorbike	672	391	737	440	1
000035	3	car	682	348	718	384	0
000035	4	person	682	366	720	400	1
000036	2	motorbike	675	391	744	442	1
000036	3	car	682	350	718	385	0
000036	4	person	688	368	725	401	1
000037	2	motorbike	680	391	750	442	1
000037	3	car	682	350	718	385	0
000037	4	person	691	368	728	401	1
000038	2	motorbike	684	391	755	444	1
000038	3	car	684	350	720	385	0
000038	4	person	695	369	732	403	1
000039	2	motorbike	689	391	762	444	1
000039	3	car	684	352	720	387	0
000039	4	person	700	371	737	405	1
000040	2	motorbike	693	391	768	446	1
000040	3	car	684	352	720	387	0
000040	4	person	704	371	741	405	1
000041	2	motorbike	698	391	773	446	1
000041	3	car	684	352	720	387	0
000041	4	person	707	373	744	407	1
000042	2	motorbike	704	392	780	448	1
000042	3	car	684	353	720	389	0
000042	4	person	712	375	750	408	1
000043	2	motorbike	707	392	784	448	1
000043	3	car	686	353	721	389	0
000043	4	person	714	375	752	408	1
000044	2	motorbike	711	392	787	448	1
000044	3	car	686	353	721	389	0
000044	4	person	718	375	755	408	1
000045	2	motorbike	714	392	791	448	1
000045	3	car	686	355	721	391	0
000045	4	person	720	375	757	408	1
000045	5	motorbike	1187	389	1276	718	1
000045	6	person	1208	378	1269	520	1
000046	2	motorbike	720	392	796	448	1
000046	3	car	686	355	721	391	0
000046	4	person	723	375	760	408	1
000046	5	motorbike	1168	396	1260	696	1
000046	6	person	1194	375	1255	517	1
000047	2	motorbike	721	392	800	448	1
000047	3	car	688	357	723	392	0
000047	4	person	727	375	764	408	1
000047	5	motorbike	1150	405	1246	677	1
000047	6	person	1180	371	1240	513	1
000048	2	motorbike	723	394	803	448	1
000048	3	car	684	357	720	392	0
000048	4	person	730	375	768	408	1
000048	5	motorbike	1132	414	1230	656	1
000048	6	person	1168	369	1228	512	1
000049	2	motorbike	725	394	807	448	1
000049	3	car	682	357	718	392	0
000049	4	person	736	375	773	408	1
000049	5	motorbike	1114	423	1216	636	1
000049	6	person	1153	366	1214	508	1
000050	2	motorbike	727	396	812	449	1
000050	3	car	680	357	716	392	0
000050	4	person	739	375	776	408	1
000050	5	motorbike	1096	432	1201	616	1
000050	6	person	1141	364	1201	506	1
000051	2	motorbike	728	396	816	449	1
000051	3	car	679	357	714	392	0
000051	4	person	744	375	782	408	1
000051	5	motorbike	1079	426	1184	611	1
000051	6	person	1120	362	1180	504	1
000052	2	motorbike	730	398	819	449	1
000052	3	car	677	357	712	392	0
000052	4	person	748	375	785	408	1
000052	5	motorbike	1061	423	1166	608	1
000052	6	person	1098	360	1159	503	1
000053	2	motorbike	732	398	824	451	1
000053	3	car	675	357	711	392	0
000053	4	person	752	375	789	408	1
000053	5	motorbike	1043	417	1148	602	1
000053	6	person	1077	359	1137	501	1
000054	2	motorbike	734	400	828	451	1
000054	3	car	673	357	709	392	0
000054	4	person	757	375	794	408	1
000054	5	motorbike	1025	414	1130	599	1
000054	6	person	1057	357	1118	499	1
000055	2	motorbike	736	400	832	451	1
000055	3	car	672	357	707	392	0
000055	4	person	760	375	798	408	1
000055	5	motorbike	1008	408	1112	593	1
000055	6	person	1036	355	1096	497	1
000056	2	motorbike	737	401	837	453	1
000056	3	car	670	357	705	392	0
000056	4	person	766	375	803	408	1
000056	5	motorbike	990	405	1095	590	1
000056	6	person	1015	353	1075	496	1
000057	2	motorbike	739	401	839	453	1
000057	3	car	668	357	704	392	0
000057	4	person	769	375	807	408	1
000057	5	motorbike	972	400	1077	584	1
000057	6	person	993	352	1054	494	1
000058	2	motorbike	743	403	842	455	1
000058	3	car	666	357	702	392	0
000058	4	person	775	375	812	408	1
000058	5	motorbike	956	396	1061	581	1
000058	6	person	974	352	1034	494	1
000059	2	motorbike	746	403	846	455	1
000059	3	car	666	357	702	392	0
000059	4	person	776	375	814	408	1
000059	5	motorbike	945	394	1050	574	1
000059	6	person	963	350	1024	492	1
000060	2	motorbike	748	405	848	456	1
000060	3	car	666	357	702	392	0
000060	4	person	778	375	816	408	1
000060	5	motorbike	935	394	1040	568	1
000060	6	person	954	348	1015	490	1
000061	2	motorbike	752	405	851	456	1
000061	3	car	666	357	702	392	0
000061	4	person	780	375	817	408	1
000061	5	motorbike	924	394	1029	561	1
000061	6	person	945	348	1006	490	1
000062	2	motorbike	755	407	855	458	1
000062	3	car	666	357	702	392	0
000062	4	person	782	375	819	408	1
000062	5	motorbike	913	394	1018	556	1
000062	6	person	936	346	997	488	1
000063	2	motorbike	755	407	855	458	1
000063	3	car	666	357	702	392	0
000063	4	person	784	375	821	408	1
000063	5	motorbike	904	394	1008	551	1
000063	6	person	926	344	986	487	1
000064	2	motorbike	755	407	856	460	1
000064	3	car	666	357	702	392	0
000064	4	person	782	375	819	408	1
000064	5	motorbike	896	391	999	547	1
000064	6	person	917	344	977	487	1
000065	2	motorbike	755	407	856	462	1
000065	3	car	666	357	702	392	0
000065	4	person	782	375	819	408	1
000065	5	motorbike	888	389	992	544	1
000065	6	person	908	343	968	485	1
000066	2	motorbike	755	407	858	464	1
000066	3	car	666	357	702	392	0
000066	4	person	780	375	819	408	1
000066	5	motorbike	880	387	983	540	1
000066	6	person	899	341	960	483	1
000067	2	motorbike	755	407	860	465	1
000067	3	car	666	357	702	392	0
000067	4	person	780	375	819	408	1
000067	5	motorbike	872	384	976	538	1
000067	6	person	890	341	951	483	1
000068	2	motorbike	753	407	858	465	1
000068	3	car	666	357	702	392	0
000068	4	person	780	375	819	408	1
000068	5	motorbike	865	382	967	535	1
000068	6	person	881	339	942	481	1
000069	2	motorbike	753	408	858	467	1
000069	3	car	666	357	702	392	0
000069	4	person	778	375	819	408	1
000069	5	motorbike	856	380	960	531	1
000069	6	person	874	339	935	481	1
000070	2	motorbike	753	408	858	467	1
000070	3	car	666	357	702	392	0
000070	4	person	778	375	819	408	1
000070	5	motorbike	849	378	951	528	1
000070	6	person	867	339	928	481	1
000071	2	motorbike	753	410	858	469	1
000071	3	car	666	357	702	392	0
000071	4	person	778	375	819	408	1
000071	5	motorbike	842	375	944	526	1
000071	6	person	858	337	919	480	1
000072	2	motorbike	752	410	856	469	1
000072	3	car	666	357	702	392	0
000072	4	person	776	375	819	410	1
000072	5	motorbike	833	373	935	522	1
000072	6	person	851	337	912	480	1
000073	2	motorbike	752	412	856	471	1
000073	3	car	666	357	702	392	0
000073	4	person	776	375	819	410	1
000073	5	motorbike	826	371	928	519	1
000073	6	person	844	337	904	480	1
000074	2	motorbike	752	412	856	471	1
000074	3	car	666	357	702	392	0
000074	4	person	776	375	819	410	1
000074	5	motorbike	819	369	920	517	1
000074	6	person	837	343	897	480	1
000075	2	motorbike	752	414	856	472	1
000075	3	car	666	357	702	392	0
000075	4	person	775	375	819	410	1
000075	5	motorbike	814	368	915	515	1
000075	6	person	832	348	892	481	1
000076	2	motorbike	750	414	855	472	1
000076	3	car	666	357	702	392	0
000076	4	person	775	375	819	410	1
000076	5	motorbike	808	368	910	515	1
000076	6	person	826	353	885	483	1
000077	2	motorbike	750	416	855	474	1
000077	3	car	666	357	702	392	0
000077	4	person	773	375	819	410	1
000077	5	motorbike	805	368	906	515	1
000077	6	person	819	359	880	485	1
000078	2	motorbike	750	416	855	474	1
000078	3	car	666	357	702	392	0
000078	4	person	773	375	819	410	1
000078	5	motorbike	800	368	901	515	1
000078	6	person	814	364	872	487	1
000079	2	motorbike	750	417	855	476	1
000079	3	car	666	357	702	392	0
000079	4	person	773	375	819	410	1
000079	5	motorbike	796	368	897	515	1
000079	6	person	808	369	867	488	1
000080	2	motorbike	748	419	853	478	1
000080	3	car	666	357	702	392	0
000080	4	person	771	375	819	412	1
000080	5	motorbike	796	371	897	515	1
000080	6	person	807	371	865	487	1
000081	2	motorbike	748	419	853	478	1
000081	3	car	666	357	702	392	0
000081	4	person	771	375	819	412	1
000081	5	motorbike	798	376	899	515	1
000081	6	person	807	373	865	487	1
000082	2	motorbike	748	421	853	480	1
000082	3	car	666	357	702	392	0
000082	4	person	771	375	819	412	1
000082	5	motorbike	798	380	899	515	1
000082	6	person	807	375	865	487	1
000083	2	motorbike	748	421	853	480	1
000083	3	car	666	357	702	392	0
000083	4	person	769	375	819	412	1
000083	5	motorbike	800	385	901	515	1
000083	6	person	807	376	865	487	1
000084	2	motorbike	746	423	851	481	1
000084	3	car	666	357	702	392	0
000084	4	person	769	375	819	412	1
000084	5	motorbike	801	391	901	515	1
000084	6	person	807	378	865	487	1
000085	2	motorbike	746	423	851	481	1
000085	3	car	666	357	702	392	0
000085	4	person	769	375	819	412	1
000085	5	motorbike	801	394	903	515	1
000085	6	person	807	380	865	487	1
000086	2	motorbike	746	424	851	483	1
000086	3	car	666	357	702	392	0
000086	4	person	768	375	819	412	1
000086	5	motorbike	803	400	903	515	1
000086	6	person	807	382	865	487	1
000087	2	motorbike	746	424	851	483	1
000087	3	car	666	357	702	392	0
000087	4	person	768	375	819	412	1
000087	5	motorbike	805	405	904	515	1
000087	6	person	807	384	865	487	1
000088	2	motorbike	744	426	849	485	1
000088	3	car	666	357	702	392	0
000088	4	person	766	375	819	414	1
000088	5	motorbike	805	408	906	515	1
000088	6	person	807	385	865	487	1
000089	2	motorbike	744	426	849	485	1
000089	3	car	666	357	702	392	0
000089	4	person	766	375	819	414	1
000089	5	motorbike	807	414	906	515	1
000089	6	person	807	387	865	487	1
000090	2	motorbike	744	428	849	487	1
000090	3	car	666	357	702	392	0
000090	4	person	766	375	819	414	1
000090	5	motorbike	807	417	908	515	1
000090	6	person	807	389	864	485	1
000091	2	motorbike	744	430	849	488	1
000091	3	car	666	357	702	392	0
000091	4	person	764	375	819	414	1
000091	5	motorbike	808	423	908	515	1
000091	6	person	807	391	864	485	1
000092	2	motorbike	744	430	849	488	1
000092	3	car	666	357	702	392	0
000092	4	person	764	375	819	414	1
000092	5	motorbike	810	428	910	515	1
000092	6	person	807	392	864	485	1
000093	2	motorbike	744	430	849	488	1
000093	3	car	666	357	702	392	0
000093	4	person	764	375	819	414	1
000093	5	motorbike	810	432	910	515	1
000093	6	person	807	394	864	485	1
000094	2	motorbike	744	430	849	488	1
000094	3	car	666	357	702	392	0
000094	4	person	762	375	819	414	1
000094	5	motorbike	812	437	912	515	1
000094	6	person	807	396	864	485	1
000095	2	motorbike	744	430	849	488	1
000095	3	car	666	357	702	392	0
000095	4	person	762	375	819	414	1
000095	5	motorbike	814	442	913	517	1
000095	6	person	807	398	864	485	1
000096	2	motorbike	744	430	849	488	1
000096	3	car	666	357	702	392	0
000096	4	person	762	375	819	416	1
000096	5	motorbike	814	444	913	515	1
000096	6	person	807	400	864	485	1
000097	2	motorbike	744	430	849	488	1
000097	3	car	666	357	702	392	0
000097	4	person	755	375	812	416	1
000097	5	motorbike	814	446	913	515	1
000097	6	person	807	401	864	485	1
000098	2	motorbike	744	430	849	488	1
000098	3	car	666	357	702	392	0
000098	4	person	750	376	807	417	1
000098	5	motorbike	814	449	913	515	1
000098	6	person	807	403	864	485	1
000099	2	motorbike	744	430	849	488	1
000099	3	car	666	357	702	392	0
000099	4	person	743	376	800	417	1
000099	5	motorbike	814	451	913	515	1
000099	6	person	807	405	864	485	1
000100	2	motorbike	744	430	849	488	1
000100	3	car	666	357	702	392	0
000100	4	person	737	378	794	419	1
000100	5	motorbike	816	455	913	515	1
000100	6	person	807	407	864	485	1
