000001	1	car	158	126	986	488	0
000002	1	car	142	122	956	485	0
000003	1	car	128	119	926	481	0
000004	1	car	113	117	896	478	0
000005	1	car	99	113	865	474	0
000006	1	car	85	112	835	472	0
000007	1	car	71	117	792	469	0
000008	1	car	56	122	752	467	0
000009	1	car	42	128	711	465	0
000010	1	car	28	133	670	464	0
000011	1	car	16	138	629	462	0
000012	1	car	12	142	599	458	0
000013	1	car	10	145	570	455	0
000014	1	car	8	149	542	451	0
000015	1	car	7	152	513	448	0
000016	1	car	5	156	485	444	0
000017	1	car	3	160	456	440	0
000018	1	car	1	163	428	437	0
000019	1	car	0	168	400	433	0
000020	1	car	0	168	373	428	0
000021	1	car	0	168	348	424	0
000022	1	car	0	168	323	419	0
000023	1	car	0	168	298	416	0
000024	1	car	0	168	272	412	0
000025	1	car	0	168	247	407	0
000026	1	car	0	168	222	403	0
000026	2	person	1210	327	1256	396	1
000026	3	motorbike	1184	369	1255	440	1
000027	1	car	0	168	197	400	0
000027	2	person	1200	327	1246	396	1
000027	3	motorbike	1171	369	1242	440	1
000028	1	car	0	176	177	398	0
000028	2	person	1189	327	1235	396	1
000028	3	motorbike	1159	369	1230	440	1
000029	1	car	0	183	158	396	0
000029	2	person	1178	328	1224	398	1
000029	3	motorbike	1148	369	1219	440	1
000030	1	car	0	190	138	396	0
000030	2	person	1168	328	1214	398	1
000030	3	motorbike	1136	369	1207	440	1
000031	1	car	0	199	119	394	0
000031	2	person	1157	330	1203	400	1
000031	3	motorbike	1125	371	1196	442	1
000032	1	car	0	206	99	394	0
000032	2	person	1141	328	1189	400	1
000032	3	motorbike	1107	371	1182	442	1
000033	1	car	0	213	80	392	0
000033	2	person	1127	328	1175	401	1
000033	3	motorbike	1091	371	1169	444	1
000034	2	person	1112	328	1162	403	1
000034	3	motorbike	1073	371	1155	444	1
000035	2	person	1098	328	1148	405	1
000035	3	motorbike	1057	371	1143	446	1
000036	2	person	1082	328	1134	405	1
000036	3	motorbike	1040	371	1130	448	1
000037	2	person	1068	328	1121	407	1
000037	3	motorbike	1024	371	1116	448	1
000038	2	person	1054	328	1107	408	1
000038	3	motorbike	1006	373	1104	449	1
000039	2	person	1040	328	1095	410	1
000039	3	motorbike	990	373	1089	449	1
000040	2	person	1024	328	1080	410	1
000040	3	motorbike	972	373	1077	451	1
000041	2	person	1009	328	1066	412	1
000041	3	motorbike	956	373	1064	453	1
000042	2	person	995	328	1054	414	1
000042	3	motorbike	938	373	1050	453	1
000043	2	person	981	328	1040	416	1
000043	3	motorbike	922	373	1038	455	1
000044	2	person	967	328	1027	417	1
000044	3	motorbike	906	375	1025	456	1
000045	2	person	947	328	1008	417	1
000045	3	motorbike	885	375	1008	458	1
000046	2	person	929	330	990	419	1
000046	3	motorbike	865	376	992	462	1
000047	2	person	910	330	970	419	1
000047	3	motorbike	846	378	976	465	1
000048	2	person	892	332	952	421	1
000048	3	motorbike	826	380	960	469	1
000049	2	person	874	334	935	423	1
000049	3	motorbike	805	380	944	472	1
000050	2	person	855	334	915	423	1
000050	3	motorbike	785	382	928	476	1
000051	2	person	837	336	897	424	1
000051	3	motorbike	766	384	912	480	1
000052	2	person	819	337	880	426	1
000052	3	motorbike	746	385	896	483	1
000053	2	person	801	336	864	424	1
000053	3	motorbike	728	385	878	488	1
000054	2	person	785	336	848	424	1
000054	3	motorbike	711	387	860	494	1
000055	2	person	769	336	832	423	1
000055	3	motorbike	695	387	842	501	1
000056	2	person	753	336	816	423	1
000056	3	motorbike	677	389	826	506	1
000057	2	person	737	334	800	423	1
000057	3	motorbike	659	389	808	512	1
000058	2	person	721	334	784	421	1
000058	3	motorbike	643	391	791	519	1
000059	2	person	705	334	768	421	1
000059	3	motorbike	625	391	773	524	1
000060	2	person	689	334	753	421	1
000060	3	motorbike	609	392	757	531	1
000060	4	person	21	304	94	405	1
000060	5	motorbike	8	382	128	494	1
000061	2	person	673	334	743	423	1
000061	3	motorbike	599	392	743	535	1
000061	4	person	48	304	124	412	1
000061	5	motorbike	35	382	167	503	1
000062	2	person	657	334	732	426	1
000062	3	motorbike	590	394	730	538	1
000062	4	person	74	304	154	419	1
000062	5	motorbike	62	382	206	512	1
000063	2	person	641	334	721	428	1
000063	3	motorbike	581	394	718	544	1
000063	4	person	103	305	184	428	1
000063	5	motorbike	90	382	247	522	1
000064	2	person	627	334	711	432	1
000064	3	motorbike	570	396	705	547	1
000064	4	person	147	304	232	432	1
000064	5	motorbike	129	384	300	531	1
000065	2	person	611	334	700	433	1
000065	3	motorbike	561	396	693	552	1
000065	4	person	192	302	282	435	1
000065	5	motorbike	170	387	353	540	1
000066	2	person	595	334	689	437	1
000066	3	motorbike	552	398	680	556	1
000066	4	person	236	300	330	439	1
000066	5	motorbike	211	389	407	549	1
000067	2	person	581	334	679	440	1
000067	3	motorbike	544	400	668	561	1
000067	4	person	280	300	380	442	1
000067	5	motorbike	252	392	462	558	1
000068	2	person	574	330	673	442	1
000068	3	motorbike	549	401	684	556	1
000068	4	person	325	298	428	446	1
000068	5	motorbike	293	394	515	567	1
000069	2	person	567	328	668	446	1
000069	3	motorbike	554	405	700	551	1
000069	4	person	369	296	478	449	1
000069	5	motorbike	334	398	568	576	1
000070	2	person	560	325	663	448	1
000070	3	motorbike	560	407	716	545	1
000070	4	person	414	296	528	455	1
000070	5	motorbike	375	401	624	586	1
000071	2	person	552	323	657	451	1
000071	3	motorbike	565	410	732	540	1
000071	4	person	462	291	576	460	1
000071	5	motorbike	417	407	672	590	1
000072	2	person	545	320	652	453	1
000072	3	motorbike	570	412	748	535	1
000072	4	person	512	286	624	467	1
000072	5	motorbike	462	412	720	595	1
000073	2	person	538	318	647	456	1
000073	3	motorbike	576	416	764	529	1
000073	4	person	560	280	672	472	1
000073	5	motorbike	504	417	768	600	1
000074	2	person	531	314	641	458	1
000074	3	motorbike	581	417	780	524	1
000074	4	person	609	277	721	480	1
000074	5	motorbike	549	423	816	606	1
000075	2	person	524	312	638	462	1
000075	4	person	652	284	764	487	1
000075	5	motorbike	583	428	849	611	1
000076	2	person	524	320	636	485	1
000076	4	person	696	291	808	494	1
000076	5	motorbike	618	433	885	616	1
000077	2	person	524	327	634	508	1
000077	4	person	741	300	853	503	1
000077	5	motorbike	654	439	920	622	1
000078	2	person	524	334	634	531	1
000078	3	motorbike	648	435	800	531	1
000078	4	person	785	307	897	510	1
000078	5	motorbike	689	444	956	627	1
000079	2	person	524	348	647	529	1
000079	3	motorbike	648	428	808	529	1
000079	4	person	830	314	942	517	1
000079	5	motorbike	725	449	992	632	1
000080	2	person	524	362	661	529	1
000080	3	motorbike	648	423	817	529	1
000080	4	person	874	323	986	526	1
000080	5	motorbike	760	456	1027	640	1
000081	2	person	524	376	675	529	1
000081	3	motorbike	648	417	826	529	1
000081	4	person	897	325	1009	528	1
000081	5	motorbike	791	458	1048	636	1
000082	2	person	524	391	689	529	1
000082	3	motorbike	648	412	835	529	1
000082	4	person	922	328	1034	531	1
000082	5	motorbike	821	460	1072	634	1
000083	2	person	515	408	696	540	1
000083	3	motorbike	648	414	839	526	1
000083	4	person	947	332	1059	535	1
000083	5	motorbike	853	462	1095	632	1
000084	2	person	508	426	704	551	1
000084	3	motorbike	650	416	844	524	1
000084	4	person	970	334	1082	536	1
000084	5	motorbike	883	465	1116	629	1
000085	2	person	501	444	711	561	1
000085	3	motorbike	652	417	849	522	1
000085	4	person	995	337	1107	540	1
000085	5	motorbike	915	467	1139	627	1
000086	2	person	494	462	718	574	1
000086	3	motorbike	654	419	855	520	1
000086	4	person	1020	341	1132	544	1
000086	5	motorbike	945	469	1162	625	1
000087	2	person	490	462	714	574	1
000087	3	motorbike	659	417	855	519	1
000087	4	person	1045	344	1157	547	1
000087	5	motorbike	977	472	1185	624	1
000088	2	person	487	462	711	574	1
000088	3	motorbike	666	417	856	517	1
000088	4	person	1052	348	1162	540	1
000088	5	motorbike	988	471	1189	620	1
000088	6	motorbike	1223	328	1276	428	0
000089	2	person	483	464	707	576	1
000089	3	motorbike	672	416	858	517	1
000089	4	person	1061	353	1168	533	1
000089	5	motorbike	999	471	1194	616	1
000089	6	motorbike	1210	328	1267	426	0
000090	2	person	480	464	704	576	1
000090	3	motorbike	679	416	858	515	1
000090	4	person	1070	357	1173	528	1
000090	5	motorbike	1011	469	1200	613	1
000090	6	motorbike	1200	328	1260	426	0
000091	2	person	476	464	700	576	1
000091	3	motorbike	684	414	860	513	1
000091	4	person	1077	362	1178	520	1
000091	5	motorbike	1022	469	1203	609	1
000091	6	motorbike	1187	328	1251	426	0
000092	2	person	474	465	698	577	1
000092	3	motorbike	691	414	862	513	1
000092	4	person	1086	366	1184	513	1
000092	5	motorbike	1032	467	1208	606	1
000092	6	motorbike	1176	328	1244	426	0
000093	2	person	474	465	698	577	1
000093	3	motorbike	696	414	862	512	1
000093	4	person	1095	371	1189	508	1
000093	5	motorbike	1045	467	1214	602	1
000093	6	motorbike	1155	327	1230	424	0
000094	2	person	474	465	698	577	1
000094	3	motorbike	704	414	862	512	1
000094	4	person	1095	382	1187	508	1
000094	5	motorbike	1050	471	1219	599	1
000094	6	motorbike	1134	327	1216	424	0
000095	2	person	474	465	698	577	1
000095	3	motorbike	711	414	862	512	1
000095	4	person	1095	394	1187	508	1
000095	5	motorbike	1057	474	1226	595	1
000095	6	motorbike	1114	327	1201	423	0
000096	2	person	474	465	698	577	1
000096	3	motorbike	718	414	862	512	1
000096	4	person	1095	407	1187	508	1
000096	5	motorbike	1064	478	1232	593	1
000096	6	motorbike	1093	327	1187	423	0
000097	2	person	474	465	698	577	1
000097	3	motorbike	725	414	862	512	1
000097	4	person	1095	417	1187	508	1
000097	5	motorbike	1072	481	1239	590	1
000097	6	motorbike	1073	327	1173	423	0
000098	2	person	474	465	698	577	1
000098	3	motorbike	732	414	862	512	1
000098	4	person	1095	430	1187	508	1
000098	5	motorbike	1079	485	1244	588	1
000098	6	motorbike	1054	325	1153	421	0
000099	2	person	474	465	698	577	1
000099	3	motorbike	739	414	862	512	1
000099	4	person	1095	442	1187	508	1
000099	5	motorbike	1086	488	1251	584	1
000099	6	motorbike	1034	325	1134	421	0
000100	2	person	474	465	698	577	1
000100	3	motorbike	746	414	862	512	1
000100	4	person	1095	455	1187	508	1
000100	5	motorbike	1093	494	1258	583	1
000100	6	motorbike	1016	325	1116	421	0
