000001	1	car	0	35	432	656	0
000001	2	car	359	28	524	186	0
000001	7	car	1018	0	1278	291	0
000001	8	car	778	10	1050	170	0
000001	13	motorbike	549	16	586	88	1
000002	1	car	0	35	432	656	0
000002	2	car	344	30	519	193	0
000002	7	car	1018	0	1278	291	0
000002	8	car	778	10	1050	170	0
000002	13	motorbike	549	16	586	88	1
000003	1	car	0	35	432	656	0
000003	2	car	330	33	513	200	0
000003	7	car	1018	0	1278	291	0
000003	8	car	778	10	1050	170	0
000003	13	motorbike	549	16	586	88	1
000004	1	car	0	56	407	663	0
000004	2	car	316	37	508	208	0
000004	7	car	1041	7	1278	298	0
000004	8	car	787	10	1070	177	0
000004	13	motorbike	547	19	584	92	1
000005	1	car	0	80	384	670	0
000005	2	car	302	40	504	215	0
000005	7	car	1064	14	1278	305	0
000005	8	car	796	10	1089	184	0
000005	13	motorbike	547	23	584	96	1
000006	1	car	0	101	359	679	0
000006	2	car	289	39	499	218	0
000006	7	car	1088	23	1278	314	0
000006	8	car	807	12	1111	192	0
000006	13	motorbike	547	28	584	101	1
000007	1	car	0	124	336	686	0
000007	2	car	277	37	496	224	0
000007	7	car	1111	30	1278	321	0
000007	8	car	816	12	1130	199	0
000007	13	motorbike	549	24	586	97	1
000008	1	car	0	147	312	693	0
000008	2	car	264	37	492	229	0
000008	8	car	826	14	1152	206	0
000008	13	motorbike	551	21	588	94	1
000009	1	car	0	168	288	702	0
000009	2	car	252	35	488	234	0
000009	8	car	839	10	1176	213	0
000009	13	motorbike	552	19	590	92	1
000010	1	car	0	192	264	709	0
000010	2	car	240	33	485	240	0
000010	8	car	851	8	1201	220	0
000010	13	motorbike	556	16	593	88	1
000011	2	car	229	33	481	245	0
000011	8	car	864	5	1226	227	0
000011	13	motorbike	558	14	595	87	1
000012	2	car	202	32	478	264	0
000012	8	car	876	3	1251	234	0
000012	13	motorbike	560	10	597	83	1
000013	2	car	176	32	474	286	0
000013	8	car	890	1	1276	243	0
000013	13	motorbike	563	7	600	80	1
000014	2	car	149	32	471	307	0
000014	8	car	912	5	1276	259	0
000014	13	motorbike	565	5	602	78	1
000015	2	car	122	30	467	328	0
000015	8	car	933	8	1276	277	0
000015	13	motorbike	567	1	604	74	1
000016	2	car	96	30	464	350	0
000016	8	car	954	12	1276	293	0
000016	13	motorbike	570	0	608	72	1
000017	2	car	69	30	460	371	0
000017	8	car	976	16	1276	311	0
000017	13	motorbike	570	0	608	72	1
000018	2	car	44	30	456	392	0
000018	8	car	997	19	1276	327	0
000018	13	motorbike	570	1	608	74	1
000019	2	car	35	33	448	433	0
000019	8	car	1018	23	1276	344	0
000019	13	motorbike	572	1	609	74	1
000020	2	car	28	39	440	476	0
000020	8	car	1043	35	1276	357	0
000020	13	motorbike	572	3	609	76	1
000021	2	car	21	44	432	519	0
000021	8	car	1070	48	1276	369	0
000021	13	motorbike	572	3	609	76	1
000022	2	car	14	49	424	560	0
000022	3	car	320	35	496	184	0
000022	8	car	1096	60	1276	382	0
000022	13	motorbike	574	5	611	78	1
000023	2	car	7	55	416	602	0
000023	3	car	300	33	492	190	0
000023	13	motorbike	574	5	611	78	1
000024	2	car	0	60	408	645	0
000024	3	car	280	33	488	195	0
000024	13	motorbike	576	7	613	80	1
000025	2	car	0	96	376	654	0
000025	3	car	263	33	487	200	0
000025	13	motorbike	576	5	613	76	1
000026	2	car	0	133	346	663	0
000026	3	car	234	33	481	218	0
000026	13	motorbike	577	3	615	72	1
000027	2	car	0	170	316	672	0
000027	3	car	206	33	478	236	0
000027	9	person	716	0	810	186	0
000027	10	person	867	0	977	236	0
000027	13	motorbike	579	3	616	69	1
000028	2	car	0	208	286	680	0
000028	3	car	177	33	474	254	0
000028	9	person	723	0	817	190	0
000028	10	person	887	0	997	236	0
000028	13	motorbike	581	1	618	65	1
000029	2	car	0	243	256	689	0
000029	3	car	149	35	469	272	0
000029	9	person	732	0	826	193	0
000029	10	person	906	0	1016	238	0
000029	13	motorbike	583	0	620	62	1
000030	2	car	0	280	225	698	0
000030	3	car	120	35	465	289	0
000030	9	person	741	0	835	199	0
000030	10	person	926	0	1036	238	0
000030	13	motorbike	584	0	622	60	1
000031	2	car	0	318	195	707	0
000031	3	car	92	35	462	307	0
000031	9	person	750	0	844	202	0
000031	10	person	945	0	1056	240	0
000031	13	motorbike	584	7	622	71	1
000032	3	car	64	37	458	327	0
000032	9	person	759	0	851	208	0
000032	10	person	965	1	1075	240	0
000032	13	motorbike	584	14	622	81	1
000033	3	car	53	39	449	352	0
000033	9	person	768	0	860	211	0
000033	10	person	984	1	1095	241	0
000033	13	motorbike	584	23	622	94	1
000034	3	car	42	42	440	376	0
000034	9	person	776	0	869	216	0
000034	10	person	1004	1	1114	241	0
000034	13	motorbike	584	21	622	92	1
000035	3	car	32	46	432	403	0
000035	9	person	785	0	878	220	0
000035	10	person	1024	1	1134	243	0
000035	13	motorbike	584	19	622	90	1
000036	3	car	21	49	423	428	0
000036	9	person	794	0	887	225	0
000036	10	person	1045	3	1155	245	0
000036	13	motorbike	586	17	624	88	1
000037	3	car	10	53	414	453	0
000037	9	person	817	0	910	240	0
000037	10	person	1082	1	1178	254	0
000037	13	motorbike	586	16	624	87	1
000038	3	car	0	56	405	480	0
000038	4	car	318	26	522	174	0
000038	9	person	842	0	933	254	0
000038	10	person	1120	1	1203	264	0
000038	13	motorbike	586	14	624	85	1
000039	3	car	0	65	391	526	0
000039	4	car	300	24	519	179	0
000039	9	person	865	0	958	268	0
000039	10	person	1157	1	1226	273	0
000039	13	motorbike	588	12	625	83	1
000040	3	car	0	76	378	574	0
000040	4	car	284	23	515	184	0
000040	9	person	890	0	981	282	0
000040	10	person	1194	1	1251	284	0
000040	13	motorbike	588	10	625	81	1
000041	3	car	0	85	364	620	0
000041	4	car	266	21	512	190	0
000041	9	person	915	0	1006	298	0
000041	13	motorbike	588	8	625	80	1
000042	4	car	250	19	510	195	0
000042	9	person	960	0	1059	334	0
000042	13	motorbike	590	7	627	78	1
000043	4	car	232	17	506	200	0
000043	9	person	1006	0	1114	371	0
000043	13	motorbike	590	5	627	76	1
000044	4	car	216	16	503	206	0
000044	9	person	1050	0	1168	407	0
000044	13	motorbike	590	3	627	74	1
000045	4	car	200	14	501	211	0
000045	13	motorbike	592	3	629	74	1
000046	4	car	179	17	496	231	0
000046	13	motorbike	590	5	627	74	1
000047	4	car	158	23	490	252	0
000047	11	car	812	7	1272	293	0
000047	13	motorbike	590	7	627	76	1
000048	4	car	138	26	485	272	0
000048	11	car	819	5	1272	311	0
000048	13	motorbike	588	8	625	78	1
000049	4	car	117	32	480	293	0
000049	11	car	828	3	1272	328	0
000049	13	motorbike	588	10	625	80	1
000050	4	car	97	37	476	314	0
000050	11	car	835	1	1274	346	0
000050	13	motorbike	588	12	625	81	1
000051	4	car	85	40	460	343	0
000051	11	car	844	0	1274	364	0
000051	13	motorbike	586	14	624	83	1
000052	4	car	74	44	446	373	0
000052	11	car	853	0	1276	384	0
000052	13	motorbike	586	16	624	85	1
000053	4	car	64	48	430	401	0
000053	11	car	880	0	1276	384	0
000053	13	motorbike	586	17	624	87	1
000054	4	car	53	51	416	432	0
000054	11	car	906	1	1276	385	0
000054	13	motorbike	584	19	622	88	1
000055	4	car	42	55	400	460	0
000055	13	motorbike	584	21	622	90	1
000056	4	car	32	58	385	490	0
000056	13	motorbike	584	24	622	92	1
000057	4	car	21	62	369	519	0
000057	13	motorbike	579	21	616	88	1
000058	4	car	10	65	355	549	0
000058	13	motorbike	576	17	613	85	1
000059	4	car	0	69	341	579	0
000059	5	car	295	24	469	161	0
000059	13	motorbike	572	14	609	81	1
000060	4	car	0	80	311	600	0
000060	5	car	284	23	469	168	0
000060	13	motorbike	567	10	604	78	1
000061	4	car	0	90	282	622	0
000061	5	car	273	21	471	176	0
000061	13	motorbike	563	7	600	74	1
000062	5	car	263	21	472	183	0
000062	12	car	664	1	787	85	0
000062	13	motorbike	560	3	597	72	1
000062	14	motorbike	513	8	554	74	1
000063	5	car	254	21	474	188	0
000063	12	car	670	5	792	88	0
000063	13	motorbike	563	5	600	74	1
000063	14	motorbike	519	10	560	76	1
000064	5	car	245	21	478	195	0
000064	12	car	675	8	798	92	0
000064	13	motorbike	567	8	604	78	1
000064	14	motorbike	524	14	565	80	1
000065	5	car	238	23	481	200	0
000065	12	car	682	12	805	96	0
000065	13	motorbike	570	10	608	80	1
000065	14	motorbike	529	16	570	81	1
000066	5	car	229	23	485	208	0
000066	12	car	688	16	810	99	0
000066	13	motorbike	574	14	611	83	1
000066	14	motorbike	535	19	576	85	1
000067	5	car	222	24	488	215	0
000067	12	car	695	21	817	104	0
000067	13	motorbike	577	16	615	85	1
000067	14	motorbike	540	23	581	88	1
000068	5	car	206	23	485	222	0
000068	12	car	700	19	828	106	0
000068	13	motorbike	581	19	618	88	1
000068	14	motorbike	545	28	586	94	1
000069	5	car	190	21	481	231	0
000069	12	car	707	17	839	108	0
000069	13	motorbike	584	21	622	90	1
000069	14	motorbike	552	33	593	99	1
000070	5	car	174	19	478	240	0
000070	12	car	712	16	849	110	0
000070	13	motorbike	588	24	625	94	1
000070	14	motorbike	560	39	600	104	1
000071	5	car	158	17	474	248	0
000071	12	car	720	14	860	112	0
000071	13	motorbike	597	30	634	99	1
000071	14	motorbike	567	44	608	110	1
000072	5	car	144	17	472	257	0
000072	12	car	725	17	874	120	0
000072	13	motorbike	606	35	643	104	1
000072	14	motorbike	574	49	615	115	1
000073	5	car	117	26	467	275	0
000073	12	car	732	23	890	131	0
000073	13	motorbike	615	40	652	110	1
000073	14	motorbike	581	55	622	120	1
000074	5	car	90	35	462	295	0
000074	12	car	739	28	906	142	0
000074	13	motorbike	624	46	661	115	1
000074	14	motorbike	588	60	629	126	1
000075	5	car	64	44	456	314	0
000075	12	car	746	33	920	152	0
000075	13	motorbike	632	53	670	122	1
000075	14	motorbike	595	65	636	131	1
000076	5	car	37	53	451	334	0
000076	6	car	408	60	558	174	0
000076	12	car	753	39	936	163	0
000076	13	motorbike	624	51	661	120	1
000076	14	motorbike	609	62	650	122	1
000077	5	car	10	64	446	353	0
000077	6	car	403	60	552	174	0
000077	12	car	760	44	952	174	0
000077	13	motorbike	615	49	652	119	1
000077	14	motorbike	625	58	664	115	1
000078	5	car	8	60	435	382	0
000078	6	car	400	60	549	174	0
000078	12	car	768	49	968	184	0
000078	13	motorbike	606	49	643	119	1
000078	14	motorbike	641	55	680	108	1
000079	5	car	7	58	424	410	0
000079	6	car	396	60	545	174	0
000079	12	car	769	42	981	183	0
000079	13	motorbike	604	46	643	115	1
000079	14	motorbike	641	51	682	106	1
000080	5	car	5	56	414	439	0
000080	6	car	392	60	542	174	0
000080	12	car	771	37	993	183	0
000080	13	motorbike	602	44	643	113	1
000080	14	motorbike	643	49	686	106	1
000081	5	car	3	53	403	467	0
000081	6	car	389	62	538	176	0
000081	12	car	773	32	1008	181	0
000081	13	motorbike	600	42	643	112	1
000081	14	motorbike	645	46	688	106	1
000082	5	car	1	51	392	496	0
000082	6	car	371	60	535	184	0
000082	12	car	775	26	1020	181	0
000082	13	motorbike	599	40	643	108	1
000082	14	motorbike	647	44	691	104	1
000083	5	car	0	49	382	524	0
000083	6	car	355	60	531	195	0
000083	12	car	778	21	1034	181	0
000083	13	motorbike	597	39	643	106	1
000083	14	motorbike	648	40	693	104	1
000084	5	car	0	56	368	549	0
000084	6	car	339	60	528	204	0
000084	12	car	785	24	1047	192	0
000084	13	motorbike	597	37	645	104	1
000084	14	motorbike	650	39	696	104	1
000085	5	car	0	64	355	576	0
000085	6	car	323	58	524	215	0
000085	12	car	792	28	1061	204	0
000085	13	motorbike	593	39	643	106	1
000085	14	motorbike	652	44	704	108	1
000086	5	car	0	71	341	600	0
000086	6	car	307	58	520	224	0
000086	12	car	801	32	1075	215	0
000086	13	motorbike	590	42	643	110	1
000086	14	motorbike	654	49	712	113	1
000087	5	car	0	80	328	627	0
000087	6	car	291	58	517	234	0
000087	12	car	808	35	1089	227	0
000087	13	motorbike	586	44	641	112	1
000087	14	motorbike	656	55	721	119	1
000088	5	car	0	90	304	638	0
000088	6	car	275	58	515	245	0
000088	12	car	817	39	1104	240	0
000088	13	motorbike	583	48	641	115	1
000088	14	motorbike	657	60	730	124	1
000089	5	car	0	103	279	648	0
000089	6	car	254	53	513	250	0
000089	12	car	826	39	1127	256	0
000089	13	motorbike	579	48	641	115	1
000089	14	motorbike	657	60	732	124	1
000090	5	car	0	115	254	661	0
000090	6	car	234	48	513	256	0
000090	12	car	835	40	1152	273	0
000090	13	motorbike	577	49	643	117	1
000090	14	motorbike	659	60	734	124	1
000091	5	car	0	128	231	672	0
000091	6	car	215	42	512	261	0
000091	12	car	844	42	1176	291	0
000091	13	motorbike	574	51	643	117	1
000091	14	motorbike	661	60	736	124	1
000092	5	car	0	138	206	682	0
000092	6	car	193	37	512	266	0
000092	12	car	855	42	1201	309	0
000092	13	motorbike	572	53	645	119	1
000092	14	motorbike	663	60	737	124	1
000093	5	car	0	151	181	695	0
000093	6	car	174	32	510	272	0
000093	12	car	864	44	1226	327	0
000093	13	motorbike	570	55	647	120	1
000093	14	motorbike	664	60	739	124	1
000094	5	car	0	163	156	705	0
000094	6	car	154	26	510	277	0
000094	12	car	872	46	1251	344	0
000094	13	motorbike	574	58	654	124	1
000094	14	motorbike	672	60	746	124	1
000095	6	car	135	21	510	284	0
000095	12	car	883	48	1276	362	0
000095	13	motorbike	577	62	661	128	1
000095	14	motorbike	679	60	753	124	1
000096	6	car	112	16	508	304	0
000096	12	car	896	49	1276	382	0
000096	13	motorbike	583	65	670	131	1
000096	14	motorbike	686	60	762	124	1
000097	6	car	88	12	506	323	0
000097	12	car	908	51	1276	401	0
000097	13	motorbike	586	69	677	135	1
000097	14	motorbike	695	62	769	126	1
000098	6	car	65	7	504	344	0
000098	12	car	920	55	1276	421	0
000098	13	motorbike	592	72	686	138	1
000098	14	motorbike	702	62	778	126	1
000099	6	car	42	3	503	364	0
000099	12	car	933	56	1276	440	0
000099	13	motorbike	595	76	693	142	1
000099	14	motorbike	709	62	785	126	1
000100	6	car	21	0	501	385	0
000100	12	car	947	60	1276	462	0
000100	13	motorbike	600	81	702	147	1
000100	14	motorbike	718	64	794	128	1
