000001	1	bus	336	224	561	304	0
000001	2	car	890	192	1109	289	0
000001	5	car	53	328	133	389	0
000002	1	bus	353	216	579	296	0
000002	2	car	919	186	1121	282	0
000002	5	car	71	320	151	380	0
000003	1	bus	371	209	597	289	0
000003	2	car	947	181	1134	277	0
000003	5	car	88	312	168	373	0
000004	1	bus	391	202	615	284	0
000004	5	car	106	305	186	366	0
000005	1	bus	408	195	634	277	0
000005	5	car	126	298	206	359	0
000006	1	bus	428	190	652	272	0
000006	5	car	144	289	224	350	0
000007	1	bus	446	183	670	264	0
000007	5	car	161	282	241	343	0
000008	1	bus	464	176	689	257	0
000008	5	car	179	275	259	336	0
000008	6	car	85	288	163	353	0
000009	1	bus	483	168	707	252	0
000009	5	car	199	268	279	328	0
000009	6	car	90	284	168	350	0
000010	1	bus	501	161	725	245	0
000010	5	car	206	263	286	323	0
000010	6	car	96	282	174	348	0
000011	1	bus	520	156	744	240	0
000011	5	car	213	259	293	320	0
000011	6	car	103	279	181	344	0
000012	1	bus	526	152	753	236	0
000012	5	car	220	256	300	316	0
000012	6	car	108	277	186	343	0
000013	1	bus	533	149	762	232	0
000013	5	car	227	252	307	312	0
000013	6	car	113	273	192	339	0
000014	1	bus	538	145	771	229	0
000014	5	car	234	248	314	309	0
000014	6	car	120	272	199	337	0
000015	1	bus	545	142	780	225	0
000015	3	motorbike	80	286	113	346	1
000015	5	car	241	245	321	305	0
000015	6	car	126	268	204	334	0
000016	1	bus	551	138	789	222	0
000016	3	motorbike	81	286	115	346	1
000016	5	car	248	241	328	302	0
000016	6	car	131	266	209	332	0
000017	1	bus	558	136	800	218	0
000017	3	motorbike	83	288	117	348	1
000017	5	car	256	238	336	298	0
000017	6	car	138	263	216	328	0
000018	1	bus	554	138	796	220	0
000018	3	motorbike	85	288	119	348	1
000018	5	car	263	234	343	295	0
000018	6	car	144	261	222	327	0
000019	1	bus	552	142	794	224	0
000019	3	motorbike	87	289	120	350	1
000019	5	car	259	236	339	296	0
000019	6	car	149	257	227	323	0
000020	1	bus	551	145	792	227	0
000020	3	motorbike	88	291	122	352	1
000020	5	car	257	240	337	300	0
000020	6	car	156	256	234	321	0
000021	1	bus	549	149	791	231	0
000021	3	motorbike	90	291	124	352	1
000021	5	car	256	243	336	304	0
000021	6	car	154	259	232	323	0
000022	1	bus	547	152	789	234	0
000022	3	motorbike	92	293	126	353	1
000022	5	car	254	247	334	307	0
000022	6	car	152	263	231	327	0
000023	1	bus	545	156	787	238	0
000023	3	motorbike	94	295	128	355	1
000023	5	car	250	248	330	309	0
000023	6	car	151	268	229	328	0
000024	1	bus	544	158	785	240	0
000024	3	motorbike	96	295	129	355	1
000024	5	car	248	252	328	312	0
000024	6	car	149	272	227	332	0
000025	1	bus	542	161	784	243	0
000025	3	motorbike	97	296	131	357	1
000025	5	car	247	256	327	316	0
000025	6	car	147	275	225	334	0
000026	1	bus	540	165	782	247	0
000026	3	motorbike	99	296	133	357	1
000026	5	car	245	259	325	320	0
000026	6	car	145	280	224	337	0
000027	1	bus	538	168	780	250	0
000027	3	motorbike	101	298	135	359	1
000027	5	car	241	261	321	321	0
000027	6	car	144	284	222	339	0
000028	1	bus	536	172	778	254	0
000028	3	motorbike	103	300	136	360	1
000028	5	car	240	264	320	325	0
000028	6	car	142	288	220	343	0
000029	1	bus	535	176	776	257	0
000029	3	motorbike	104	300	138	360	1
000029	5	car	238	268	318	328	0
000029	6	car	140	293	218	344	0
000030	1	bus	531	177	773	259	0
000030	3	motorbike	106	302	140	362	1
000030	5	car	236	272	316	332	0
000030	6	car	138	296	216	348	0
000031	1	bus	529	181	771	263	0
000031	3	motorbike	110	304	144	364	1
000031	4	car	199	284	286	325	1
000031	5	car	234	275	314	336	0
000031	6	car	138	302	215	352	0
000032	1	bus	528	184	769	266	0
000032	3	motorbike	113	305	149	366	1
000032	4	car	202	286	289	327	1
000032	5	car	231	277	311	337	0
000032	6	car	138	302	215	352	0
000033	1	bus	526	188	768	270	0
000033	3	motorbike	119	307	154	368	1
000033	4	car	206	288	293	328	1
000033	5	car	229	280	309	341	0
000033	6	car	138	302	215	352	0
000034	1	bus	524	192	766	273	0
000034	3	motorbike	124	309	160	369	1
000034	4	car	209	289	296	330	1
000034	5	car	227	284	307	344	0
000035	1	bus	522	195	764	277	0
000035	3	motorbike	129	311	165	371	1
000035	4	car	215	291	302	332	1
000035	5	car	225	288	305	348	0
000036	1	bus	520	197	762	279	0
000036	3	motorbike	135	312	170	373	1
000036	4	car	218	293	305	334	1
000036	5	car	222	289	302	350	0
000037	1	bus	519	200	760	282	0
000037	3	motorbike	138	316	176	375	1
000037	4	car	222	295	309	336	1
000037	5	car	220	293	300	353	0
000038	1	bus	517	204	759	286	0
000038	3	motorbike	144	318	181	376	1
000038	4	car	225	296	312	337	1
000038	5	car	218	296	298	357	0
000039	1	bus	515	208	757	289	0
000039	3	motorbike	149	320	186	378	1
000039	4	car	231	298	318	339	1
000039	5	car	216	300	296	360	0
000040	1	bus	513	211	755	293	0
000040	3	motorbike	154	321	192	380	1
000040	4	car	234	300	321	341	1
000040	5	car	215	304	295	364	0
000041	1	bus	512	215	753	296	0
000041	3	motorbike	160	323	197	382	1
000041	4	car	238	302	325	343	1
000041	5	car	211	305	291	366	0
000042	1	bus	510	218	752	300	0
000042	3	motorbike	165	327	204	385	1
000042	4	car	243	304	330	344	1
000042	5	car	209	309	289	369	0
000043	1	bus	504	222	746	304	0
000043	3	motorbike	167	327	213	385	1
000043	4	car	243	304	332	346	1
000043	5	car	208	312	288	373	0
000044	1	bus	501	225	743	307	0
000044	3	motorbike	168	327	222	387	1
000044	4	car	243	305	334	350	1
000044	5	car	206	316	286	376	0
000045	1	bus	497	229	739	311	0
000045	3	motorbike	172	327	231	389	1
000045	4	car	243	307	336	353	1
000045	5	car	202	318	282	378	0
000045	6	car	101	343	177	392	0
000046	1	bus	494	232	736	314	0
000046	3	motorbike	174	327	240	391	1
000046	4	car	243	309	337	357	1
000046	5	car	200	321	280	382	0
000046	6	car	96	346	172	396	0
000047	1	bus	490	236	732	318	0
000047	3	motorbike	176	327	248	391	1
000047	4	car	243	309	339	360	1
000047	5	car	199	325	279	385	0
000047	6	car	92	352	168	401	0
000048	1	bus	487	240	728	321	0
000048	3	motorbike	179	327	257	392	1
000048	4	car	243	311	341	364	1
000048	5	car	197	328	277	389	0
000048	6	car	87	357	163	407	0
000049	1	bus	483	243	725	325	0
000049	3	motorbike	181	327	266	394	1
000049	4	car	243	312	343	368	1
000049	6	car	83	360	160	410	0
000050	1	bus	480	247	721	328	0
000050	3	motorbike	184	328	277	396	1
000050	4	car	243	314	346	371	1
000050	6	car	78	366	154	416	0
000051	1	bus	472	252	714	334	0
000051	3	motorbike	190	332	282	400	1
000051	4	car	243	318	346	375	1
000051	6	car	74	371	151	421	0
000052	1	bus	467	259	709	341	0
000052	3	motorbike	197	337	288	405	1
000052	4	car	245	323	348	380	1
000052	6	car	69	375	145	424	0
000053	1	bus	460	264	702	346	0
000053	3	motorbike	204	343	295	408	1
000053	4	car	245	328	348	385	1
000053	6	car	65	380	142	430	0
000054	1	bus	455	272	696	353	0
000054	3	motorbike	211	346	300	414	1
000054	4	car	247	334	350	391	1
000054	6	car	60	385	136	435	0
000055	1	bus	448	277	689	359	0
000055	3	motorbike	218	352	307	419	1
000055	4	car	248	339	352	396	1
000055	6	car	56	389	133	439	0
000056	1	bus	442	284	684	366	0
000056	3	motorbike	224	357	312	423	1
000056	4	car	248	344	352	401	1
000056	6	car	51	394	128	444	0
000057	1	bus	435	289	677	371	0
000057	3	motorbike	231	360	318	428	1
000057	4	car	250	350	353	407	1
000057	6	car	48	400	124	449	0
000058	1	bus	430	296	672	378	0
000058	3	motorbike	238	366	325	432	1
000058	4	car	250	355	353	412	1
000058	6	car	42	403	119	453	0
000059	1	bus	423	302	664	384	0
000059	3	motorbike	245	371	330	437	1
000059	4	car	252	360	355	417	1
000059	6	car	39	408	115	458	0
000060	1	bus	417	309	659	391	0
000060	3	motorbike	252	376	337	442	1
000060	4	car	254	366	357	423	1
000060	5	car	124	394	204	455	0
000060	6	car	35	414	112	464	0
000061	1	bus	412	312	654	394	0
000061	3	motorbike	257	380	343	446	1
000061	4	car	252	369	357	426	1
000061	5	car	119	398	199	458	0
000061	6	car	32	419	108	469	0
000062	1	bus	407	318	648	400	0
000062	3	motorbike	264	384	350	449	1
000062	4	car	252	375	359	432	1
000062	5	car	113	403	193	464	0
000062	6	car	30	424	106	474	0
000063	1	bus	401	323	643	405	0
000063	3	motorbike	270	387	355	453	1
000063	4	car	252	380	359	437	1
000063	5	car	108	407	188	467	0
000063	6	car	28	430	104	480	0
000064	1	bus	398	328	640	410	0
000064	3	motorbike	277	391	362	456	1
000064	4	car	250	385	360	440	1
000064	5	car	104	412	184	472	0
000065	1	bus	392	334	634	416	0
000065	3	motorbike	284	396	368	460	1
000065	4	car	250	391	362	446	1
000065	5	car	99	416	179	476	0
000066	1	bus	387	337	629	419	0
000066	3	motorbike	289	400	375	464	1
000066	4	car	250	394	362	451	1
000066	5	car	94	421	174	481	0
000067	1	bus	384	343	625	424	0
000067	3	motorbike	296	403	380	467	1
000067	4	car	248	400	364	455	1
000067	5	car	90	424	170	485	0
000068	1	bus	378	348	620	430	0
000068	3	motorbike	302	407	387	471	1
000068	4	car	248	405	364	460	1
000068	5	car	85	430	165	490	0
000069	1	bus	373	353	615	435	0
000069	3	motorbike	309	410	392	474	1
000069	4	car	248	410	366	465	1
000069	5	car	80	433	160	494	0
000070	1	bus	369	359	611	440	0
000070	3	motorbike	316	416	400	478	1
000070	4	car	248	416	368	471	1
000070	5	car	76	439	156	499	0
000071	1	bus	364	359	606	440	0
000071	3	motorbike	321	416	405	478	1
000071	4	car	250	417	369	472	1
000071	5	car	71	439	151	499	0
000072	1	bus	359	360	600	442	0
000072	3	motorbike	327	416	410	478	1
000072	4	car	254	419	373	474	1
000072	5	car	67	440	147	501	0
000073	1	bus	353	362	595	444	0
000073	3	motorbike	334	417	417	480	1
000073	4	car	257	421	376	476	1
000073	5	car	64	442	144	503	0
000074	1	bus	348	364	590	446	0
000074	3	motorbike	339	417	423	480	1
000074	4	car	259	423	378	478	1
000074	5	car	60	442	140	503	0
000075	1	bus	343	366	584	448	0
000075	3	motorbike	346	417	430	480	1
000075	4	car	263	424	382	480	1
000075	5	car	56	444	136	504	0
000076	1	bus	337	368	579	449	0
000076	3	motorbike	352	419	435	481	1
000076	4	car	266	426	385	481	1
000076	5	car	53	446	133	506	0
000077	1	bus	334	369	576	451	0
000077	3	motorbike	359	419	442	481	1
000077	4	car	268	430	387	485	1
000077	5	car	49	446	129	506	0
000078	1	bus	328	371	570	453	0
000078	3	motorbike	364	421	448	483	1
000078	4	car	272	432	391	487	1
000078	5	car	46	448	126	508	0
000079	1	bus	323	373	565	455	0
000079	3	motorbike	371	421	455	483	1
000079	4	car	275	433	394	488	1
000079	5	car	40	449	120	510	0
000080	1	bus	318	375	560	456	0
000080	3	motorbike	376	421	460	483	1
000080	4	car	277	435	396	490	1
000080	5	car	37	449	117	510	0
000081	1	bus	312	376	554	458	0
000081	3	motorbike	384	423	467	485	1
000081	4	car	280	437	400	492	1
000081	5	car	33	451	113	512	0
000082	1	bus	307	378	549	460	0
000082	3	motorbike	389	423	472	485	1
000082	4	car	284	439	403	494	1
000082	5	car	30	453	110	513	0
000083	1	bus	304	380	545	462	0
000083	3	motorbike	396	424	480	487	1
000083	4	car	288	442	407	497	1
000083	5	car	26	453	106	513	0
000084	1	bus	302	378	544	460	0
000084	3	motorbike	401	423	485	485	1
000084	4	car	288	439	408	496	1
000084	5	car	23	455	103	515	0
000085	1	bus	300	376	542	458	0
000085	3	motorbike	408	423	490	485	1
000085	4	car	288	437	412	494	1
000085	5	car	19	456	99	517	0
000086	1	bus	300	375	542	456	0
000086	3	motorbike	416	423	496	483	1
000086	4	car	288	433	416	492	1
000086	5	car	16	458	96	519	0
000087	1	bus	298	373	540	455	0
000087	3	motorbike	423	421	501	483	1
000087	4	car	288	432	419	490	1
000087	5	car	14	456	94	517	0
000088	1	bus	298	371	540	453	0
000088	3	motorbike	428	421	506	483	1
000088	4	car	289	430	423	488	1
000088	5	car	14	455	94	515	0
000089	1	bus	296	369	538	451	0
000089	3	motorbike	435	421	513	481	1
000089	4	car	289	426	424	487	1
000089	5	car	14	453	94	513	0
000090	1	bus	296	368	538	449	0
000090	3	motorbike	442	419	519	481	1
000090	4	car	289	424	428	485	1
000090	5	car	14	451	94	512	0
000091	1	bus	295	366	536	448	0
000091	3	motorbike	449	419	524	481	1
000091	4	car	289	423	432	483	1
000091	5	car	14	449	94	510	0
000092	1	bus	295	364	536	446	0
000092	3	motorbike	455	419	529	480	1
000092	4	car	291	419	435	481	1
000092	5	car	14	448	94	508	0
000093	1	bus	293	362	535	444	0
000093	3	motorbike	462	419	535	480	1
000093	4	car	291	417	439	480	1
000093	5	car	14	446	94	506	0
000094	1	bus	293	360	535	442	0
000094	3	motorbike	469	417	540	480	1
000094	4	car	291	416	442	478	1
000094	5	car	14	444	94	504	0
000095	1	bus	291	359	533	440	0
000095	3	motorbike	476	417	547	478	1
000095	4	car	291	412	444	476	1
000095	5	car	14	442	94	503	0
000096	1	bus	291	357	533	439	0
000096	3	motorbike	481	417	552	478	1
000096	4	car	293	410	448	474	1
000096	5	car	14	440	94	501	0
000097	1	bus	289	355	531	437	0
000097	3	motorbike	488	416	558	478	1
000097	4	car	293	408	451	472	1
000097	5	car	14	439	94	499	0
000098	1	bus	289	353	531	435	0
000098	3	motorbike	496	416	563	476	1
000098	4	car	293	405	455	471	1
000098	5	car	14	437	94	497	0
000099	1	bus	288	352	529	433	0
000099	3	motorbike	503	416	568	476	1
000099	4	car	293	403	458	469	1
000099	5	car	14	435	94	496	0
000100	1	bus	288	352	529	433	0
000100	2	car	977	176	1148	272	0
000100	3	motorbike	510	416	576	476	1
000100	4	car	295	401	462	467	1
000100	5	car	14	433	94	494	0
