000001	1	motorbike	644	298	796	497	1
000001	2	person	661	133	783	338	1
000001	3	car	184	146	395	349	0
000001	4	car	29	150	179	267	0
000001	5	motorbike	1033	233	1123	397	0
000001	6	motorbike	1122	249	1208	440	0
000002	1	motorbike	628	279	780	475	1
000002	2	person	645	118	767	318	1
000002	3	car	169	130	383	335	0
000002	4	car	24	132	170	249	0
000002	5	motorbike	1046	230	1140	394	0
000002	6	motorbike	1139	254	1218	445	0
000003	1	motorbike	612	260	764	453	1
000003	2	person	630	104	752	299	1
000003	3	car	154	114	371	322	0
000003	4	car	20	114	162	231	0
000003	5	motorbike	1060	228	1158	391	0
000003	6	motorbike	1157	259	1228	450	0
000004	1	motorbike	596	241	748	431	1
000004	2	person	615	90	736	279	1
000004	3	car	139	98	359	309	0
000004	4	car	16	96	154	213	0
000004	5	motorbike	1074	225	1176	389	0
000004	6	motorbike	1174	265	1238	456	0
000005	1	motorbike	580	222	732	410	1
000005	2	person	599	76	721	260	1
000005	3	car	124	83	347	296	0
000005	4	car	12	79	145	196	0
000005	5	motorbike	1087	223	1193	386	0
000005	6	motorbike	1192	270	1248	461	0
000006	1	motorbike	564	203	716	388	1
000006	2	person	584	62	705	240	1
000006	3	car	109	67	335	283	0
000006	4	car	8	61	137	178	0
000006	5	motorbike	1101	220	1211	384	0
000006	6	motorbike	1209	276	1258	467	0
000007	1	motorbike	548	184	700	366	1
000007	2	person	569	48	690	221	1
000007	3	car	94	51	323	270	0
000007	4	car	4	43	129	160	0
000007	5	motorbike	1115	218	1229	381	0
000007	6	motorbike	1227	281	1268	472	0
000008	1	motorbike	533	165	684	345	1
000008	2	person	554	34	675	202	1
000008	3	car	79	36	311	257	0
000008	4	car	0	26	121	143	0
000008	5	motorbike	1129	216	1247	379	0
000008	8	motorbike	267	29	322	127	1
000009	1	motorbike	514	145	665	325	1
000009	2	person	534	22	655	184	1
000009	3	car	52	24	284	240	0
000009	4	car	0	17	96	118	0
000009	5	motorbike	1148	219	1257	382	0
000009	8	motorbike	248	19	303	105	1
000010	1	motorbike	496	126	647	306	1
000010	2	person	514	11	635	166	1
000010	3	car	26	12	257	223	0
000010	4	car	0	8	72	93	0
000010	5	motorbike	1167	222	1268	385	0
000010	8	motorbike	229	9	284	84	1
000011	1	motorbike	478	107	629	287	1
000011	2	person	494	0	615	149	1
000011	3	car	0	0	231	207	0
000011	4	car	0	0	48	68	0
000011	8	motorbike	210	0	265	63	1
000012	1	motorbike	453	87	604	267	1
000012	2	person	467	0	588	131	1
000012	3	car	0	0	223	197	0
000012	4	car	0	0	48	68	0
000012	8	motorbike	201	0	256	57	1
000013	1	motorbike	429	68	580	248	1
000013	2	person	440	0	561	113	1
000013	3	car	0	0	216	187	0
000013	4	car	0	0	48	68	0
000013	8	motorbike	192	0	247	51	1
000014	1	motorbike	405	49	556	229	1
000014	2	person	413	0	534	96	1
000014	3	car	0	0	208	178	0
000014	4	car	0	0	48	68	0
000014	8	motorbike	183	0	238	45	1
000015	1	motorbike	415	50	566	230	1
000015	2	person	420	0	541	90	1
000015	3	car	0	0	201	168	0
000015	4	car	0	0	48	68	0
000015	8	motorbike	174	0	229	39	1
000016	1	motorbike	425	52	576	232	1
000016	2	person	427	0	548	84	1
000016	3	car	0	0	193	158	0
000016	4	car	0	0	48	68	0
000016	8	motorbike	165	0	220	33	1
000017	1	motorbike	436	54	587	234	1
000017	2	person	435	0	556	78	1
000017	3	car	0	0	186	149	0
000018	1	motorbike	459	73	610	253	1
000018	2	person	461	6	582	94	1
000018	3	car	7	2	205	168	0
000019	1	motorbike	482	93	633	273	1
000019	2	person	487	12	608	111	1
000019	3	car	15	5	224	187	0
000020	1	motorbike	505	112	656	292	1
000020	2	person	513	18	634	127	1
000020	3	car	23	7	243	206	0
000020	8	motorbike	226	6	279	85	1
000021	1	motorbike	528	132	679	312	1
000021	2	person	539	24	660	144	1
000021	3	car	31	10	263	225	0
000021	4	car	0	0	48	68	0
000021	8	motorbike	249	8	301	104	1
000022	1	motorbike	551	151	702	331	1
000022	2	person	565	30	686	160	1
000022	3	car	39	12	282	244	0
000022	4	car	2	4	56	81	0
000022	8	motorbike	272	10	324	123	1
000023	1	motorbike	574	171	725	351	1
000023	2	person	591	36	712	177	1
000023	3	car	47	15	301	263	0
000023	4	car	4	8	65	94	0
000023	8	motorbike	295	12	347	142	1
000024	1	motorbike	598	191	749	371	1
000024	2	person	618	42	738	194	1
000024	3	car	55	18	321	282	0
000024	4	car	6	12	74	108	0
000024	8	motorbike	319	14	370	162	1
000025	1	motorbike	603	202	753	374	1
000025	2	person	622	44	741	196	1
000025	3	car	54	20	320	284	0
000025	4	car	8	16	83	121	0
000025	8	motorbike	325	20	384	168	1
000026	1	motorbike	608	213	757	378	1
000026	2	person	626	46	745	198	1
000026	3	car	53	23	319	287	0
000026	4	car	10	20	92	135	0
000026	8	motorbike	332	26	399	174	1
000027	1	motorbike	613	224	762	382	1
000027	2	person	630	49	749	201	1
000027	3	car	52	26	318	290	0
000027	4	car	12	24	101	148	0
000027	8	motorbike	339	33	414	180	1
000028	1	motorbike	620	227	769	392	1
000028	2	person	639	55	758	210	1
000028	3	car	56	34	322	298	0
000028	4	car	14	28	110	162	0
000028	8	motorbike	349	39	424	186	1
000029	1	motorbike	628	231	777	403	1
000029	2	person	648	61	767	219	1
000029	3	car	60	43	326	307	0
000029	4	car	21	38	117	172	0
000029	8	motorbike	360	45	435	192	1
000030	1	motorbike	636	235	785	413	1
000030	2	person	658	67	776	229	1
000030	3	car	65	52	331	316	0
000030	4	car	28	48	124	182	0
000030	8	motorbike	371	52	446	199	1
000031	1	motorbike	644	238	792	424	1
000031	2	person	667	73	785	238	1
000031	3	car	69	61	335	325	0
000031	4	car	35	59	131	193	0
000031	8	motorbike	382	58	457	205	1
000032	1	motorbike	652	242	800	434	1
000032	2	person	676	79	794	247	1
000032	3	car	73	70	339	334	0
000032	4	car	42	69	138	203	0
000032	8	motorbike	393	64	468	211	1
000033	1	motorbike	660	246	808	445	1
000033	2	person	686	86	804	257	1
000033	3	car	78	79	344	343	0
000033	4	car	49	80	145	214	0
000033	8	motorbike	404	71	479	218	1
000033	11	motorbike	349	77	394	187	0
000034	1	motorbike	669	256	817	443	1
000034	2	person	695	96	813	267	1
000034	3	car	78	86	344	350	0
000034	4	car	51	89	147	223	0
000034	8	motorbike	408	81	483	228	1
000034	11	motorbike	355	84	400	194	0
000035	1	motorbike	679	266	826	442	1
000035	2	person	704	106	822	277	1
000035	3	car	78	93	344	357	0
000035	4	car	54	99	149	232	0
000035	8	motorbike	412	92	487	239	1
000035	11	motorbike	361	92	406	202	0
000036	1	motorbike	689	276	836	441	1
000036	2	person	713	116	831	287	1
000036	3	car	79	101	345	365	0
000036	4	car	57	109	152	242	0
000036	8	motorbike	416	103	491	250	1
000036	11	motorbike	368	100	413	210	0
000037	1	motorbike	692	278	839	443	1
000037	2	person	714	117	832	288	1
000037	3	car	79	105	345	369	0
000037	4	car	61	112	156	245	0
000037	8	motorbike	422	117	497	255	1
000037	11	motorbike	374	105	419	215	0
000038	1	motorbike	695	280	842	445	1
000038	2	person	715	119	833	290	1
000038	3	car	79	109	345	373	0
000038	4	car	66	115	161	248	0
000038	8	motorbike	429	131	504	260	1
000038	11	motorbike	380	110	425	220	0
000039	1	motorbike	699	282	846	447	1
000039	2	person	717	121	835	292	1
000039	3	car	80	113	346	377	0
000039	4	car	71	118	166	251	0
000039	8	motorbike	436	146	510	266	1
000039	11	motorbike	386	115	431	225	0
000040	1	motorbike	702	284	849	449	1
000040	2	person	718	123	836	294	1
000040	3	car	80	118	346	382	0
000040	4	car	76	121	171	254	0
000040	8	motorbike	443	160	517	271	1
000040	11	motorbike	392	120	437	230	0
000041	1	motorbike	705	286	852	451	1
000041	2	person	719	125	837	296	1
000041	3	car	80	122	346	386	0
000041	4	car	80	124	175	257	0
000041	8	motorbike	449	174	524	276	1
000041	11	motorbike	398	125	443	235	0
000042	1	motorbike	709	288	856	453	1
000042	2	person	721	127	839	298	1
000042	3	car	81	126	347	390	0
000042	4	car	85	127	180	260	0
000042	8	motorbike	456	189	530	282	1
000042	11	motorbike	404	130	449	240	0
000043	1	motorbike	712	290	859	455	1
000043	2	person	722	129	840	300	1
000043	3	car	81	130	347	394	0
000043	4	car	90	130	185	263	0
000043	8	motorbike	463	203	537	287	1
000043	11	motorbike	410	135	455	245	0
000044	1	motorbike	716	292	863	457	1
000044	2	person	724	131	842	302	1
000044	3	car	82	135	348	399	0
000044	8	motorbike	470	218	544	293	1
000044	11	motorbike	417	140	462	250	0
000044	12	person	468	141	530	237	1
000045	1	motorbike	718	294	862	458	1
000045	2	person	726	133	844	304	1
000045	3	car	79	137	345	401	0
000045	8	motorbike	474	223	548	298	1
000045	11	motorbike	423	143	468	253	0
000045	12	person	473	143	535	239	1
000046	1	motorbike	720	296	861	460	1
000046	2	person	729	136	847	307	1
000046	3	car	76	140	342	404	0
000046	8	motorbike	479	228	553	303	1
000046	11	motorbike	429	146	474	256	0
000046	12	person	479	146	541	242	1
000047	1	motorbike	723	298	860	462	1
000047	2	person	731	139	849	310	1
000047	3	car	73	142	339	406	0
000047	8	motorbike	484	233	558	308	1
000047	11	motorbike	435	149	480	259	0
000047	12	person	485	149	547	245	1
000048	1	motorbike	725	300	859	464	1
000048	2	person	734	141	852	312	1
000048	3	car	70	145	336	409	0
000048	8	motorbike	489	238	563	313	1
000048	11	motorbike	441	152	486	262	0
000048	12	person	491	152	553	248	1
000049	1	motorbike	727	302	858	466	1
000049	2	person	736	144	854	315	1
000049	3	car	67	147	333	411	0
000049	8	motorbike	494	243	568	318	1
000049	11	motorbike	447	155	492	265	0
000049	12	person	497	155	559	251	1
000050	1	motorbike	730	304	857	468	1
000050	2	person	739	147	857	318	1
000050	3	car	64	150	330	414	0
000050	8	motorbike	499	249	573	324	1
000050	11	motorbike	453	158	498	268	0
000050	12	person	503	158	565	254	1
000051	1	motorbike	733	303	860	467	1
000051	2	person	742	147	857	317	1
000051	3	car	61	150	343	414	0
000051	8	motorbike	505	250	579	325	1
000051	11	motorbike	455	158	503	268	0
000051	12	person	509	158	571	254	1
000052	1	motorbike	736	303	863	467	1
000052	2	person	745	147	858	317	1
000052	3	car	58	150	356	414	0
000052	8	motorbike	511	251	585	326	1
000052	11	motorbike	457	159	509	269	0
000052	12	person	516	158	578	254	1
000053	1	motorbike	740	302	867	466	1
000053	2	person	748	147	858	317	1
000053	3	car	55	150	370	414	0
000053	8	motorbike	517	252	591	327	1
000053	11	motorbike	460	160	515	270	0
000053	12	person	523	159	585	255	1
000054	1	motorbike	743	302	870	466	1
000054	2	person	751	147	859	317	1
000054	3	car	53	151	383	414	0
000054	8	motorbike	524	253	598	328	1
000054	11	motorbike	462	161	521	270	0
000054	12	person	529	159	591	255	1
000055	1	motorbike	747	301	874	465	1
000055	2	person	754	147	859	317	1
000055	3	car	50	151	397	414	0
000055	8	motorbike	530	254	604	329	1
000055	11	motorbike	465	162	527	271	0
000055	12	person	536	160	598	256	1
000056	1	motorbike	750	301	877	465	1
000056	2	person	757	147	860	317	1
000056	3	car	47	151	410	414	0
000056	8	motorbike	536	255	610	330	1
000056	11	motorbike	467	163	533	272	0
000056	12	person	543	160	605	256	1
000057	1	motorbike	754	301	881	465	1
000057	2	person	761	147	861	317	1
000057	3	car	45	152	424	415	0
000057	8	motorbike	543	257	617	332	1
000057	11	motorbike	470	164	539	273	0
000057	12	person	550	161	612	257	1
000058	1	motorbike	757	298	884	460	1
000058	2	person	765	145	865	315	1
000058	3	car	41	149	420	412	0
000058	8	motorbike	549	256	627	333	1
000058	11	motorbike	474	161	543	270	0
000058	12	person	557	157	621	255	1
000059	1	motorbike	761	296	888	455	1
000059	2	person	769	144	869	314	1
000059	3	car	37	147	416	410	0
000059	8	motorbike	556	255	637	334	1
000059	11	motorbike	479	158	548	267	0
000059	12	person	565	153	630	254	1
000060	1	motorbike	765	294	892	451	1
000060	2	person	773	142	873	312	1
000060	3	car	34	144	413	407	0
000060	8	motorbike	563	254	647	336	1
000060	11	motorbike	483	155	552	264	0
000060	12	person	573	150	639	253	1
000061	1	motorbike	769	291	896	446	1
000061	2	person	778	141	878	311	1
000061	3	car	30	142	409	405	0
000061	8	motorbike	570	253	658	337	1
000061	11	motorbike	488	152	557	261	0
000061	12	person	581	146	648	251	1
000062	1	motorbike	773	289	900	442	1
000062	2	person	782	140	882	310	1
000062	3	car	27	139	406	402	0
000062	8	motorbike	577	252	668	338	1
000062	11	motorbike	493	149	562	258	0
000062	12	person	589	142	657	250	1
000063	1	motorbike	777	287	903	437	1
000063	2	person	786	138	886	308	1
000063	3	car	23	137	402	400	0
000063	8	motorbike	583	251	678	340	1
000063	11	motorbike	497	146	566	255	0
000063	12	person	596	139	666	249	1
000064	1	motorbike	781	285	907	433	1
000064	2	person	790	137	890	307	1
000064	3	car	20	134	399	397	0
000064	8	motorbike	590	250	688	341	1
000064	11	motorbike	502	143	571	252	0
000064	12	person	604	135	675	248	1
000065	1	motorbike	785	282	911	428	1
000065	2	person	795	136	895	306	1
000065	3	car	16	132	395	395	0
000065	8	motorbike	597	249	699	342	1
000065	11	motorbike	507	140	576	249	0
000065	12	person	612	131	684	246	1
000066	1	motorbike	789	280	915	424	1
000066	2	person	799	134	899	304	1
000066	3	car	13	129	392	392	0
000066	8	motorbike	604	248	709	344	1
000066	11	motorbike	511	137	580	246	0
000066	12	person	620	128	693	245	1
000067	1	motorbike	793	278	919	419	1
000067	2	person	803	133	903	303	1
000067	3	car	9	127	388	390	0
000067	8	motorbike	611	247	719	345	1
000067	11	motorbike	516	134	585	243	0
000067	12	person	628	124	702	244	1
000068	1	motorbike	797	276	923	415	1
000068	2	person	808	132	908	302	1
000068	3	car	6	125	385	388	0
000068	8	motorbike	618	247	730	347	1
000068	11	motorbike	521	132	590	241	0
000068	12	person	636	121	712	243	1
000069	1	motorbike	796	275	931	414	1
000069	2	person	822	133	922	299	1
000069	3	car	8	121	387	384	0
000069	8	motorbike	625	246	735	346	1
000069	11	motorbike	520	125	589	234	0
000069	12	person	642	117	719	241	1
000070	1	motorbike	795	275	939	413	1
000070	2	person	837	135	937	296	1
000070	3	car	11	117	390	380	0
000070	8	motorbike	633	246	741	345	1
000070	11	motorbike	519	118	588	227	0
000070	12	person	649	113	727	240	1
000071	1	motorbike	794	274	947	413	1
000071	2	person	852	136	951	294	1
000071	3	car	13	114	392	377	0
000071	8	motorbike	640	245	747	345	1
000071	11	motorbike	519	111	588	220	0
000071	12	person	655	109	734	239	1
000072	1	motorbike	793	274	955	412	1
000072	2	person	866	138	966	291	1
000072	3	car	16	110	395	373	0
000072	8	motorbike	648	245	752	344	1
000072	11	motorbike	518	104	587	213	0
000072	12	person	662	105	742	238	1
000073	1	motorbike	792	273	963	411	1
000073	2	person	881	139	980	288	1
000073	3	car	19	107	398	370	0
000073	8	motorbike	655	244	758	343	1
000073	11	motorbike	517	97	586	206	0
000073	12	person	668	101	749	237	1
000074	1	motorbike	792	273	971	411	1
000074	2	person	896	141	995	286	1
000074	3	car	21	103	400	366	0
000074	8	motorbike	663	244	764	343	1
000074	11	motorbike	517	91	586	200	0
000074	12	person	675	97	757	236	1
000075	1	motorbike	799	274	993	412	1
000075	2	person	895	158	1006	298	1
000075	3	car	24	100	403	363	0
000075	8	motorbike	668	243	769	343	1
000075	11	motorbike	517	88	583	197	0
000075	12	person	681	92	762	234	1
000076	1	motorbike	806	276	1016	413	1
000076	2	person	895	176	1018	310	1
000076	3	car	26	96	405	359	0
000076	8	motorbike	673	242	775	344	1
000076	11	motorbike	517	86	581	195	0
000076	12	person	687	87	768	232	1
000077	1	motorbike	813	277	1039	415	1
000077	2	person	895	193	1030	322	1
000077	3	car	29	93	408	356	0
000077	8	motorbike	678	241	781	345	1
000077	11	motorbike	517	84	579	192	0
000077	12	person	693	82	774	230	1
000078	1	motorbike	820	279	1061	416	1
000078	2	person	895	211	1042	335	1
000078	3	car	32	89	411	352	0
000078	8	motorbike	683	240	787	346	1
000078	11	motorbike	517	81	577	190	0
000078	12	person	699	77	780	228	1
000079	1	motorbike	827	280	1084	418	1
000079	2	person	894	229	1054	347	1
000079	3	car	34	86	413	349	0
000079	8	motorbike	688	239	793	346	1
000079	11	motorbike	517	79	574	187	0
000079	12	person	705	72	786	226	1
000080	1	motorbike	834	282	1107	419	1
000080	2	person	894	246	1066	359	1
000080	3	car	37	82	416	345	0
000080	8	motorbike	693	238	799	347	1
000080	11	motorbike	517	77	572	185	0
000080	12	person	711	67	792	224	1
000081	1	motorbike	841	283	1129	421	1
000081	2	person	894	264	1078	371	1
000081	3	car	39	79	418	342	0
000081	8	motorbike	698	237	805	348	1
000081	11	motorbike	517	74	570	182	0
000081	12	person	717	62	798	222	1
000082	1	motorbike	848	285	1152	422	1
000082	3	car	42	75	421	338	0
000082	8	motorbike	703	236	811	349	1
000082	11	motorbike	517	72	568	180	0
000082	12	person	723	57	804	220	1
000083	1	motorbike	856	287	1175	424	1
000083	3	car	45	72	424	335	0
000083	8	motorbike	708	235	817	350	1
000083	11	motorbike	517	70	566	178	0
000083	12	person	729	53	810	219	1
000084	1	motorbike	875	296	1194	433	1
000084	3	car	47	72	426	335	0
000084	8	motorbike	708	234	823	355	1
000084	11	motorbike	515	68	564	176	0
000084	12	person	731	52	816	218	1
000085	1	motorbike	895	305	1214	442	1
000085	3	car	50	73	429	336	0
000085	8	motorbike	708	234	829	361	1
000085	11	motorbike	513	66	562	174	0
000085	12	person	733	52	822	218	1
000086	1	motorbike	914	314	1233	451	1
000086	3	car	52	74	431	337	0
000086	8	motorbike	709	234	835	367	1
000086	11	motorbike	512	64	561	172	0
000086	12	person	735	52	828	218	1
000087	1	motorbike	934	324	1253	461	1
000087	3	car	55	75	434	338	0
000087	8	motorbike	709	234	841	373	1
000087	11	motorbike	510	62	559	170	0
000087	12	person	737	52	834	218	1
000088	1	motorbike	955	352	1259	489	1
000088	3	car	57	75	436	338	0
000088	8	motorbike	709	233	847	378	1
000088	11	motorbike	508	60	557	168	0
000088	12	person	739	52	840	217	1
000089	1	motorbike	976	381	1266	518	1
000089	3	car	60	76	439	339	0
000089	8	motorbike	710	233	853	384	1
000089	11	motorbike	507	58	556	166	0
000089	12	person	741	52	846	217	1
000090	1	motorbike	997	409	1272	546	1
000090	3	car	62	77	441	340	0
000090	8	motorbike	710	233	859	390	1
000090	11	motorbike	505	56	554	164	0
000090	12	person	743	52	852	217	1
000091	1	motorbike	1019	438	1279	575	1
000091	3	car	65	78	444	341	0
000091	8	motorbike	711	233	865	396	1
000091	11	motorbike	504	54	553	162	0
000091	12	person	745	52	858	217	1
000092	1	motorbike	1060	457	1279	594	1
000092	3	car	71	79	450	342	0
000092	8	motorbike	718	237	872	403	1
000092	11	motorbike	502	54	551	162	0
000092	12	person	751	52	864	221	1
000093	1	motorbike	1101	477	1279	614	1
000093	3	car	77	80	456	343	0
000093	8	motorbike	725	242	879	411	1
000093	11	motorbike	500	54	549	162	0
000093	12	person	758	52	871	225	1
000094	1	motorbike	1142	496	1279	633	1
000094	3	car	84	82	463	345	0
000094	8	motorbike	732	247	886	418	1
000094	11	motorbike	499	54	548	162	0
000094	12	person	765	52	877	229	1
000095	1	motorbike	1183	516	1279	653	1
000095	3	car	90	83	469	346	0
000095	8	motorbike	739	251	893	426	1
000095	11	motorbike	497	54	546	162	0
000095	12	person	772	52	884	233	1
000096	3	car	97	85	476	348	0
000096	8	motorbike	746	256	900	433	1
000096	11	motorbike	495	54	544	162	0
000096	12	person	779	52	891	238	1
000097	3	car	94	82	473	345	0
000097	8	motorbike	753	261	907	441	1
000097	11	motorbike	494	54	543	162	0
000097	12	person	779	52	901	247	1
000098	3	car	92	80	471	343	0
000098	8	motorbike	760	265	914	448	1
000098	11	motorbike	492	54	541	162	0
000098	12	person	779	52	911	257	1
000099	3	car	89	77	468	340	0
000099	8	motorbike	767	270	921	456	1
000099	11	motorbike	490	54	539	162	0
000099	12	person	779	52	921	266	1
000100	3	car	87	75	466	338	0
000100	8	motorbike	775	275	928	464	1
000100	11	motorbike	489	55	538	163	0
000100	12	person	779	53	931	276	1
