000001	1	person	1040	217	1234	582	0
000001	2	motorbike	978	406	1263	689	0
000001	3	car	670	352	746	449	0
000001	4	motorbike	570	389	629	472	1
000002	1	person	1037	217	1231	582	0
000002	2	motorbike	975	406	1260	689	0
000002	3	car	668	352	746	449	0
000002	4	motorbike	567	388	623	471	1
000003	1	person	1035	218	1229	583	0
000003	2	motorbike	973	406	1258	689	0
000003	3	car	666	352	747	449	0
000003	4	motorbike	565	388	617	471	1
000004	1	person	1032	219	1226	584	0
000004	2	motorbike	971	406	1256	689	0
000004	3	car	664	352	747	449	0
000004	4	motorbike	563	387	611	471	1
000005	1	person	1030	219	1224	584	0
000005	2	motorbike	969	406	1254	689	0
000005	3	car	663	353	748	450	0
000005	4	motorbike	561	387	606	471	1
000006	1	person	1028	220	1222	585	0
000006	2	motorbike	966	406	1251	689	0
000006	3	car	661	353	747	450	0
000006	4	motorbike	559	386	606	470	1
000007	1	person	1025	221	1219	586	0
000007	2	motorbike	964	406	1249	689	0
000007	3	car	660	353	747	450	0
000007	4	motorbike	557	386	606	470	1
000008	1	person	1023	222	1217	587	0
000008	2	motorbike	962	406	1247	689	0
000008	3	car	658	353	746	450	0
000008	4	motorbike	555	386	606	470	1
000009	1	person	1021	222	1215	587	0
000009	2	motorbike	960	406	1245	689	0
000009	3	car	657	354	746	450	0
000009	4	motorbike	553	386	606	469	1
000010	1	person	1018	223	1212	588	0
000010	2	motorbike	957	406	1242	689	0
000010	3	car	655	354	746	450	0
000010	4	motorbike	551	386	606	469	1
000011	1	person	1016	224	1210	589	0
000011	2	motorbike	955	406	1240	689	0
000011	3	car	654	354	745	450	0
000011	4	motorbike	549	386	606	469	1
000012	1	person	1014	224	1208	589	0
000012	2	motorbike	953	406	1238	689	0
000012	3	car	652	354	745	450	0
000012	4	motorbike	548	386	607	469	1
000012	5	motorbike	936	311	1079	574	1
000013	1	person	1011	225	1205	590	0
000013	2	motorbike	951	406	1236	689	0
000013	3	car	651	355	745	450	0
000013	4	motorbike	547	386	606	469	1
000013	5	motorbike	925	312	1068	575	1
000014	1	person	1009	226	1203	591	0
000014	2	motorbike	948	406	1233	689	0
000014	3	car	650	354	744	449	0
000014	4	motorbike	546	387	605	470	1
000014	5	motorbike	914	314	1057	577	1
000015	1	person	1006	227	1200	592	0
000015	2	motorbike	946	406	1231	689	0
000015	3	car	650	354	743	449	0
000015	4	motorbike	546	387	605	470	1
000015	5	motorbike	903	315	1046	578	1
000016	1	person	1004	227	1198	592	0
000016	2	motorbike	944	406	1229	689	0
000016	3	car	650	354	742	449	0
000016	4	motorbike	545	388	604	471	1
000016	5	motorbike	892	317	1035	580	1
000017	1	person	1002	228	1196	593	0
000017	2	motorbike	942	406	1227	689	0
000017	3	car	650	354	741	449	0
000017	4	motorbike	544	388	603	471	1
000017	5	motorbike	881	318	1024	581	1
000018	1	person	999	229	1193	594	0
000018	2	motorbike	939	406	1224	689	0
000018	3	car	650	354	740	449	0
000018	4	motorbike	544	389	603	472	1
000018	5	motorbike	871	320	1014	583	1
000018	6	person	922	323	1015	507	1
000019	1	person	997	229	1191	594	0
000019	2	motorbike	937	406	1222	689	0
000019	3	car	650	354	739	449	0
000019	4	motorbike	540	389	599	472	1
000019	5	motorbike	859	339	1002	585	1
000019	6	person	909	324	1002	508	1
000020	1	person	995	230	1189	595	0
000020	2	motorbike	935	406	1220	689	0
000020	3	car	650	354	738	449	0
000020	4	motorbike	537	390	596	473	1
000020	5	motorbike	848	359	990	588	1
000020	6	person	897	325	990	509	1
000021	1	person	992	231	1186	596	0
000021	2	motorbike	933	406	1218	689	0
000021	3	car	649	354	737	449	0
000021	4	motorbike	533	391	592	474	1
000021	5	motorbike	836	378	979	591	1
000021	6	person	884	326	977	510	1
000022	1	person	990	232	1184	597	0
000022	2	motorbike	930	406	1215	689	0
000022	3	car	649	354	736	449	0
000022	4	motorbike	530	392	589	475	1
000022	5	motorbike	825	398	967	594	1
000022	6	person	872	327	965	511	1
000023	1	person	988	232	1182	597	0
000023	2	motorbike	928	406	1213	689	0
000023	3	car	649	354	735	449	0
000023	4	motorbike	527	393	586	476	1
000023	5	motorbike	813	418	955	597	1
000023	6	person	859	328	952	512	1
000024	1	person	985	233	1179	598	0
000024	2	motorbike	926	406	1211	689	0
000024	3	car	649	354	735	449	0
000024	4	motorbike	523	394	582	477	1
000024	5	motorbike	802	437	944	600	1
000024	6	person	847	329	940	513	1
000025	1	person	983	234	1177	599	0
000025	2	motorbike	924	406	1209	689	0
000025	3	car	649	354	734	449	0
000025	4	motorbike	520	395	579	478	1
000025	5	motorbike	790	457	932	603	1
000025	6	person	834	330	927	514	1
000026	1	person	981	235	1175	600	0
000026	2	motorbike	922	406	1207	689	0
000026	3	car	649	354	733	449	0
000026	4	motorbike	517	396	576	479	1
000026	5	motorbike	779	477	921	606	1
000026	6	person	822	331	915	515	1
000027	1	person	973	236	1167	601	0
000027	2	motorbike	920	413	1196	688	0
000027	3	car	649	354	732	449	0
000027	4	motorbike	514	396	573	479	1
000027	5	motorbike	766	472	908	601	1
000027	6	person	809	333	902	514	1
000028	1	person	965	237	1159	602	0
000028	2	motorbike	919	421	1185	687	0
000028	3	car	648	354	731	449	0
000028	4	motorbike	511	396	570	479	1
000028	5	motorbike	754	468	896	597	1
000028	6	person	796	335	889	514	1
000029	1	person	958	238	1152	603	0
000029	2	motorbike	918	428	1174	687	0
000029	3	car	648	354	730	449	0
000029	4	motorbike	508	396	567	479	1
000029	5	motorbike	742	464	884	593	1
000029	6	person	784	337	876	514	1
000030	1	person	950	239	1144	604	0
000030	2	motorbike	917	436	1163	686	0
000030	3	car	648	354	729	449	0
000030	4	motorbike	505	396	564	479	1
000030	5	motorbike	729	460	871	589	1
000030	6	person	771	339	864	513	1
000031	1	person	943	241	1137	606	0
000031	2	motorbike	916	443	1152	685	0
000031	3	car	648	354	728	449	0
000031	4	motorbike	503	396	562	479	1
000031	5	motorbike	717	456	859	585	1
000031	6	person	759	341	851	513	1
000032	1	person	935	242	1129	607	0
000032	2	motorbike	914	451	1142	685	0
000032	3	car	648	354	727	449	0
000032	4	motorbike	500	396	559	479	1
000032	5	motorbike	705	452	847	581	1
000032	6	person	746	343	838	513	1
000033	1	person	927	243	1121	608	0
000033	2	motorbike	913	458	1131	684	0
000033	3	car	648	354	726	449	0
000033	4	motorbike	497	396	556	479	1
000033	5	motorbike	692	448	834	577	1
000033	6	person	733	345	826	512	1
000034	1	person	920	244	1114	609	0
000034	2	motorbike	912	466	1120	683	0
000034	3	car	648	354	726	449	0
000034	4	motorbike	494	396	553	479	1
000034	5	motorbike	680	444	822	573	1
000034	6	person	721	347	813	512	1
000035	1	person	912	245	1106	610	0
000035	2	motorbike	911	473	1109	683	0
000035	3	car	647	354	726	449	0
000035	4	motorbike	491	396	550	479	1
000035	5	motorbike	668	440	810	569	1
000035	6	person	708	349	800	512	1
000036	1	person	905	247	1099	612	0
000036	2	motorbike	910	481	1098	682	0
000036	3	car	646	354	726	449	0
000036	4	motorbike	489	396	548	479	1
000036	5	motorbike	656	436	798	565	1
000036	6	person	696	352	788	512	1
000037	1	person	902	252	1089	603	0
000037	2	motorbike	909	489	1088	682	0
000037	3	car	645	354	726	449	0
000037	4	motorbike	485	396	544	479	1
000037	5	motorbike	646	435	784	562	1
000037	6	person	683	353	773	508	1
000038	1	person	900	257	1079	595	0
000038	2	motorbike	905	486	1078	678	0
000038	3	car	644	354	726	449	0
000038	4	motorbike	481	396	540	479	1
000038	5	motorbike	637	435	771	559	1
000038	6	person	670	354	759	505	1
000039	1	person	898	262	1069	586	0
000039	2	motorbike	902	483	1069	675	0
000039	3	car	643	354	726	449	0
000039	4	motorbike	477	396	536	479	1
000039	5	motorbike	627	434	757	557	1
000039	6	person	658	355	745	502	1
000040	1	person	895	268	1060	578	0
000040	2	motorbike	899	480	1060	671	0
000040	3	car	642	354	727	449	0
000040	4	motorbike	473	397	532	480	1
000040	5	motorbike	618	434	744	554	1
000040	6	person	645	356	731	499	1
000041	1	person	893	273	1050	569	0
000041	2	motorbike	896	477	1051	668	0
000041	3	car	641	354	727	449	0
000041	4	motorbike	470	397	529	480	1
000041	5	motorbike	608	433	730	552	1
000041	6	person	632	357	717	495	1
000042	1	person	891	278	1040	561	0
000042	2	motorbike	893	474	1042	665	0
000042	3	car	640	354	727	449	0
000042	4	motorbike	466	397	525	480	1
000042	5	motorbike	599	433	717	549	1
000042	6	person	620	359	703	492	1
000043	1	person	888	283	1030	552	0
000043	2	motorbike	889	471	1033	661	0
000043	3	car	639	354	727	449	0
000043	4	motorbike	462	398	521	481	1
000043	5	motorbike	589	432	704	546	1
000043	6	person	607	360	689	489	1
000044	1	person	886	289	1021	544	0
000044	2	motorbike	886	468	1024	658	0
000044	3	car	638	354	727	450	0
000044	4	motorbike	458	398	517	481	1
000044	5	motorbike	580	432	690	544	1
000044	6	person	594	361	675	486	1
000045	1	person	884	294	1011	535	0
000045	2	motorbike	883	465	1015	655	0
000045	3	car	637	354	728	450	0
000045	4	motorbike	455	398	514	481	1
000045	5	motorbike	570	431	677	541	1
000045	6	person	582	362	661	482	1
000046	1	person	881	299	1001	527	0
000046	2	motorbike	880	462	1006	651	0
000046	3	car	636	354	728	450	0
000046	4	motorbike	451	399	510	482	1
000046	5	motorbike	561	431	663	539	1
000046	6	person	569	363	647	479	1
000047	1	person	879	304	991	518	0
000047	2	motorbike	877	459	997	648	0
000047	3	car	635	354	728	450	0
000047	4	motorbike	447	399	506	482	1
000047	5	motorbike	551	430	650	536	1
000047	6	person	556	364	633	476	1
000048	1	person	877	310	982	510	0
000048	2	motorbike	874	456	988	645	0
000048	3	car	634	354	728	450	0
000048	4	motorbike	443	399	502	482	1
000048	5	motorbike	542	430	637	534	1
000048	6	person	544	366	619	473	1
000049	1	person	874	311	978	507	0
000049	2	motorbike	871	455	983	640	0
000049	3	car	633	354	728	450	0
000049	4	motorbike	440	400	499	483	1
000049	5	motorbike	531	431	625	532	1
000049	6	person	534	366	608	472	1
000050	1	person	871	313	974	505	0
000050	2	motorbike	868	455	979	635	0
000050	3	car	632	354	729	450	0
000050	4	motorbike	432	399	491	482	1
000050	5	motorbike	521	433	614	530	1
000050	6	person	525	366	597	472	1
000051	1	person	869	315	970	503	0
000051	2	motorbike	865	455	975	630	0
000051	3	car	631	354	729	450	0
000051	4	motorbike	424	399	483	482	1
000051	5	motorbike	511	434	602	528	1
000051	6	person	515	366	587	472	1
000052	1	person	866	317	966	500	0
000052	2	motorbike	863	455	971	626	0
000052	3	car	630	354	729	450	0
000052	4	motorbike	416	398	475	481	1
000052	5	motorbike	501	436	591	526	1
000052	6	person	506	366	576	472	1
000053	1	person	864	319	962	498	0
000053	2	motorbike	860	454	967	621	0
000053	3	car	629	354	729	451	0
000053	4	motorbike	408	398	467	481	1
000053	5	motorbike	490	437	579	524	1
000053	6	person	496	367	565	472	1
000054	1	person	861	320	959	496	0
000054	2	motorbike	857	454	962	616	0
000054	3	car	628	354	729	451	0
000054	4	motorbike	400	397	459	480	1
000054	5	motorbike	480	439	568	522	1
000054	6	person	487	367	555	472	1
000055	1	person	859	322	955	493	0
000055	2	motorbike	854	454	958	611	0
000055	3	car	627	354	729	451	0
000055	4	motorbike	393	397	452	480	1
000055	5	motorbike	470	440	556	520	1
000055	6	person	477	367	544	472	1
000056	1	person	856	324	951	491	0
000056	2	motorbike	852	454	954	607	0
000056	3	car	626	354	730	451	0
000056	4	motorbike	386	396	445	479	1
000056	5	motorbike	460	442	545	518	1
000056	6	person	468	367	533	472	1
000057	1	person	853	326	947	489	0
000057	2	motorbike	849	453	950	602	0
000057	3	car	625	354	730	451	0
000057	4	motorbike	380	396	439	479	1
000057	5	motorbike	450	444	534	517	1
000057	6	person	459	368	523	472	1
000057	7	motorbike	1096	480	1279	692	0
000057	8	person	1174	271	1274	604	0
000057	10	car	740	399	782	440	0
000058	1	person	851	328	943	486	0
000058	2	motorbike	846	453	946	597	0
000058	3	car	624	354	730	451	0
000058	4	motorbike	373	396	432	479	1
000058	5	motorbike	439	441	523	517	1
000058	6	person	448	369	511	469	1
000058	7	motorbike	1087	476	1278	694	0
000058	8	person	1162	269	1270	593	0
000058	10	car	739	399	781	439	0
000059	1	person	848	329	940	484	0
000059	2	motorbike	843	453	941	592	0
000059	3	car	623	354	730	451	0
000059	4	motorbike	367	396	426	479	1
000059	5	motorbike	428	439	513	518	1
000059	6	person	438	370	499	466	1
000059	7	motorbike	1078	472	1278	697	0
000059	8	person	1151	268	1267	583	0
000059	10	car	738	399	780	439	0
000060	1	person	846	331	936	482	0
000060	2	motorbike	841	453	937	588	0
000060	3	car	622	354	730	451	0
000060	4	motorbike	360	396	419	479	1
000060	5	motorbike	417	437	502	519	1
000060	6	person	427	371	487	463	1
000060	7	motorbike	1069	468	1277	700	0
000060	8	person	1140	267	1264	573	0
000060	10	car	737	399	779	439	0
000061	1	person	843	333	932	479	0
000061	2	motorbike	838	452	933	583	0
000061	3	car	621	354	731	451	0
000061	4	motorbike	354	396	413	479	1
000061	5	motorbike	406	435	492	520	1
000061	6	person	417	372	476	460	1
000061	7	motorbike	1060	464	1277	702	0
000061	8	person	1129	266	1260	563	0
000061	10	car	736	399	778	439	0
000062	1	person	841	335	928	477	0
000062	2	motorbike	835	452	929	578	0
000062	3	car	620	354	731	452	0
000062	4	motorbike	347	396	406	479	1
000062	5	motorbike	395	433	481	521	1
000062	6	person	406	373	464	457	1
000062	7	motorbike	1051	460	1276	705	0
000062	8	person	1118	265	1257	553	0
000062	10	car	735	399	777	439	0
000063	1	person	838	337	924	475	0
000063	2	motorbike	832	452	925	573	0
000063	3	car	619	354	731	452	0
000063	4	motorbike	341	396	400	479	1
000063	5	motorbike	384	431	471	522	1
000063	6	person	396	374	452	454	1
000063	7	motorbike	1042	456	1276	708	0
000063	8	person	1107	264	1254	543	0
000063	10	car	734	399	776	439	0
000064	1	person	836	339	921	473	0
000064	2	motorbike	830	452	921	569	0
000064	3	car	618	354	731	452	0
000064	4	motorbike	334	395	393	478	1
000064	5	motorbike	374	429	461	523	1
000064	6	person	386	375	441	451	1
000064	7	motorbike	1033	453	1276	711	0
000064	8	person	1096	263	1251	533	0
000064	10	car	733	399	775	439	0
000065	1	person	833	339	917	470	0
000065	2	motorbike	829	451	918	564	0
000065	3	car	617	354	731	452	0
000065	4	motorbike	328	395	387	478	1
000065	5	motorbike	364	431	449	519	1
000065	6	person	374	376	428	452	1
000065	7	motorbike	1025	456	1259	707	0
000065	8	person	1082	267	1238	532	0
000065	10	car	732	399	774	439	0
000066	1	person	830	339	914	467	0
000066	2	motorbike	828	450	915	560	0
000066	3	car	616	354	732	452	0
000066	4	motorbike	321	395	380	478	1
000066	5	motorbike	354	434	438	516	1
000066	6	person	363	378	415	453	1
000066	7	motorbike	1018	460	1243	704	0
000066	8	person	1068	271	1225	531	0
000066	10	car	731	399	773	439	0
000067	1	person	828	339	911	464	0
000067	2	motorbike	827	449	912	556	0
000067	3	car	615	354	732	452	0
000067	4	motorbike	315	395	374	478	1
000067	5	motorbike	344	437	426	513	1
000067	6	person	352	379	402	454	1
000067	7	motorbike	1010	463	1227	701	0
000067	8	person	1054	276	1212	530	0
000067	10	car	730	399	772	439	0
000068	1	person	825	339	908	462	0
000068	2	motorbike	827	448	909	551	0
000068	3	car	614	354	732	452	0
000068	4	motorbike	308	395	367	478	1
000068	5	motorbike	335	440	415	510	1
000068	6	person	340	381	390	456	1
000068	7	motorbike	1003	467	1210	698	0
000068	8	person	1040	280	1200	529	0
000068	10	car	729	399	771	439	0
000069	1	person	823	339	905	459	0
000069	2	motorbike	826	447	906	547	0
000069	3	car	613	354	732	452	0
000069	4	motorbike	302	395	361	478	1
000069	5	motorbike	325	443	403	507	1
000069	6	person	329	382	377	457	1
000069	7	motorbike	995	470	1194	695	0
000069	8	person	1026	285	1187	528	0
000069	10	car	728	399	770	439	0
000070	1	person	820	339	902	456	0
000070	2	motorbike	825	446	903	543	0
000070	3	car	612	354	732	452	0
000070	4	motorbike	295	395	354	478	1
000070	5	motorbike	315	446	392	504	1
000070	6	person	318	384	364	458	1
000070	7	motorbike	988	474	1178	692	0
000070	8	person	1012	289	1174	527	0
000070	10	car	727	399	769	439	0
000071	1	person	818	340	899	454	0
000071	2	motorbike	825	445	901	539	0
000071	3	car	611	355	733	453	0
000071	4	motorbike	289	395	348	478	1
000071	5	motorbike	306	449	381	501	1
000071	6	person	307	386	352	460	1
000071	7	motorbike	981	478	1162	689	0
000071	8	person	998	294	1162	526	0
000071	10	car	726	399	768	439	0
000072	1	person	819	342	897	454	0
000072	2	motorbike	824	444	899	536	0
000072	3	car	609	355	731	453	0
000072	4	motorbike	287	392	338	475	1
000072	5	motorbike	292	447	367	501	1
000072	6	person	295	385	340	460	1
000072	7	motorbike	979	477	1153	684	0
000072	8	person	994	299	1152	522	0
000072	10	car	726	399	768	439	0
000073	1	person	820	344	895	454	0
000073	2	motorbike	824	443	897	534	0
000073	3	car	607	355	729	453	0
000073	4	motorbike	285	390	329	472	1
000073	5	motorbike	278	445	354	502	1
000073	6	person	284	384	329	461	1
000073	7	motorbike	978	476	1144	680	0
000073	8	person	990	304	1143	519	0
000073	10	car	725	399	767	439	0
000074	1	person	822	346	893	454	0
000074	2	motorbike	823	442	895	532	0
000074	3	car	605	356	727	454	0
000074	4	motorbike	283	387	319	469	1
000074	5	motorbike	264	443	340	503	1
000074	6	person	272	383	317	462	1
000074	7	motorbike	977	475	1135	676	0
000074	8	person	986	310	1134	516	0
000074	10	car	724	399	766	439	0
000075	1	person	823	348	891	454	0
000075	2	motorbike	823	442	893	530	0
000075	3	car	603	356	725	454	0
000075	5	motorbike	250	441	327	504	1
000075	6	person	261	383	306	463	1
000075	7	motorbike	975	474	1126	671	0
000075	8	person	982	315	1124	513	0
000075	10	car	723	399	765	439	0
000076	1	person	824	350	889	454	0
000076	2	motorbike	823	441	891	528	0
000076	3	car	601	357	723	455	0
000076	5	motorbike	238	440	317	503	1
000076	6	person	249	383	296	464	1
000076	7	motorbike	974	473	1117	667	0
000076	8	person	978	320	1115	510	0
000076	10	car	722	399	764	439	0
000077	1	person	826	352	888	455	0
000077	2	motorbike	822	440	889	526	0
000077	3	car	599	357	721	455	0
000077	5	motorbike	227	440	307	503	1
000077	6	person	238	384	286	465	1
000077	7	motorbike	973	473	1109	663	0
000077	8	person	975	326	1106	507	0
000077	10	car	721	399	763	439	0
000078	1	person	824	352	886	454	0
000078	2	motorbike	822	439	887	524	0
000078	3	car	597	358	719	456	0
000078	5	motorbike	216	439	297	503	1
000078	6	person	227	385	276	466	1
000078	7	motorbike	969	471	1100	656	0
000078	8	person	971	327	1098	506	0
000078	10	car	720	399	762	439	0
000079	1	person	823	352	885	453	0
000079	2	motorbike	821	439	885	521	0
000079	3	car	595	358	717	456	0
000079	5	motorbike	205	439	287	503	1
000079	6	person	215	386	266	468	1
000079	7	motorbike	966	470	1091	649	0
000079	8	person	967	329	1090	505	0
000079	10	car	719	399	761	439	0
000080	1	person	821	352	883	452	0
000080	2	motorbike	821	438	883	519	0
000080	3	car	593	358	715	456	0
000080	5	motorbike	194	439	278	503	1
000080	6	person	204	387	256	469	1
000080	7	motorbike	963	469	1082	643	0
000080	8	person	964	331	1083	505	0
000080	10	car	718	399	760	439	0
000081	1	person	820	352	882	451	0
000081	2	motorbike	821	437	881	517	0
000081	3	car	591	359	713	457	0
000081	5	motorbike	182	438	268	503	1
000081	6	person	193	388	246	470	1
000081	7	motorbike	960	468	1073	636	0
000081	8	person	960	332	1075	504	0
000081	10	car	717	399	759	439	0
000082	1	person	818	353	880	451	0
000082	2	motorbike	820	436	879	515	0
000082	3	car	589	359	711	457	0
000082	5	motorbike	171	438	258	503	1
000082	6	person	181	389	236	472	1
000082	7	motorbike	956	466	1065	630	0
000082	8	person	957	334	1068	503	0
000082	10	car	716	399	758	439	0
000083	1	person	817	353	879	450	0
000083	2	motorbike	820	436	877	513	0
000083	3	car	587	360	709	458	0
000083	5	motorbike	160	437	248	503	1
000083	6	person	170	390	226	473	1
000083	7	motorbike	953	465	1056	623	0
000083	8	person	953	336	1060	503	0
000083	10	car	715	399	757	439	0
000084	1	person	815	353	877	449	0
000084	2	motorbike	819	435	875	511	0
000084	3	car	585	360	707	458	0
000084	5	motorbike	149	437	238	503	1
000084	6	person	159	391	216	474	1
000084	7	motorbike	950	464	1047	617	0
000084	8	person	950	337	1053	502	0
000084	10	car	714	399	756	439	0
000085	1	person	814	353	876	448	0
000085	2	motorbike	819	434	873	509	0
000085	3	car	583	361	705	459	0
000085	5	motorbike	138	437	229	503	1
000085	6	person	148	392	206	476	1
000085	7	motorbike	947	463	1038	610	0
000085	8	person	946	339	1045	501	0
000085	10	car	713	399	755	439	0
000086	1	person	813	354	875	448	0
000086	2	motorbike	819	434	871	507	0
000086	3	car	581	361	703	459	0
000086	5	motorbike	126	437	218	503	1
000086	6	person	138	392	195	476	1
000086	7	motorbike	944	462	1030	604	0
000086	8	person	943	341	1038	501	0
000086	10	car	713	399	755	439	0
000087	1	person	811	355	872	447	0
000087	2	motorbike	817	433	869	505	0
000087	3	car	579	362	701	460	0
000087	5	motorbike	115	438	207	504	1
000087	6	person	129	393	184	477	1
000087	7	motorbike	942	460	1027	600	0
000087	8	person	941	341	1035	498	0
000087	9	person	174	415	245	473	1
000087	10	car	712	399	754	439	0
000088	1	person	810	357	870	446	0
000088	2	motorbike	815	432	867	503	0
000088	3	car	576	358	700	459	0
000088	5	motorbike	104	438	196	505	1
000088	6	person	120	393	174	477	1
000088	7	motorbike	940	459	1024	597	0
000088	8	person	940	342	1032	496	0
000088	9	person	165	417	239	475	1
000088	10	car	711	399	753	439	0
000089	1	person	808	358	868	445	0
000089	2	motorbike	813	432	865	501	0
000089	3	car	574	355	700	459	0
000089	5	motorbike	93	439	185	506	1
000089	6	person	110	394	163	478	1
000089	7	motorbike	939	457	1022	593	0
000089	8	person	938	343	1029	494	0
000089	9	person	156	419	233	477	1
000089	10	car	710	399	752	439	0
000090	1	person	807	360	865	444	0
000090	2	motorbike	811	431	863	499	0
000090	3	car	572	352	700	459	0
000090	5	motorbike	82	440	175	507	1
000090	6	person	101	394	153	478	1
000090	7	motorbike	937	456	1019	590	0
000090	8	person	937	343	1026	492	0
000090	9	person	148	422	227	480	1
000090	10	car	709	399	751	439	0
000091	1	person	805	361	863	443	0
000091	2	motorbike	810	430	861	498	0
000091	3	car	569	349	700	459	0
000091	5	motorbike	70	440	164	508	1
000091	6	person	92	395	142	479	1
000091	7	motorbike	936	455	1017	587	0
000091	8	person	936	344	1024	490	0
000091	9	person	139	424	222	482	1
000091	10	car	708	399	750	439	0
000092	1	person	804	363	861	442	0
000092	2	motorbike	808	430	859	496	0
000092	3	car	567	345	700	459	0
000092	5	motorbike	59	441	153	509	1
000092	6	person	82	395	131	479	1
000092	7	motorbike	934	453	1014	583	0
000092	8	person	934	345	1021	488	0
000092	9	person	130	427	216	484	1
000092	10	car	707	399	749	439	0
000093	1	person	803	365	859	441	0
000093	2	motorbike	806	429	857	494	0
000093	3	car	565	342	700	459	0
000093	5	motorbike	48	441	142	510	1
000093	6	person	73	396	121	480	1
000093	7	motorbike	933	452	1012	580	0
000093	8	person	933	346	1018	486	0
000093	9	person	122	429	210	487	1
000093	10	car	706	399	748	439	0
000094	1	person	801	366	856	440	0
000094	2	motorbike	804	428	855	492	0
000094	3	car	562	339	700	459	0
000094	5	motorbike	37	442	131	511	1
000094	6	person	64	396	110	480	1
000094	7	motorbike	931	451	1009	577	0
000094	8	person	932	346	1015	483	0
000094	9	person	113	432	205	489	1
000094	10	car	705	399	747	439	0
000095	1	person	800	368	854	439	0
000095	2	motorbike	802	428	853	490	0
000095	3	car	560	336	700	459	0
000095	5	motorbike	26	443	121	512	1
000095	7	motorbike	929	449	1006	573	0
000095	8	person	930	347	1012	481	0
000095	9	person	105	434	199	492	1
000095	10	car	704	399	746	439	0
000096	1	person	798	369	852	438	0
000096	2	motorbike	801	427	851	489	0
000096	3	car	558	332	700	459	0
000096	5	motorbike	20	442	115	511	1
000096	7	motorbike	928	448	1004	570	0
000096	8	person	929	348	1010	479	0
000096	9	person	96	437	193	494	1
000096	10	car	703	399	745	439	0
000097	1	person	797	371	849	437	0
000097	2	motorbike	799	426	849	487	0
000097	3	car	555	329	700	459	0
000097	5	motorbike	15	442	110	511	1
000097	7	motorbike	926	447	1001	567	0
000097	8	person	928	348	1007	477	0
000097	9	person	87	439	188	496	1
000097	10	car	702	399	744	439	0
000098	1	person	795	372	847	436	0
000098	2	motorbike	797	426	847	485	0
000098	3	car	553	326	700	459	0
000098	5	motorbike	10	441	104	511	1
000098	7	motorbike	925	445	999	563	0
000098	8	person	926	349	1004	475	0
000098	9	person	79	442	182	499	1
000098	10	car	701	399	743	439	0
000099	1	person	794	374	845	435	0
000099	2	motorbike	795	425	845	483	0
000099	3	car	551	323	700	459	0
000099	5	motorbike	5	441	99	511	1
000099	7	motorbike	923	444	996	560	0
000099	8	person	925	350	1001	473	0
000099	9	person	70	444	176	501	1
000099	10	car	700	399	742	439	0
000100	1	person	793	376	843	435	0
000100	2	motorbike	794	425	844	482	0
000100	3	car	549	320	700	459	0
000100	5	motorbike	0	441	94	511	1
000100	7	motorbike	922	443	994	557	0
000100	8	person	924	351	999	471	0
000100	9	person	62	447	171	504	1
000100	10	car	700	399	742	439	0
