000001	1	bus	529	9	812	301	0
000001	2	person	450	145	509	315	1
000001	3	person	1104	195	1260	526	0
000001	4	motorbike	972	386	1271	711	0
000001	5	car	934	229	1267	436	0
000001	6	person	921	139	1003	255	0
000001	7	motorbike	899	232	999	308	0
000001	8	bus	0	78	217	243	0
000001	9	car	270	119	399	216	1
000002	1	bus	529	9	812	301	0
000002	2	person	443	145	506	315	1
000002	3	person	1104	195	1260	526	0
000002	4	motorbike	972	386	1271	711	0
000002	5	car	934	229	1267	436	0
000002	6	person	921	139	1003	255	0
000002	7	motorbike	899	232	999	308	0
000002	8	bus	0	79	215	244	0
000002	9	car	266	119	395	216	1
000003	1	bus	529	9	812	301	0
000003	2	person	436	145	504	315	1
000003	3	person	1104	195	1260	526	0
000003	4	motorbike	972	386	1271	711	0
000003	5	car	934	229	1267	436	0
000003	6	person	921	139	1003	255	0
000003	7	motorbike	899	232	999	308	0
000003	8	bus	0	81	213	246	0
000003	9	car	263	119	392	216	1
000004	1	bus	529	9	812	301	0
000004	2	person	429	146	502	316	1
000004	3	person	1104	195	1260	526	0
000004	4	motorbike	972	386	1271	711	0
000004	5	car	934	229	1267	436	0
000004	6	person	921	139	1003	255	0
000004	7	motorbike	899	232	999	308	0
000004	8	bus	0	82	212	247	0
000004	9	car	259	119	388	216	1
000005	1	bus	529	9	812	301	0
000005	2	person	422	146	500	316	1
000005	3	person	1104	195	1260	526	0
000005	4	motorbike	972	386	1271	711	0
000005	5	car	934	229	1267	436	0
000005	6	person	921	139	1003	255	0
000005	7	motorbike	899	232	999	308	0
000005	8	bus	0	84	210	249	0
000005	9	car	256	119	385	216	1
000006	1	bus	529	9	812	301	0
000006	2	person	415	146	497	317	1
000006	3	person	1104	195	1260	526	0
000006	4	motorbike	972	386	1271	711	0
000006	5	car	934	229	1267	436	0
000006	6	person	921	139	1003	255	0
000006	7	motorbike	899	232	999	308	0
000006	8	bus	0	85	208	250	0
000006	9	car	252	119	381	216	1
000007	1	bus	529	9	812	301	0
000007	2	person	409	147	495	317	1
000007	3	person	1104	195	1260	526	0
000007	4	motorbike	972	386	1271	711	0
000007	5	car	934	229	1267	436	0
000007	6	person	921	139	1003	255	0
000007	7	motorbike	899	232	999	308	0
000007	8	bus	0	87	207	252	0
000007	9	car	249	119	378	216	1
000008	1	bus	529	9	812	301	0
000008	2	person	402	147	493	317	1
000008	3	person	1104	195	1260	526	0
000008	4	motorbike	972	386	1271	711	0
000008	5	car	934	229	1267	436	0
000008	6	person	921	139	1003	255	0
000008	7	motorbike	899	232	999	308	0
000008	8	bus	0	88	205	253	0
000008	9	car	246	119	375	216	1
000009	1	bus	529	9	812	301	0
000009	2	person	395	147	491	318	1
000009	3	person	1104	195	1260	526	0
000009	4	motorbike	972	386	1271	711	0
000009	5	car	934	229	1267	436	0
000009	6	person	921	139	1003	255	0
000009	7	motorbike	899	232	999	308	0
000009	8	bus	0	90	203	255	0
000009	9	car	242	119	371	216	1
000010	1	bus	529	9	812	301	0
000010	2	person	388	148	488	318	1
000010	3	person	1104	195	1260	526	0
000010	4	motorbike	972	386	1271	711	0
000010	5	car	934	229	1267	436	0
000010	6	person	921	139	1003	255	0
000010	7	motorbike	899	232	999	308	0
000010	8	bus	0	91	202	256	0
000010	9	car	239	119	368	216	1
000011	1	bus	529	9	812	301	0
000011	2	person	381	148	486	319	1
000011	3	person	1104	195	1260	526	0
000011	4	motorbike	972	386	1271	711	0
000011	5	car	934	229	1267	436	0
000011	6	person	921	139	1003	255	0
000011	7	motorbike	899	232	999	308	0
000011	8	bus	0	93	200	258	0
000011	9	car	235	119	364	216	1
000012	1	bus	529	9	812	301	0
000012	2	person	374	148	484	319	1
000012	3	person	1104	195	1260	526	0
000012	4	motorbike	972	386	1271	711	0
000012	5	car	934	229	1267	436	0
000012	6	person	921	139	1003	255	0
000012	7	motorbike	899	232	999	308	0
000012	8	bus	0	94	198	259	0
000012	9	car	232	119	361	216	1
000013	1	bus	529	9	812	301	0
000013	2	person	368	149	482	320	1
000013	3	person	1104	195	1260	526	0
000013	4	motorbike	972	386	1271	711	0
000013	5	car	934	229	1267	436	0
000013	6	person	921	139	1003	255	0
000013	7	motorbike	899	232	999	308	0
000013	8	bus	0	96	197	261	0
000013	9	car	229	119	358	216	1
000014	1	bus	529	9	812	301	0
000014	2	person	364	149	475	320	1
000014	3	person	1104	195	1260	526	0
000014	4	motorbike	972	386	1271	711	0
000014	5	car	934	229	1267	436	0
000014	6	person	921	139	1003	255	0
000014	7	motorbike	899	232	999	308	0
000014	8	bus	0	96	173	260	0
000014	9	car	225	119	354	216	1
000015	1	bus	529	9	812	301	0
000015	2	person	360	149	469	320	1
000015	3	person	1104	195	1260	526	0
000015	4	motorbike	972	386	1271	711	0
000015	5	car	934	229	1267	436	0
000015	6	person	921	139	1003	255	0
000015	7	motorbike	899	232	999	308	0
000015	8	bus	0	96	150	260	0
000015	9	car	221	119	350	216	1
000016	1	bus	529	9	812	301	0
000016	2	person	356	149	463	320	1
000016	3	person	1104	195	1260	526	0
000016	4	motorbike	972	386	1271	711	0
000016	5	car	934	229	1267	436	0
000016	6	person	921	139	1003	255	0
000016	7	motorbike	899	232	999	308	0
000016	9	car	218	120	347	217	1
000017	1	bus	529	9	812	301	0
000017	2	person	352	149	456	320	1
000017	3	person	1104	195	1260	526	0
000017	4	motorbike	972	386	1271	711	0
000017	5	car	934	229	1267	436	0
000017	6	person	921	139	1003	255	0
000017	7	motorbike	899	232	999	308	0
000017	9	car	214	120	343	217	1
000018	1	bus	529	9	812	301	0
000018	2	person	348	149	450	320	1
000018	3	person	1104	195	1260	526	0
000018	4	motorbike	972	386	1271	711	0
000018	5	car	934	229	1267	436	0
000018	6	person	921	139	1003	255	0
000018	7	motorbike	899	232	999	308	0
000018	9	car	210	120	339	217	1
000019	1	bus	529	9	812	301	0
000019	2	person	344	149	444	320	1
000019	3	person	1104	195	1260	526	0
000019	4	motorbike	972	386	1271	711	0
000019	5	car	934	229	1267	436	0
000019	6	person	921	139	1003	255	0
000019	7	motorbike	899	232	999	308	0
000019	9	car	207	121	336	218	1
000020	1	bus	529	9	812	301	0
000020	2	person	340	149	438	320	1
000020	3	person	1104	195	1260	526	0
000020	4	motorbike	972	386	1271	711	0
000020	5	car	934	229	1267	436	0
000020	6	person	921	139	1003	255	0
000020	7	motorbike	899	232	999	308	0
000020	9	car	203	121	332	218	1
000021	1	bus	529	9	812	301	0
000021	2	person	336	149	431	320	1
000021	3	person	1104	195	1260	526	0
000021	4	motorbike	972	386	1271	711	0
000021	5	car	934	229	1267	436	0
000021	6	person	921	139	1003	255	0
000021	7	motorbike	899	232	999	308	0
000021	9	car	199	121	328	218	1
000022	1	bus	529	9	812	301	0
000022	2	person	332	149	425	320	1
000022	3	person	1104	195	1260	526	0
000022	4	motorbike	972	386	1271	711	0
000022	5	car	934	229	1267	436	0
000022	6	person	921	139	1003	255	0
000022	7	motorbike	899	232	999	308	0
000022	9	car	196	122	325	219	1
000023	1	bus	529	9	812	301	0
000023	2	person	328	149	419	320	1
000023	3	person	1104	195	1260	526	0
000023	4	motorbike	972	386	1271	711	0
000023	5	car	934	229	1267	436	0
000023	6	person	921	139	1003	255	0
000023	7	motorbike	899	232	999	308	0
000023	9	car	192	122	321	219	1
000024	1	bus	529	9	812	301	0
000024	2	person	324	149	413	320	1
000024	3	person	1104	195	1260	526	0
000024	4	motorbike	972	386	1271	711	0
000024	5	car	934	229	1267	436	0
000024	6	person	921	139	1003	255	0
000024	7	motorbike	899	232	999	308	0
000024	9	car	188	122	317	219	1
000025	1	bus	529	9	812	301	0
000025	2	person	320	149	406	320	1
000025	3	person	1104	195	1260	526	0
000025	4	motorbike	972	386	1271	711	0
000025	5	car	934	229	1267	436	0
000025	6	person	921	139	1003	255	0
000025	7	motorbike	899	232	999	308	0
000025	9	car	185	123	314	220	1
000026	1	bus	529	9	812	301	0
000026	2	person	316	149	400	320	1
000026	3	person	1104	195	1260	526	0
000026	4	motorbike	972	386	1271	711	0
000026	5	car	934	229	1267	436	0
000026	6	person	921	139	1003	255	0
000026	7	motorbike	899	232	999	308	0
000026	9	car	181	123	310	220	1
000027	1	bus	529	9	812	301	0
000027	2	person	312	149	394	320	1
000027	3	person	1104	195	1260	526	0
000027	4	motorbike	972	386	1271	711	0
000027	5	car	934	229	1267	436	0
000027	6	person	921	139	1003	255	0
000027	7	motorbike	899	232	999	308	0
000027	9	car	177	123	306	220	1
000028	1	bus	529	9	812	301	0
000028	2	person	308	150	388	320	1
000028	3	person	1104	195	1260	526	0
000028	4	motorbike	972	386	1271	711	0
000028	5	car	934	229	1267	436	0
000028	6	person	921	139	1003	255	0
000028	7	motorbike	899	232	999	308	0
000028	9	car	174	124	303	221	1
000029	1	bus	529	9	812	301	0
000029	2	person	301	150	392	320	1
000029	3	person	1104	195	1260	526	0
000029	4	motorbike	972	386	1271	711	0
000029	5	car	934	229	1267	436	0
000029	6	person	921	139	1003	255	0
000029	7	motorbike	899	232	999	308	0
000029	9	car	170	124	299	221	1
000030	1	bus	529	9	812	301	0
000030	2	person	294	150	396	320	1
000030	3	person	1104	195	1260	526	0
000030	4	motorbike	972	386	1271	711	0
000030	5	car	934	229	1267	436	0
000030	6	person	921	139	1003	255	0
000030	7	motorbike	899	232	999	308	0
000030	9	car	166	124	295	221	1
000031	1	bus	529	9	812	301	0
000031	2	person	287	150	401	321	1
000031	3	person	1104	195	1260	526	0
000031	4	motorbike	972	386	1271	711	0
000031	5	car	934	229	1267	436	0
000031	6	person	921	139	1003	255	0
000031	7	motorbike	899	232	999	308	0
000032	1	bus	529	9	812	301	0
000032	2	person	283	150	395	320	1
000032	3	person	1104	195	1260	526	0
000032	4	motorbike	972	386	1271	711	0
000032	5	car	934	229	1267	436	0
000032	6	person	921	139	1003	255	0
000032	7	motorbike	899	232	999	308	0
000033	1	bus	529	9	812	301	0
000033	2	person	279	150	389	320	1
000033	3	person	1104	195	1260	526	0
000033	4	motorbike	972	386	1271	711	0
000033	5	car	934	229	1267	436	0
000033	6	person	921	139	1003	255	0
000033	7	motorbike	899	232	999	308	0
000034	1	bus	529	9	812	301	0
000034	2	person	275	150	383	320	1
000034	3	person	1104	195	1260	526	0
000034	4	motorbike	972	386	1271	711	0
000034	5	car	934	229	1267	436	0
000034	6	person	921	139	1003	255	0
000034	7	motorbike	899	232	999	308	0
000034	10	bus	24	96	54	168	1
000035	1	bus	529	9	812	301	0
000035	2	person	272	150	377	320	1
000035	3	person	1104	195	1260	526	0
000035	4	motorbike	972	386	1271	711	0
000035	5	car	934	229	1267	436	0
000035	6	person	921	139	1003	255	0
000035	7	motorbike	899	232	999	308	0
000035	10	bus	22	91	66	183	1
000036	1	bus	529	9	812	301	0
000036	2	person	268	150	371	320	1
000036	3	person	1104	195	1260	526	0
000036	4	motorbike	972	386	1271	711	0
000036	5	car	934	229	1267	436	0
000036	6	person	921	139	1003	255	0
000036	7	motorbike	899	232	999	308	0
000036	10	bus	20	86	79	198	1
000037	1	bus	529	9	812	301	0
000037	2	person	264	150	365	320	1
000037	3	person	1104	195	1260	526	0
000037	4	motorbike	972	386	1271	711	0
000037	5	car	934	229	1267	436	0
000037	6	person	921	139	1003	255	0
000037	7	motorbike	899	232	999	308	0
000037	10	bus	19	81	91	213	1
000038	1	bus	529	9	812	301	0
000038	2	person	261	150	359	320	1
000038	3	person	1104	195	1260	526	0
000038	4	motorbike	972	386	1271	711	0
000038	5	car	934	229	1267	436	0
000038	6	person	921	139	1003	255	0
000038	7	motorbike	899	232	999	308	0
000038	10	bus	17	76	104	228	1
000039	1	bus	529	9	812	301	0
000039	2	person	257	150	353	320	1
000039	3	person	1104	195	1260	526	0
000039	4	motorbike	972	386	1271	711	0
000039	5	car	934	229	1267	436	0
000039	6	person	921	139	1003	255	0
000039	7	motorbike	899	232	999	308	0
000039	10	bus	16	71	117	243	1
000040	1	bus	529	9	812	301	0
000040	2	person	253	150	347	320	1
000040	3	person	1104	195	1260	526	0
000040	4	motorbike	972	386	1271	711	0
000040	5	car	934	229	1267	436	0
000040	6	person	921	139	1003	255	0
000040	7	motorbike	899	232	999	308	0
000040	10	bus	14	66	129	258	1
000041	1	bus	529	9	812	301	0
000041	2	person	250	150	341	320	1
000041	3	person	1104	195	1260	526	0
000041	4	motorbike	972	386	1271	711	0
000041	5	car	934	229	1267	436	0
000041	6	person	921	139	1003	255	0
000041	7	motorbike	899	232	999	308	0
000041	10	bus	13	62	142	273	1
000042	1	bus	529	9	812	301	0
000042	2	person	246	150	335	320	1
000042	3	person	1104	195	1260	526	0
000042	4	motorbike	972	386	1271	711	0
000042	5	car	934	229	1267	436	0
000042	6	person	921	139	1003	255	0
000042	7	motorbike	899	232	999	308	0
000042	10	bus	11	57	155	288	1
000043	1	bus	529	9	812	301	0
000043	2	person	242	150	329	320	1
000043	3	person	1104	195	1260	526	0
000043	4	motorbike	972	386	1271	711	0
000043	5	car	934	229	1267	436	0
000043	6	person	921	139	1003	255	0
000043	7	motorbike	899	232	999	308	0
000043	10	bus	9	52	167	303	1
000044	1	bus	529	9	812	301	0
000044	2	person	239	150	323	320	1
000044	3	person	1104	195	1260	526	0
000044	4	motorbike	972	386	1271	711	0
000044	5	car	934	229	1267	436	0
000044	6	person	921	139	1003	255	0
000044	7	motorbike	899	232	999	308	0
000044	10	bus	8	47	180	318	1
000045	1	bus	529	9	812	301	0
000045	2	person	235	150	327	320	1
000045	3	person	1104	195	1260	526	0
000045	4	motorbike	972	386	1271	711	0
000045	5	car	934	229	1267	436	0
000045	6	person	921	139	1003	255	0
000045	7	motorbike	899	232	999	308	0
000045	10	bus	6	42	193	333	1
000046	1	bus	529	9	812	301	0
000046	2	person	232	150	331	321	1
000046	3	person	1104	195	1260	526	0
000046	4	motorbike	972	386	1271	711	0
000046	5	car	934	229	1267	436	0
000046	6	person	921	139	1003	255	0
000046	7	motorbike	899	232	999	308	0
000046	10	bus	5	37	205	348	1
000047	1	bus	529	9	812	301	0
000047	2	person	229	150	335	321	1
000047	3	person	1104	195	1260	526	0
000047	4	motorbike	972	386	1271	711	0
000047	5	car	934	229	1267	436	0
000047	6	person	921	139	1003	255	0
000047	7	motorbike	899	232	999	308	0
000047	10	bus	3	32	218	363	1
000048	1	bus	529	9	812	301	0
000048	2	person	226	151	340	322	1
000048	3	person	1104	195	1260	526	0
000048	4	motorbike	972	386	1271	711	0
000048	5	car	934	229	1267	436	0
000048	6	person	921	139	1003	255	0
000048	7	motorbike	899	232	999	308	0
000048	10	bus	2	28	231	379	1
000049	1	bus	529	9	812	301	0
000049	2	person	225	151	332	321	1
000049	3	person	1104	195	1260	526	0
000049	4	motorbike	972	386	1271	711	0
000049	5	car	934	229	1267	436	0
000049	6	person	921	139	1003	255	0
000049	7	motorbike	899	232	999	308	0
000049	10	bus	2	28	240	378	1
000050	1	bus	529	9	812	301	0
000050	2	person	225	151	325	321	1
000050	3	person	1104	195	1260	526	0
000050	4	motorbike	972	386	1271	711	0
000050	5	car	934	229	1267	436	0
000050	6	person	921	139	1003	255	0
000050	7	motorbike	899	232	999	308	0
000050	10	bus	2	28	250	378	1
000051	1	bus	529	9	812	301	0
000051	2	person	225	151	317	321	1
000051	3	person	1104	195	1260	526	0
000051	4	motorbike	972	386	1271	711	0
000051	5	car	934	229	1267	436	0
000051	6	person	921	139	1003	255	0
000051	7	motorbike	899	232	999	308	0
000051	10	bus	2	28	260	378	1
000052	1	bus	529	9	812	301	0
000052	2	person	225	151	310	321	1
000052	3	person	1104	195	1260	526	0
000052	4	motorbike	972	386	1271	711	0
000052	5	car	934	229	1267	436	0
000052	6	person	921	139	1003	255	0
000052	7	motorbike	899	232	999	308	0
000052	10	bus	2	28	270	378	1
000053	1	bus	529	9	812	301	0
000053	2	person	225	151	302	321	1
000053	3	person	1104	195	1260	526	0
000053	4	motorbike	972	386	1271	711	0
000053	5	car	934	229	1267	436	0
000053	6	person	921	139	1003	255	0
000053	7	motorbike	899	232	999	308	0
000053	10	bus	2	28	280	378	1
000054	1	bus	529	9	812	301	0
000054	2	person	225	151	295	321	1
000054	3	person	1104	195	1260	526	0
000054	4	motorbike	972	386	1271	711	0
000054	5	car	934	229	1267	436	0
000054	6	person	921	139	1003	255	0
000054	7	motorbike	899	232	999	308	0
000054	10	bus	1	27	279	377	1
000055	1	bus	529	9	812	301	0
000055	2	person	225	151	287	321	1
000055	3	person	1104	195	1260	526	0
000055	4	motorbike	972	386	1271	711	0
000055	5	car	934	229	1267	436	0
000055	6	person	921	139	1003	255	0
000055	7	motorbike	899	232	999	308	0
000055	10	bus	1	26	279	376	1
000056	1	bus	529	9	812	301	0
000056	2	person	225	151	280	321	1
000056	3	person	1104	195	1260	526	0
000056	4	motorbike	972	386	1271	711	0
000056	5	car	934	229	1267	436	0
000056	6	person	921	139	1003	255	0
000056	7	motorbike	899	232	999	308	0
000056	10	bus	0	26	278	376	1
000057	1	bus	529	9	812	301	0
000057	2	person	225	151	272	321	1
000057	3	person	1104	195	1260	526	0
000057	4	motorbike	972	386	1271	711	0
000057	5	car	934	229	1267	436	0
000057	6	person	921	139	1003	255	0
000057	7	motorbike	899	232	999	308	0
000057	10	bus	0	25	278	375	1
000058	1	bus	529	9	812	301	0
000058	2	person	225	151	265	321	1
000058	3	person	1104	195	1260	526	0
000058	4	motorbike	972	386	1271	711	0
000058	5	car	934	229	1267	436	0
000058	6	person	921	139	1003	255	0
000058	7	motorbike	899	232	999	308	0
000058	10	bus	0	25	278	375	1
000059	1	bus	529	9	812	301	0
000059	2	person	226	151	266	321	1
000059	3	person	1104	195	1260	526	0
000059	4	motorbike	972	386	1271	711	0
000059	5	car	934	229	1267	436	0
000059	6	person	921	139	1003	255	0
000059	7	motorbike	899	232	999	308	0
000059	10	bus	0	25	280	373	1
000060	1	bus	529	9	812	301	0
000060	2	person	227	151	268	321	1
000060	3	person	1104	195	1260	526	0
000060	4	motorbike	972	386	1271	711	0
000060	5	car	934	229	1267	436	0
000060	6	person	921	139	1003	255	0
000060	7	motorbike	899	232	999	308	0
000060	10	bus	0	25	282	372	1
000061	1	bus	529	9	812	301	0
000061	2	person	228	151	270	321	1
000061	3	person	1104	195	1260	526	0
000061	4	motorbike	972	386	1271	711	0
000061	5	car	934	229	1267	436	0
000061	6	person	921	139	1003	255	0
000061	7	motorbike	899	232	999	308	0
000061	10	bus	0	26	285	370	1
000062	1	bus	529	9	812	301	0
000062	2	person	229	151	272	321	1
000062	3	person	1104	195	1260	526	0
000062	4	motorbike	972	386	1271	711	0
000062	5	car	934	229	1267	436	0
000062	6	person	921	139	1003	255	0
000062	7	motorbike	899	232	999	308	0
000062	10	bus	0	26	287	369	1
000063	1	bus	529	9	812	301	0
000063	2	person	231	151	273	321	1
000063	3	person	1104	195	1260	526	0
000063	4	motorbike	972	386	1271	711	0
000063	5	car	934	229	1267	436	0
000063	6	person	921	139	1003	255	0
000063	7	motorbike	899	232	999	308	0
000063	10	bus	0	27	289	367	1
000064	1	bus	529	9	812	301	0
000064	2	person	232	151	275	321	1
000064	3	person	1104	195	1260	526	0
000064	4	motorbike	972	386	1271	711	0
000064	5	car	934	229	1267	436	0
000064	6	person	921	139	1003	255	0
000064	7	motorbike	899	232	999	308	0
000064	10	bus	1	27	292	366	1
000065	1	bus	529	9	812	301	0
000065	2	person	233	151	277	321	1
000065	3	person	1104	195	1260	526	0
000065	4	motorbike	972	386	1271	711	0
000065	5	car	934	229	1267	436	0
000065	6	person	921	139	1003	255	0
000065	7	motorbike	899	232	999	308	0
000065	10	bus	1	27	294	364	1
000066	1	bus	529	9	812	301	0
000066	2	person	234	151	279	321	1
000066	3	person	1104	195	1260	526	0
000066	4	motorbike	972	386	1271	711	0
000066	5	car	934	229	1267	436	0
000066	6	person	921	139	1003	255	0
000066	7	motorbike	899	232	999	308	0
000066	10	bus	1	28	296	363	1
000067	1	bus	529	9	812	301	0
000067	2	person	236	151	280	321	1
000067	3	person	1104	195	1260	526	0
000067	4	motorbike	972	386	1271	711	0
000067	5	car	934	229	1267	436	0
000067	6	person	921	139	1003	255	0
000067	7	motorbike	899	232	999	308	0
000067	10	bus	1	28	299	361	1
000068	1	bus	529	9	812	301	0
000068	2	person	237	151	282	321	1
000068	3	person	1104	195	1260	526	0
000068	4	motorbike	972	386	1271	711	0
000068	5	car	934	229	1267	436	0
000068	6	person	921	139	1003	255	0
000068	7	motorbike	899	232	999	308	0
000068	10	bus	1	29	301	360	1
000069	1	bus	529	9	812	301	0
000069	2	person	238	151	284	321	1
000069	3	person	1104	195	1260	526	0
000069	4	motorbike	972	386	1271	711	0
000069	5	car	934	229	1267	436	0
000069	6	person	921	139	1003	255	0
000069	7	motorbike	899	232	999	308	0
000069	10	bus	1	29	303	358	1
000070	1	bus	529	9	812	301	0
000070	2	person	239	151	286	321	1
000070	3	person	1104	195	1260	526	0
000070	4	motorbike	972	386	1271	711	0
000070	5	car	934	229	1267	436	0
000070	6	person	921	139	1003	255	0
000070	7	motorbike	899	232	999	308	0
000070	10	bus	2	29	306	357	1
000071	1	bus	529	9	812	301	0
000071	2	person	241	151	287	321	1
000071	3	person	1104	195	1260	526	0
000071	4	motorbike	972	386	1271	711	0
000071	5	car	934	229	1267	436	0
000071	6	person	921	139	1003	255	0
000071	7	motorbike	899	232	999	308	0
000071	10	bus	2	30	308	355	1
000072	1	bus	529	9	812	301	0
000072	2	person	242	151	289	321	1
000072	3	person	1104	195	1260	526	0
000072	4	motorbike	972	386	1271	711	0
000072	5	car	934	229	1267	436	0
000072	6	person	921	139	1003	255	0
000072	7	motorbike	899	232	999	308	0
000072	10	bus	2	30	310	354	1
000073	1	bus	529	9	812	301	0
000073	2	person	243	151	291	321	1
000073	3	person	1104	195	1260	526	0
000073	4	motorbike	972	386	1271	711	0
000073	5	car	934	229	1267	436	0
000073	6	person	921	139	1003	255	0
000073	7	motorbike	899	232	999	308	0
000073	10	bus	2	31	313	352	1
000074	1	bus	529	9	812	301	0
000074	2	person	244	151	293	321	1
000074	3	person	1104	195	1260	526	0
000074	4	motorbike	972	386	1271	711	0
000074	5	car	934	229	1267	436	0
000074	6	person	921	139	1003	255	0
000074	7	motorbike	899	232	999	308	0
000074	10	bus	2	31	315	351	1
000075	1	bus	529	9	812	301	0
000075	2	person	246	151	294	321	1
000075	3	person	1104	195	1260	526	0
000075	4	motorbike	972	386	1271	711	0
000075	5	car	934	229	1267	436	0
000075	6	person	921	139	1003	255	0
000075	7	motorbike	899	232	999	308	0
000075	10	bus	2	31	317	349	1
000076	1	bus	529	9	812	301	0
000076	2	person	247	151	296	321	1
000076	3	person	1104	195	1260	526	0
000076	4	motorbike	972	386	1271	711	0
000076	5	car	934	229	1267	436	0
000076	6	person	921	139	1003	255	0
000076	7	motorbike	899	232	999	308	0
000076	10	bus	3	32	320	348	1
000077	1	bus	529	9	812	301	0
000077	2	person	248	151	298	321	1
000077	3	person	1104	195	1260	526	0
000077	4	motorbike	972	386	1271	711	0
000077	5	car	934	229	1267	436	0
000077	6	person	921	139	1003	255	0
000077	7	motorbike	899	232	999	308	0
000077	10	bus	3	32	322	346	1
000078	1	bus	529	9	812	301	0
000078	2	person	249	151	300	321	1
000078	3	person	1104	195	1260	526	0
000078	4	motorbike	972	386	1271	711	0
000078	5	car	934	229	1267	436	0
000078	6	person	921	139	1003	255	0
000078	7	motorbike	899	232	999	308	0
000078	10	bus	3	33	324	345	1
000079	1	bus	529	9	812	301	0
000079	2	person	251	151	302	321	1
000079	3	person	1104	195	1260	526	0
000079	4	motorbike	972	386	1271	711	0
000079	5	car	934	229	1267	436	0
000079	6	person	921	139	1003	255	0
000079	7	motorbike	899	232	999	308	0
000079	10	bus	3	33	327	343	1
000080	1	bus	529	9	812	301	0
000080	2	person	252	151	303	321	1
000080	3	person	1104	195	1260	526	0
000080	4	motorbike	972	386	1271	711	0
000080	5	car	934	229	1267	436	0
000080	6	person	921	139	1003	255	0
000080	7	motorbike	899	232	999	308	0
000080	10	bus	3	33	329	342	1
000080	11	person	74	219	267	462	0
000080	12	motorbike	17	421	348	675	0
000081	1	bus	529	9	812	301	0
000081	2	person	253	151	305	321	1
000081	3	person	1104	195	1260	526	0
000081	4	motorbike	972	386	1271	711	0
000081	5	car	934	229	1267	436	0
000081	6	person	921	139	1003	255	0
000081	7	motorbike	899	232	999	308	0
000081	10	bus	3	34	331	340	1
000081	11	person	88	217	278	460	0
000081	12	motorbike	33	413	355	667	0
000082	1	bus	529	9	812	301	0
000082	2	person	254	151	307	321	1
000082	3	person	1104	195	1260	526	0
000082	4	motorbike	972	386	1271	711	0
000082	5	car	934	229	1267	436	0
000082	6	person	921	139	1003	255	0
000082	7	motorbike	899	232	999	308	0
000082	10	bus	4	34	334	339	1
000082	11	person	102	215	290	458	0
000082	12	motorbike	50	406	363	660	0
000083	1	bus	529	9	812	301	0
000083	2	person	255	151	309	321	1
000083	3	person	1104	195	1260	526	0
000083	4	motorbike	972	386	1271	711	0
000083	5	car	934	229	1267	436	0
000083	6	person	921	139	1003	255	0
000083	7	motorbike	899	232	999	308	0
000083	10	bus	4	35	336	337	1
000083	11	person	117	213	301	456	0
000083	12	motorbike	66	399	371	652	0
000084	1	bus	529	9	812	301	0
000084	2	person	257	151	310	321	1
000084	3	person	1104	195	1260	526	0
000084	4	motorbike	972	386	1271	711	0
000084	5	car	934	229	1267	436	0
000084	6	person	921	139	1003	255	0
000084	7	motorbike	899	232	999	308	0
000084	10	bus	4	35	338	336	1
000084	11	person	131	211	313	454	0
000084	12	motorbike	83	392	379	645	0
000085	1	bus	529	9	812	301	0
000085	2	person	258	151	312	321	1
000085	3	person	1104	195	1260	526	0
000085	4	motorbike	972	386	1271	711	0
000085	5	car	934	229	1267	436	0
000085	6	person	921	139	1003	255	0
000085	7	motorbike	899	232	999	308	0
000085	10	bus	4	35	341	334	1
000085	11	person	145	209	324	452	0
000085	12	motorbike	100	384	387	638	0
000086	1	bus	529	9	812	301	0
000086	2	person	259	151	314	321	1
000086	3	person	1104	195	1260	526	0
000086	4	motorbike	972	386	1271	711	0
000086	5	car	934	229	1267	436	0
000086	6	person	921	139	1003	255	0
000086	7	motorbike	899	232	999	308	0
000086	10	bus	4	36	343	333	1
000086	11	person	160	207	336	450	0
000086	12	motorbike	116	377	395	630	0
000087	1	bus	529	9	812	301	0
000087	2	person	260	151	316	321	1
000087	3	person	1104	195	1260	526	0
000087	4	motorbike	972	386	1271	711	0
000087	5	car	934	229	1267	436	0
000087	6	person	921	139	1003	255	0
000087	7	motorbike	899	232	999	308	0
000087	10	bus	4	36	345	331	1
000087	11	person	174	205	347	448	0
000087	12	motorbike	133	370	403	623	0
000088	1	bus	529	9	812	301	0
000088	2	person	262	151	317	321	1
000088	3	person	1104	195	1260	526	0
000088	4	motorbike	972	386	1271	711	0
000088	5	car	934	229	1267	436	0
000088	6	person	921	139	1003	255	0
000088	7	motorbike	899	232	999	308	0
000088	10	bus	5	37	348	330	1
000088	11	person	188	203	359	446	0
000088	12	motorbike	150	363	411	616	0
000089	1	bus	529	9	812	301	0
000089	2	person	263	151	319	321	1
000089	3	person	1104	195	1260	526	0
000089	4	motorbike	972	386	1271	711	0
000089	5	car	934	229	1267	436	0
000089	6	person	921	139	1003	255	0
000089	7	motorbike	899	232	999	308	0
000089	10	bus	5	37	350	328	1
000089	11	person	203	201	370	444	0
000089	12	motorbike	166	355	419	608	0
000090	1	bus	529	9	812	301	0
000090	2	person	264	151	321	321	1
000090	3	person	1104	195	1260	526	0
000090	4	motorbike	972	386	1271	711	0
000090	5	car	934	229	1267	436	0
000090	6	person	921	139	1003	255	0
000090	7	motorbike	899	232	999	308	0
000090	10	bus	5	37	352	327	1
000090	11	person	217	200	382	442	0
000090	12	motorbike	183	348	427	601	0
000091	1	bus	529	9	812	301	0
000091	2	person	265	151	323	321	1
000091	3	person	1104	195	1260	526	0
000091	4	motorbike	972	386	1271	711	0
000091	5	car	934	229	1267	436	0
000091	6	person	921	139	1003	255	0
000091	7	motorbike	899	232	999	308	0
000091	10	bus	5	38	355	325	1
000091	11	person	231	198	393	440	0
000091	12	motorbike	200	341	435	594	0
000092	1	bus	529	9	812	301	0
000092	2	person	267	151	324	321	1
000092	3	person	1104	195	1260	526	0
000092	4	motorbike	972	386	1271	711	0
000092	5	car	934	229	1267	436	0
000092	6	person	921	139	1003	255	0
000092	7	motorbike	899	232	999	308	0
000092	10	bus	5	38	357	324	1
000092	11	person	246	196	405	438	0
000092	12	motorbike	216	334	443	586	0
000093	1	bus	529	9	812	301	0
000093	2	person	268	151	326	321	1
000093	3	person	1104	195	1260	526	0
000093	4	motorbike	972	386	1271	711	0
000093	5	car	934	229	1267	436	0
000093	6	person	921	139	1003	255	0
000093	7	motorbike	899	232	999	308	0
000093	10	bus	5	39	359	322	1
000093	11	person	260	194	416	436	0
000093	12	motorbike	233	326	451	579	0
000094	1	bus	529	9	812	301	0
000094	2	person	269	151	328	321	1
000094	3	person	1104	195	1260	526	0
000094	4	motorbike	972	386	1271	711	0
000094	5	car	934	229	1267	436	0
000094	6	person	921	139	1003	255	0
000094	7	motorbike	899	232	999	308	0
000094	10	bus	6	39	362	321	1
000094	11	person	274	192	428	434	0
000094	12	motorbike	250	319	459	572	0
000095	1	bus	529	9	812	301	0
000095	2	person	270	151	330	321	1
000095	3	person	1104	195	1260	526	0
000095	4	motorbike	972	386	1271	711	0
000095	5	car	934	229	1267	436	0
000095	6	person	921	139	1003	255	0
000095	7	motorbike	899	232	999	308	0
000095	10	bus	6	39	364	319	1
000095	11	person	289	190	439	432	0
000095	12	motorbike	266	312	467	564	0
000096	1	bus	529	9	812	301	0
000096	2	person	272	151	331	321	1
000096	3	person	1104	195	1260	526	0
000096	4	motorbike	972	386	1271	711	0
000096	5	car	934	229	1267	436	0
000096	6	person	921	139	1003	255	0
000096	7	motorbike	899	232	999	308	0
000096	10	bus	6	40	366	318	1
000096	11	person	303	188	451	430	0
000096	12	motorbike	283	305	475	557	0
000097	1	bus	529	9	812	301	0
000097	2	person	273	151	333	321	1
000097	3	person	1104	195	1260	526	0
000097	4	motorbike	972	386	1271	711	0
000097	5	car	934	229	1267	436	0
000097	6	person	921	139	1003	255	0
000097	7	motorbike	899	232	999	308	0
000097	10	bus	6	40	369	316	1
000097	11	person	317	186	462	428	0
000097	12	motorbike	300	297	483	550	0
000098	1	bus	529	9	812	301	0
000098	2	person	274	151	335	321	1
000098	3	person	1104	195	1260	526	0
000098	4	motorbike	972	386	1271	711	0
000098	5	car	934	229	1267	436	0
000098	6	person	921	139	1003	255	0
000098	7	motorbike	899	232	999	308	0
000098	10	bus	6	41	371	315	1
000098	11	person	332	184	474	426	0
000098	12	motorbike	316	290	491	542	0
000099	1	bus	529	9	812	301	0
000099	2	person	275	151	337	321	1
000099	3	person	1104	195	1260	526	0
000099	4	motorbike	972	386	1271	711	0
000099	5	car	934	229	1267	436	0
000099	6	person	921	139	1003	255	0
000099	7	motorbike	899	232	999	308	0
000099	10	bus	6	41	373	313	1
000099	11	person	346	182	485	424	0
000099	12	motorbike	333	283	499	535	0
000100	1	bus	529	9	812	301	0
000100	2	person	277	151	339	321	1
000100	3	person	1104	195	1260	526	0
000100	4	motorbike	972	386	1271	711	0
000100	5	car	934	229	1267	436	0
000100	6	person	921	139	1003	255	0
000100	7	motorbike	899	232	999	308	0
000100	10	bus	7	42	376	312	1
000100	11	person	361	181	497	423	0
000100	12	motorbike	350	276	507	528	0
