000001	1	person	839	179	935	343	0
000001	2	motorbike	783	297	882	487	0
000001	3	motorbike	506	105	564	180	0
000001	4	car	762	151	857	258	0
000001	5	car	81	37	305	144	0
000001	7	car	671	147	722	210	0
000001	8	car	569	125	624	188	0
000002	1	person	839	183	935	347	0
000002	2	motorbike	784	303	883	493	0
000002	3	motorbike	498	112	556	187	0
000002	4	car	757	155	852	262	0
000002	5	car	60	44	282	151	0
000002	7	car	665	154	716	217	0
000002	8	car	562	133	617	196	0
000003	1	person	839	188	935	352	0
000003	2	motorbike	785	309	884	499	0
000003	3	motorbike	490	120	548	195	0
000003	4	car	752	160	847	267	0
000003	5	car	40	52	260	159	0
000003	7	car	660	161	711	224	0
000003	8	car	556	141	611	204	0
000004	1	person	839	193	935	357	0
000004	2	motorbike	786	315	885	505	0
000004	3	motorbike	482	127	540	202	0
000004	4	car	747	164	842	271	0
000004	5	car	20	60	237	167	0
000004	7	car	654	168	705	231	0
000004	8	car	549	149	604	212	0
000005	1	person	839	198	935	362	0
000005	2	motorbike	787	321	886	511	0
000005	3	motorbike	474	135	532	210	0
000005	4	car	742	169	837	276	0
000005	5	car	0	68	215	175	0
000005	7	car	649	175	700	238	0
000005	8	car	543	157	598	220	0
000006	1	person	840	202	936	366	0
000006	2	motorbike	790	334	889	524	0
000006	3	motorbike	467	143	525	218	0
000006	4	car	735	178	830	285	0
000006	5	car	0	74	197	181	0
000006	7	car	644	182	695	245	0
000006	8	car	537	165	592	228	0
000007	1	person	841	207	937	371	0
000007	2	motorbike	793	348	892	538	0
000007	3	motorbike	461	151	519	226	0
000007	4	car	729	187	824	294	0
000007	5	car	0	80	179	187	0
000007	7	car	638	189	689	252	0
000007	8	car	530	173	585	236	0
000008	1	person	843	212	939	376	0
000008	2	motorbike	796	362	895	552	0
000008	3	motorbike	454	159	512	234	0
000008	4	car	723	196	818	303	0
000008	5	car	0	86	161	193	0
000008	7	car	633	196	684	259	0
000008	8	car	524	181	579	244	0
000009	1	person	840	215	936	379	0
000009	2	motorbike	795	365	894	555	0
000009	3	motorbike	448	167	506	242	0
000009	4	car	717	205	812	312	0
000009	5	car	0	92	143	199	0
000009	7	car	628	204	679	267	0
000009	8	car	518	189	573	252	0
000010	1	person	838	219	934	383	0
000010	2	motorbike	794	368	893	558	0
000010	3	motorbike	442	176	500	251	0
000010	4	car	711	215	806	322	0
000010	6	car	1020	385	1071	457	1
000010	7	car	615	202	666	265	0
000010	8	car	506	186	561	249	0
000011	1	person	836	222	932	386	0
000011	2	motorbike	793	371	892	561	0
000011	3	motorbike	428	174	486	249	0
000011	4	car	701	212	796	319	0
000011	6	car	1012	381	1069	453	1
000011	7	car	603	200	654	263	0
000011	8	car	494	184	549	247	0
000012	1	person	833	226	929	390	0
000012	2	motorbike	793	375	892	565	0
000012	3	motorbike	415	172	473	247	0
000012	4	car	692	209	787	316	0
000012	6	car	1005	377	1067	449	1
000012	7	car	590	199	641	262	0
000012	8	car	482	182	537	245	0
000013	1	person	831	229	927	393	0
000013	2	motorbike	792	378	891	568	0
000013	3	motorbike	401	170	459	245	0
000013	4	car	682	206	777	313	0
000013	6	car	998	374	1065	445	1
000013	7	car	578	197	629	260	0
000013	8	car	470	180	525	243	0
000014	1	person	829	233	925	397	0
000014	2	motorbike	791	381	890	571	0
000014	3	motorbike	388	168	446	243	0
000014	4	car	673	203	768	310	0
000014	6	car	991	370	1063	441	1
000014	7	car	566	196	617	259	0
000014	8	car	458	178	513	241	0
000015	1	person	827	237	923	401	0
000015	2	motorbike	791	385	890	575	0
000015	3	motorbike	375	166	433	241	0
000015	4	car	664	201	759	308	0
000015	6	car	984	367	1061	438	1
000015	7	car	564	194	615	257	0
000015	8	car	457	177	512	240	0
000016	1	person	830	243	931	411	0
000016	2	motorbike	800	396	899	586	0
000016	3	motorbike	377	161	435	236	0
000016	4	car	663	203	758	310	0
000016	6	car	987	370	1064	441	1
000016	7	car	563	192	614	255	0
000016	8	car	457	176	512	239	0
000017	1	person	833	250	939	421	0
000017	2	motorbike	810	408	909	598	0
000017	3	motorbike	379	156	437	231	0
000017	4	car	662	205	757	312	0
000017	6	car	990	374	1067	445	1
000017	7	car	562	190	613	253	0
000017	8	car	456	175	511	238	0
000018	1	person	836	256	947	432	0
000018	2	motorbike	819	419	918	609	0
000018	3	motorbike	381	152	439	227	0
000018	4	car	661	207	756	314	0
000018	6	car	994	378	1071	449	1
000018	7	car	561	189	612	252	0
000018	8	car	456	175	511	238	0
000019	1	person	839	263	956	442	0
000019	2	motorbike	829	431	928	621	0
000019	3	motorbike	376	157	434	232	0
000019	4	car	660	210	755	317	0
000019	6	car	997	382	1074	453	1
000019	7	car	563	192	614	255	0
000019	8	car	455	175	512	238	0
000020	1	person	842	269	964	453	0
000020	2	motorbike	838	442	937	632	0
000020	3	motorbike	371	162	429	237	0
000020	4	car	659	212	754	319	0
000020	6	car	1001	386	1078	457	1
000020	7	car	565	195	616	258	0
000020	8	car	454	176	513	238	0
000021	1	person	845	276	972	463	0
000021	2	motorbike	848	454	947	644	0
000021	3	motorbike	366	167	424	242	0
000021	4	car	658	214	753	321	0
000021	6	car	1004	390	1081	461	1
000021	7	car	567	198	618	261	0
000021	8	car	453	176	514	239	0
000022	1	person	848	282	980	473	0
000022	2	motorbike	858	465	957	655	0
000022	3	motorbike	361	172	419	247	0
000022	4	car	657	216	752	323	0
000022	6	car	1007	394	1084	465	1
000022	7	car	569	201	620	264	0
000022	8	car	452	177	515	239	0
000023	1	person	851	289	989	484	0
000023	2	motorbike	867	477	966	667	0
000023	3	motorbike	357	177	415	252	0
000023	4	car	656	219	751	326	0
000023	6	car	1011	398	1088	469	1
000023	7	car	572	204	623	267	0
000023	8	car	451	178	516	240	0
000024	1	person	854	295	997	494	0
000024	2	motorbike	877	488	976	678	0
000024	3	motorbike	352	182	410	257	0
000024	4	car	655	221	750	328	0
000024	6	car	1014	402	1091	473	1
000024	7	car	564	210	615	273	0
000024	8	car	444	184	508	246	0
000025	1	person	857	302	1005	505	0
000025	2	motorbike	886	500	985	690	0
000025	3	motorbike	347	187	405	262	0
000025	4	car	654	223	749	330	0
000025	6	car	1018	406	1095	477	1
000025	7	car	557	216	608	279	0
000025	8	car	438	190	500	252	0
000026	1	person	860	308	1013	515	0
000026	2	motorbike	896	511	995	701	0
000026	3	motorbike	342	192	400	267	0
000026	4	car	653	225	748	332	0
000026	6	car	1021	410	1098	481	1
000026	7	car	550	222	601	285	0
000026	8	car	431	196	492	259	0
000027	1	person	864	315	1022	526	0
000027	2	motorbike	906	523	1005	713	0
000027	3	motorbike	338	197	396	272	0
000027	4	car	653	228	748	335	0
000027	7	car	542	228	593	291	0
000027	8	car	425	203	484	265	0
000028	1	person	873	315	1031	526	0
000028	2	motorbike	913	523	1012	713	0
000028	3	motorbike	327	197	385	272	0
000028	4	car	650	232	745	339	0
000028	7	car	535	234	586	297	0
000028	8	car	418	209	476	272	0
000029	1	person	882	315	1040	526	0
000029	2	motorbike	920	524	1019	714	0
000029	3	motorbike	317	197	375	272	0
000029	4	car	648	236	743	343	0
000029	7	car	528	240	579	303	0
000029	8	car	412	215	468	278	0
000030	1	person	891	315	1049	526	0
000030	2	motorbike	927	524	1026	714	0
000030	3	motorbike	306	197	364	272	0
000030	4	car	645	240	740	347	0
000030	7	car	521	247	572	310	0
000030	8	car	406	222	461	285	0
000031	1	person	900	316	1058	527	0
000031	2	motorbike	934	525	1033	715	0
000031	3	motorbike	296	197	354	272	0
000031	4	car	643	244	738	351	0
000031	7	car	517	243	571	306	0
000031	8	car	400	217	458	280	0
000032	1	person	899	315	1057	526	0
000032	2	motorbike	921	525	1035	714	0
000032	3	motorbike	290	190	348	265	0
000032	4	car	640	236	735	343	0
000032	7	car	514	240	570	303	0
000032	8	car	395	213	455	276	0
000033	1	person	898	314	1056	525	0
000033	2	motorbike	908	525	1038	714	0
000033	3	motorbike	284	184	342	259	0
000033	4	car	637	229	732	336	0
000033	7	car	511	237	569	300	0
000033	8	car	390	208	452	271	0
000034	1	person	897	313	1055	524	0
000034	2	motorbike	895	525	1041	714	0
000034	3	motorbike	279	178	337	253	0
000034	4	car	634	222	729	329	0
000034	7	car	507	234	568	296	0
000034	8	car	384	204	450	267	0
000035	1	person	896	312	1054	523	0
000035	2	motorbike	882	525	1044	714	0
000035	3	motorbike	273	172	331	247	0
000035	4	car	631	215	726	322	0
000035	7	car	504	231	567	293	0
000035	8	car	379	199	447	262	0
000036	2	motorbike	869	525	1046	713	0
000036	3	motorbike	268	166	326	241	0
000036	4	car	628	208	723	315	0
000036	7	car	501	228	566	290	0
000036	8	car	374	195	444	258	0
000037	2	motorbike	856	525	1049	713	0
000037	3	motorbike	237	165	295	240	0
000037	4	car	602	209	696	315	0
000037	7	car	498	225	566	287	0
000037	8	car	369	191	442	254	0
000038	2	motorbike	843	525	1052	713	0
000038	3	motorbike	206	164	264	239	0
000038	4	car	576	211	670	315	0
000038	7	car	464	224	532	286	0
000038	8	car	334	192	407	255	0
000039	4	car	550	213	644	315	0
000039	7	car	431	223	499	285	0
000039	8	car	300	193	373	256	0
000040	4	car	518	216	612	318	0
000040	7	car	397	223	465	285	0
000040	8	car	265	195	338	258	0
000041	4	car	487	219	581	321	0
000041	6	car	934	406	1011	477	1
000041	7	car	364	222	432	284	0
000041	8	car	231	196	304	259	0
000042	4	car	456	222	550	324	0
000042	6	car	910	403	1016	494	1
000042	7	car	331	222	399	284	0
000042	8	car	197	198	270	261	0
000043	4	car	439	220	533	322	0
000043	6	car	887	401	1022	512	1
000043	7	car	312	223	380	285	0
000043	8	car	178	196	251	259	0
000044	4	car	423	219	517	321	0
000044	6	car	864	398	1027	530	1
000044	7	car	294	224	362	286	0
000044	8	car	160	195	233	258	0
000045	4	car	406	218	500	320	0
000045	6	car	841	396	1033	547	1
000045	7	car	276	225	344	287	0
000045	8	car	141	193	214	256	0
000046	4	car	390	217	484	319	0
000046	6	car	818	393	1038	565	1
000046	7	car	258	227	326	289	0
000046	8	car	123	192	196	255	0
000047	4	car	373	216	467	318	0
000047	6	car	795	391	1044	583	1
000047	7	car	243	221	311	283	0
000047	8	car	109	190	182	253	0
000048	4	car	357	215	451	317	0
000048	6	car	772	389	1050	601	1
000048	7	car	229	216	297	278	0
000048	8	car	95	188	168	251	0
000049	4	car	348	203	444	305	0
000049	6	car	743	374	1050	612	1
000049	7	car	215	210	283	272	0
000049	8	car	81	186	154	249	0
000050	4	car	340	191	438	293	0
000050	6	car	714	359	1050	623	1
000050	7	car	201	205	269	267	0
000050	8	car	67	184	140	247	0
000051	4	car	332	180	432	281	0
000051	6	car	686	344	1051	634	1
000051	7	car	187	200	255	262	0
000051	8	car	53	182	126	245	0
000052	4	car	324	168	425	270	0
000052	6	car	657	330	1051	645	1
000052	7	car	181	187	253	253	0
000052	8	car	49	173	122	236	0
000053	4	car	316	157	419	258	0
000053	6	car	629	315	1052	656	1
000053	7	car	176	175	251	245	0
000053	8	car	46	164	119	227	0
000054	4	car	308	145	413	246	0
000054	6	car	600	300	1052	667	1
000054	7	car	171	163	250	237	0
000054	8	car	43	155	116	218	0
000055	4	car	300	134	407	235	0
000055	6	car	572	286	1053	678	1
000055	7	car	166	151	248	229	0
000055	8	car	39	146	112	209	0
000056	4	car	306	122	413	223	0
000056	6	car	548	278	1053	681	1
000056	7	car	161	139	246	221	0
000056	8	car	36	137	109	200	0
000057	4	car	312	111	419	212	0
000057	6	car	524	271	1054	685	1
000057	7	car	156	127	245	213	0
000057	8	car	33	129	106	192	0
000058	4	car	318	100	425	201	0
000058	6	car	500	264	1055	689	1
000058	7	car	166	115	259	201	0
000058	8	car	32	117	111	183	0
000059	4	car	324	89	431	190	0
000059	6	car	477	256	1056	693	1
000059	7	car	176	104	273	189	0
000059	8	car	31	106	117	174	0
000060	4	car	330	78	437	179	0
000060	6	car	453	249	1057	697	1
000060	7	car	187	93	288	178	0
000060	8	car	30	95	123	166	0
000061	4	car	337	67	444	168	0
000061	6	car	429	242	1058	701	1
000061	7	car	201	80	307	165	0
000061	8	car	47	78	147	152	0
000062	4	car	367	51	474	152	0
000062	6	car	406	234	1059	705	1
000062	7	car	216	67	326	152	0
000062	8	car	65	62	171	138	0
000063	4	car	397	35	504	136	0
000063	6	car	382	227	1060	709	1
000063	7	car	230	54	345	139	0
000063	8	car	83	46	195	124	0
000064	4	car	428	19	535	120	0
000064	6	car	358	220	1061	713	1
000064	7	car	245	42	364	127	0
000064	8	car	101	30	220	111	0
000065	4	car	499	28	606	129	0
000065	6	car	335	213	1062	717	1
000065	7	car	315	53	437	138	0
000065	8	car	155	43	279	126	0
000066	4	car	570	38	677	139	0
000066	6	car	344	212	1062	716	1
000066	7	car	385	65	510	150	0
000066	8	car	210	56	339	141	0
000067	4	car	641	47	748	148	0
000067	6	car	354	212	1062	716	1
000067	7	car	455	76	583	161	0
000067	8	car	264	69	398	156	0
000068	6	car	363	211	1062	716	1
000100	6	car	601	2	1116	501	1
000100	7	car	628	204	679	267	0
000100	8	car	518	189	573	252	0
