000001	1	person	510	408	631	502	0
000001	2	person	759	418	838	538	0
000001	3	person	877	423	953	528	0
000001	4	person	956	422	1008	515	0
000001	5	motorbike	514	480	635	612	0
000001	6	motorbike	740	490	858	622	0
000001	7	motorbike	886	509	953	618	0
000001	8	motorbike	957	490	1021	601	0
000001	9	car	993	428	1096	511	0
000001	14	car	416	401	465	452	0
000002	1	person	510	408	630	501	0
000002	2	person	759	418	838	538	0
000002	3	person	877	423	953	528	0
000002	4	person	956	422	1008	515	0
000002	5	motorbike	514	480	634	612	0
000002	6	motorbike	740	490	858	622	0
000002	7	motorbike	886	509	953	618	0
000002	8	motorbike	957	490	1021	601	0
000002	9	car	992	427	1095	510	0
000002	14	car	416	401	465	452	0
000003	1	person	510	408	630	501	0
000003	2	person	759	418	838	538	0
000003	3	person	877	423	953	528	0
000003	4	person	956	422	1008	515	0
000003	5	motorbike	514	480	634	612	0
000003	6	motorbike	740	490	858	622	0
000003	7	motorbike	886	509	953	618	0
000003	8	motorbike	957	490	1021	601	0
000003	9	car	992	427	1095	510	0
000003	14	car	416	401	465	452	0
000004	1	person	510	408	630	501	0
000004	2	person	759	418	838	538	0
000004	3	person	877	423	953	528	0
000004	4	person	956	422	1008	515	0
000004	5	motorbike	514	480	634	612	0
000004	6	motorbike	740	490	858	622	0
000004	7	motorbike	886	509	953	618	0
000004	8	motorbike	957	490	1021	601	0
000004	9	car	992	427	1095	510	0
000004	14	car	416	401	465	452	0
000005	1	person	510	408	630	501	0
000005	2	person	759	418	838	538	0
000005	3	person	877	423	953	528	0
000005	4	person	956	422	1008	515	0
000005	5	motorbike	514	480	633	612	0
000005	6	motorbike	740	490	858	622	0
000005	7	motorbike	886	509	953	618	0
000005	8	motorbike	957	490	1021	601	0
000005	9	car	992	426	1095	509	0
000005	14	car	416	401	465	452	0
000006	1	person	510	408	629	501	0
000006	2	person	759	418	838	538	0
000006	3	person	877	423	953	528	0
000006	4	person	956	422	1008	515	0
000006	5	motorbike	514	480	633	612	0
000006	6	motorbike	740	490	858	622	0
000006	7	motorbike	886	509	953	618	0
000006	8	motorbike	957	490	1021	601	0
000006	9	car	992	426	1095	509	0
000006	14	car	416	401	465	452	0
000007	1	person	510	408	629	501	0
000007	2	person	759	418	838	538	0
000007	3	person	877	423	953	528	0
000007	4	person	956	422	1008	515	0
000007	5	motorbike	514	480	633	612	0
000007	6	motorbike	740	490	858	622	0
000007	7	motorbike	886	509	953	618	0
000007	8	motorbike	957	490	1021	601	0
000007	9	car	992	426	1095	509	0
000007	14	car	416	401	465	452	0
000008	1	person	510	408	629	501	0
000008	2	person	759	418	838	538	0
000008	3	person	877	423	953	528	0
000008	4	person	956	422	1008	515	0
000008	5	motorbike	514	480	633	612	0
000008	6	motorbike	740	490	858	622	0
000008	7	motorbike	886	509	953	618	0
000008	8	motorbike	957	490	1021	601	0
000008	9	car	992	425	1095	508	0
000008	10	motorbike	1199	525	1271	714	0
000008	14	car	416	401	465	452	0
000009	1	person	510	408	629	501	0
000009	2	person	759	418	838	538	0
000009	3	person	877	423	953	528	0
000009	4	person	956	422	1008	515	0
000009	5	motorbike	514	480	632	612	0
000009	6	motorbike	740	490	858	622	0
000009	7	motorbike	886	509	953	618	0
000009	8	motorbike	957	490	1021	601	0
000009	9	car	992	425	1095	508	0
000009	10	motorbike	1194	527	1271	713	0
000009	14	car	416	401	465	452	0
000010	1	person	511	408	628	501	0
000010	2	person	759	418	838	538	0
000010	3	person	877	423	953	528	0
000010	4	person	956	422	1008	515	0
000010	5	motorbike	514	480	632	612	0
000010	6	motorbike	740	490	858	622	0
000010	7	motorbike	886	509	953	618	0
000010	8	motorbike	957	490	1021	601	0
000010	9	car	992	425	1095	508	0
000010	10	motorbike	1189	530	1271	712	0
000010	14	car	416	401	465	452	0
000011	1	person	511	408	628	501	0
000011	2	person	759	418	838	538	0
000011	3	person	877	423	953	528	0
000011	4	person	956	422	1008	515	0
000011	5	motorbike	514	480	632	612	0
000011	6	motorbike	740	490	858	622	0
000011	7	motorbike	886	509	953	618	0
000011	8	motorbike	957	490	1021	601	0
000011	9	car	992	425	1095	508	0
000011	10	motorbike	1184	532	1271	712	0
000011	14	car	416	401	465	452	0
000012	1	person	511	408	628	501	0
000012	2	person	759	418	838	538	0
000012	3	person	877	423	953	528	0
000012	4	person	956	422	1008	515	0
000012	5	motorbike	514	480	631	612	0
000012	6	motorbike	740	490	858	622	0
000012	7	motorbike	886	509	953	618	0
000012	8	motorbike	957	490	1021	601	0
000012	9	car	992	424	1095	507	0
000012	10	motorbike	1179	535	1271	711	0
000012	14	car	416	401	465	452	0
000013	1	person	511	408	628	501	0
000013	2	person	759	418	838	538	0
000013	3	person	877	423	953	528	0
000013	4	person	956	422	1008	515	0
000013	5	motorbike	514	480	631	612	0
000013	6	motorbike	740	490	858	622	0
000013	7	motorbike	886	509	953	618	0
000013	8	motorbike	957	490	1021	601	0
000013	9	car	992	424	1095	507	0
000013	10	motorbike	1174	537	1271	710	0
000013	14	car	416	401	465	452	0
000014	1	person	511	408	627	501	0
000014	2	person	759	418	838	538	0
000014	3	person	877	423	953	528	0
000014	4	person	956	422	1008	515	0
000014	5	motorbike	514	480	631	612	0
000014	6	motorbike	740	490	858	622	0
000014	7	motorbike	886	509	953	618	0
000014	8	motorbike	957	490	1021	601	0
000014	9	car	991	424	1094	507	0
000014	10	motorbike	1169	540	1271	710	0
000014	14	car	416	401	465	452	0
000015	1	person	511	408	627	501	0
000015	2	person	759	418	838	538	0
000015	3	person	877	423	953	528	0
000015	4	person	956	422	1008	515	0
000015	5	motorbike	514	480	631	612	0
000015	6	motorbike	740	490	858	622	0
000015	7	motorbike	886	509	953	618	0
000015	8	motorbike	957	490	1021	601	0
000015	9	car	991	423	1094	506	0
000015	10	motorbike	1164	542	1271	709	0
000015	14	car	416	401	465	452	0
000016	1	person	511	408	627	501	0
000016	2	person	759	418	838	538	0
000016	3	person	877	423	953	528	0
000016	4	person	956	422	1008	515	0
000016	5	motorbike	514	480	630	612	0
000016	6	motorbike	740	490	858	622	0
000016	7	motorbike	886	509	953	618	0
000016	8	motorbike	957	490	1021	601	0
000016	9	car	991	423	1094	506	0
000016	10	motorbike	1159	545	1271	708	0
000016	14	car	416	401	465	452	0
000017	1	person	511	408	627	501	0
000017	2	person	759	418	838	538	0
000017	3	person	877	423	953	528	0
000017	4	person	956	422	1008	515	0
000017	5	motorbike	514	480	630	612	0
000017	6	motorbike	740	490	858	622	0
000017	7	motorbike	886	509	953	618	0
000017	8	motorbike	957	490	1021	601	0
000017	9	car	991	423	1094	506	0
000017	10	motorbike	1154	547	1271	708	0
000017	14	car	416	401	465	452	0
000018	1	person	512	408	627	501	0
000018	2	person	759	418	838	538	0
000018	3	person	877	423	953	528	0
000018	4	person	956	422	1008	515	0
000018	5	motorbike	514	480	630	612	0
000018	6	motorbike	740	490	858	622	0
000018	7	motorbike	886	509	953	618	0
000018	8	motorbike	957	490	1021	601	0
000018	9	car	991	423	1094	506	0
000018	10	motorbike	1149	550	1271	707	0
000018	14	car	416	401	465	452	0
000019	1	person	512	408	626	501	0
000019	2	person	759	418	838	538	0
000019	3	person	877	423	953	528	0
000019	4	person	956	422	1008	515	0
000019	5	motorbike	514	480	629	612	0
000019	6	motorbike	740	490	858	622	0
000019	7	motorbike	886	509	953	618	0
000019	8	motorbike	957	490	1021	601	0
000019	9	car	991	422	1094	505	0
000019	10	motorbike	1144	552	1271	706	0
000019	14	car	416	401	465	452	0
000020	1	person	512	408	626	501	0
000020	2	person	759	418	838	538	0
000020	3	person	877	423	953	528	0
000020	4	person	956	422	1008	515	0
000020	5	motorbike	514	480	629	612	0
000020	6	motorbike	740	490	858	622	0
000020	7	motorbike	886	509	953	618	0
000020	8	motorbike	957	490	1021	601	0
000020	9	car	991	422	1094	505	0
000020	10	motorbike	1140	555	1272	706	0
000020	14	car	416	401	465	452	0
000020	16	person	1187	439	1278	640	0
000021	1	person	512	408	626	501	0
000021	2	person	759	418	838	538	0
000021	3	person	877	423	953	528	0
000021	4	person	956	422	1008	515	0
000021	5	motorbike	514	480	629	612	0
000021	6	motorbike	740	490	858	622	0
000021	7	motorbike	886	509	953	618	0
000021	8	motorbike	957	490	1021	601	0
000021	9	car	991	422	1094	505	0
000021	10	motorbike	1137	553	1269	705	0
000021	14	car	416	401	465	452	0
000021	16	person	1184	439	1274	638	0
000022	1	person	512	408	626	501	0
000022	2	person	759	418	838	538	0
000022	3	person	877	423	953	528	0
000022	4	person	956	422	1008	515	0
000022	5	motorbike	514	480	629	612	0
000022	6	motorbike	740	490	858	622	0
000022	7	motorbike	886	509	953	618	0
000022	8	motorbike	957	490	1021	601	0
000022	9	car	991	421	1094	504	0
000022	10	motorbike	1135	552	1267	705	0
000022	14	car	416	401	465	452	0
000022	16	person	1181	439	1271	637	0
000023	1	person	512	408	625	501	0
000023	2	person	759	418	838	538	0
000023	3	person	877	423	953	528	0
000023	4	person	956	422	1008	515	0
000023	5	motorbike	514	480	628	612	0
000023	6	motorbike	740	490	858	622	0
000023	7	motorbike	886	509	953	618	0
000023	8	motorbike	957	490	1021	601	0
000023	9	car	991	421	1094	504	0
000023	10	motorbike	1133	551	1265	704	0
000023	14	car	416	401	465	452	0
000023	16	person	1178	439	1268	635	0
000024	1	person	512	408	625	501	0
000024	2	person	759	418	838	538	0
000024	3	person	877	423	953	528	0
000024	4	person	956	422	1008	515	0
000024	5	motorbike	514	480	628	612	0
000024	6	motorbike	740	490	858	622	0
000024	7	motorbike	886	509	953	618	0
000024	8	motorbike	957	490	1021	601	0
000024	9	car	991	421	1094	504	0
000024	10	motorbike	1131	550	1263	704	0
000024	14	car	416	401	465	452	0
000024	16	person	1175	439	1265	634	0
000025	1	person	512	408	625	501	0
000025	2	person	759	418	838	538	0
000025	3	person	877	423	953	528	0
000025	4	person	956	422	1008	515	0
000025	5	motorbike	514	480	628	612	0
000025	6	motorbike	740	490	858	622	0
000025	7	motorbike	886	509	953	618	0
000025	8	motorbike	957	490	1021	601	0
000025	9	car	991	421	1094	504	0
000025	10	motorbike	1129	549	1261	703	0
000025	14	car	416	401	465	452	0
000025	16	person	1172	440	1261	633	0
000026	1	person	513	408	625	501	0
000026	2	person	759	418	838	538	0
000026	3	person	877	423	953	528	0
000026	4	person	956	422	1008	515	0
000026	5	motorbike	514	480	627	612	0
000026	6	motorbike	740	490	858	622	0
000026	7	motorbike	886	509	953	618	0
000026	8	motorbike	957	490	1021	601	0
000026	9	car	990	420	1093	503	0
000026	10	motorbike	1127	548	1259	703	0
000026	14	car	416	401	465	452	0
000026	16	person	1169	440	1258	631	0
000027	1	person	513	408	624	501	0
000027	2	person	759	418	838	538	0
000027	3	person	877	423	953	528	0
000027	4	person	956	422	1008	515	0
000027	5	motorbike	514	480	627	612	0
000027	6	motorbike	740	490	858	622	0
000027	7	motorbike	886	509	953	618	0
000027	8	motorbike	957	490	1021	601	0
000027	9	car	990	420	1093	503	0
000027	10	motorbike	1125	546	1257	703	0
000027	14	car	416	401	465	452	0
000027	16	person	1166	440	1255	630	0
000028	1	person	513	408	624	501	0
000028	2	person	759	418	838	538	0
000028	3	person	877	423	953	528	0
000028	4	person	956	422	1008	515	0
000028	5	motorbike	514	480	627	612	0
000028	6	motorbike	740	490	858	622	0
000028	7	motorbike	886	509	953	618	0
000028	8	motorbike	957	490	1021	601	0
000028	9	car	990	420	1093	503	0
000028	10	motorbike	1123	545	1255	702	0
000028	14	car	416	401	465	452	0
000028	16	person	1163	440	1252	629	0
000029	1	person	513	408	624	501	0
000029	2	person	759	418	838	538	0
000029	3	person	877	423	953	528	0
000029	4	person	956	422	1008	515	0
000029	5	motorbike	514	480	627	612	0
000029	6	motorbike	740	490	858	622	0
000029	7	motorbike	886	509	953	618	0
000029	8	motorbike	957	490	1021	601	0
000029	9	car	990	419	1093	502	0
000029	10	motorbike	1121	544	1253	702	0
000029	14	car	416	401	465	452	0
000029	16	person	1160	441	1248	627	0
000030	1	person	513	408	624	501	0
000030	2	person	759	418	838	538	0
000030	3	person	877	423	953	528	0
000030	4	person	956	422	1008	515	0
000030	5	motorbike	514	480	626	612	0
000030	6	motorbike	740	490	858	622	0
000030	7	motorbike	886	509	953	618	0
000030	8	motorbike	957	490	1021	601	0
000030	9	car	990	419	1093	502	0
000030	10	motorbike	1119	543	1251	701	0
000030	14	car	416	401	465	452	0
000030	16	person	1157	441	1245	626	0
000031	1	person	513	408	624	501	0
000031	2	person	759	418	838	538	0
000031	3	person	877	423	953	528	0
000031	4	person	956	422	1008	515	0
000031	5	motorbike	514	480	626	612	0
000031	6	motorbike	740	490	858	622	0
000031	7	motorbike	886	509	953	618	0
000031	8	motorbike	957	490	1021	601	0
000031	9	car	990	419	1093	502	0
000031	10	motorbike	1117	542	1249	701	0
000031	14	car	416	401	465	452	0
000031	16	person	1154	441	1242	625	0
000032	1	person	513	408	623	501	0
000032	2	person	759	418	838	538	0
000032	3	person	877	423	953	528	0
000032	4	person	956	422	1008	515	0
000032	5	motorbike	514	480	626	612	0
000032	6	motorbike	740	490	858	622	0
000032	7	motorbike	886	509	953	618	0
000032	8	motorbike	957	490	1021	601	0
000032	9	car	990	419	1093	502	0
000032	10	motorbike	1115	541	1247	701	0
000032	14	car	416	401	465	452	0
000032	16	person	1152	441	1239	623	0
000033	1	person	513	408	623	501	0
000033	2	person	759	418	838	538	0
000033	3	person	877	423	953	528	0
000033	4	person	956	422	1008	515	0
000033	5	motorbike	514	480	625	612	0
000033	6	motorbike	740	490	858	622	0
000033	7	motorbike	886	509	953	618	0
000033	8	motorbike	957	490	1021	601	0
000033	9	car	990	418	1093	501	0
000033	10	motorbike	1110	542	1242	700	0
000033	14	car	416	401	465	452	0
000033	16	person	1149	442	1235	622	0
000034	1	person	514	408	623	501	0
000034	2	person	759	418	838	538	0
000034	3	person	877	423	953	528	0
000034	4	person	956	422	1008	515	0
000034	5	motorbike	514	481	625	612	0
000034	6	motorbike	740	490	858	622	0
000034	7	motorbike	886	509	953	618	0
000034	8	motorbike	957	490	1021	601	0
000034	9	car	990	418	1093	501	0
000034	10	motorbike	1106	544	1238	700	0
000034	14	car	416	401	465	452	0
000034	16	person	1146	442	1232	620	0
000035	1	person	514	408	623	501	0
000035	2	person	759	418	838	538	0
000035	3	person	877	423	953	528	0
000035	4	person	956	422	1008	515	0
000035	5	motorbike	514	481	625	612	0
000035	6	motorbike	740	490	858	622	0
000035	7	motorbike	886	509	953	618	0
000035	8	motorbike	957	490	1021	601	0
000035	9	car	990	418	1093	501	0
000035	10	motorbike	1101	545	1233	700	0
000035	14	car	416	401	465	452	0
000035	16	person	1143	442	1229	619	0
000036	1	person	514	408	622	501	0
000036	2	person	759	418	838	538	0
000036	3	person	877	423	953	528	0
000036	4	person	956	422	1008	515	0
000036	5	motorbike	514	481	625	612	0
000036	6	motorbike	740	490	858	622	0
000036	7	motorbike	886	509	953	618	0
000036	8	motorbike	957	490	1021	601	0
000036	9	car	990	417	1093	500	0
000036	10	motorbike	1097	547	1229	700	0
000036	14	car	416	401	465	452	0
000036	16	person	1140	442	1226	618	0
000037	1	person	514	408	622	501	0
000037	2	person	759	418	838	538	0
000037	3	person	877	423	953	528	0
000037	4	person	956	422	1008	515	0
000037	5	motorbike	514	481	624	612	0
000037	6	motorbike	740	490	858	622	0
000037	7	motorbike	886	509	953	618	0
000037	8	motorbike	957	490	1021	601	0
000037	9	car	990	417	1093	500	0
000037	10	motorbike	1093	548	1225	700	0
000037	14	car	416	401	465	452	0
000037	16	person	1137	442	1223	616	0
000038	1	person	514	408	622	501	0
000038	2	person	759	418	838	538	0
000038	3	person	877	423	953	528	0
000038	4	person	956	422	1008	515	0
000038	5	motorbike	514	481	624	612	0
000038	6	motorbike	740	490	858	622	0
000038	7	motorbike	886	509	953	618	0
000038	8	motorbike	957	490	1021	601	0
000038	9	car	990	417	1093	500	0
000038	10	motorbike	1088	550	1220	700	0
000038	14	car	416	401	465	452	0
000038	16	person	1134	443	1219	615	0
000039	1	person	514	408	622	501	0
000039	2	person	759	418	838	538	0
000039	3	person	877	423	953	528	0
000039	4	person	956	422	1008	515	0
000039	5	motorbike	514	481	624	612	0
000039	6	motorbike	740	490	858	622	0
000039	7	motorbike	886	509	953	618	0
000039	8	motorbike	957	490	1021	601	0
000039	9	car	989	416	1092	499	0
000039	10	motorbike	1084	551	1216	700	0
000039	14	car	416	401	465	452	0
000039	16	person	1131	443	1216	614	0
000040	1	person	514	408	621	501	0
000040	2	person	759	418	838	538	0
000040	3	person	877	423	953	528	0
000040	4	person	956	422	1008	515	0
000040	5	motorbike	514	481	623	612	0
000040	6	motorbike	740	490	858	622	0
000040	7	motorbike	886	509	953	618	0
000040	8	motorbike	957	490	1021	601	0
000040	9	car	989	416	1092	499	0
000040	10	motorbike	1080	553	1212	700	0
000040	14	car	416	401	465	452	0
000040	16	person	1128	443	1213	612	0
000041	1	person	514	408	621	501	0
000041	2	person	759	418	838	538	0
000041	3	person	877	423	953	528	0
000041	4	person	956	422	1008	515	0
000041	5	motorbike	514	481	623	612	0
000041	6	motorbike	740	490	858	622	0
000041	7	motorbike	886	509	953	618	0
000041	8	motorbike	957	490	1021	601	0
000041	9	car	989	416	1092	499	0
000041	10	motorbike	1078	553	1210	699	0
000041	14	car	416	401	465	452	0
000041	16	person	1125	443	1210	611	0
000042	1	person	514	408	621	501	0
000042	2	person	759	418	838	538	0
000042	3	person	877	423	953	528	0
000042	4	person	956	422	1008	515	0
000042	5	motorbike	514	481	623	612	0
000042	6	motorbike	740	490	858	622	0
000042	7	motorbike	886	509	953	618	0
000042	8	motorbike	957	490	1021	601	0
000042	9	car	989	416	1092	499	0
000042	10	motorbike	1076	553	1208	698	0
000042	14	car	416	401	465	452	0
000042	16	person	1122	444	1206	610	0
000043	1	person	515	408	621	501	0
000043	2	person	759	418	838	538	0
000043	3	person	877	423	953	528	0
000043	4	person	956	422	1008	515	0
000043	5	motorbike	514	481	623	612	0
000043	6	motorbike	740	490	858	622	0
000043	7	motorbike	886	509	953	618	0
000043	8	motorbike	957	490	1021	601	0
000043	9	car	989	415	1092	498	0
000043	10	motorbike	1074	553	1206	697	0
000043	14	car	416	401	465	452	0
000043	16	person	1119	444	1203	608	0
000044	1	person	515	408	621	501	0
000044	2	person	759	418	838	538	0
000044	3	person	877	423	953	528	0
000044	4	person	956	422	1008	515	0
000044	5	motorbike	514	481	622	612	0
000044	6	motorbike	740	490	858	622	0
000044	7	motorbike	886	509	953	618	0
000044	8	motorbike	957	490	1021	601	0
000044	9	car	989	415	1092	498	0
000044	10	motorbike	1073	554	1205	696	0
000044	14	car	416	401	465	452	0
000044	16	person	1117	444	1200	607	0
000045	1	person	515	408	620	501	0
000045	2	person	759	418	838	538	0
000045	3	person	877	423	953	528	0
000045	4	person	956	422	1008	515	0
000045	5	motorbike	514	481	622	612	0
000045	6	motorbike	740	490	858	622	0
000045	7	motorbike	886	509	953	618	0
000045	8	motorbike	957	490	1021	601	0
000045	9	car	989	415	1092	498	0
000045	10	motorbike	1071	554	1203	695	0
000045	14	car	416	401	465	452	0
000045	16	person	1114	444	1197	605	0
000046	1	person	515	408	620	501	0
000046	2	person	759	418	838	538	0
000046	3	person	877	423	953	528	0
000046	4	person	956	422	1008	515	0
000046	5	motorbike	514	481	622	612	0
000046	6	motorbike	740	490	858	622	0
000046	7	motorbike	886	509	953	618	0
000046	8	motorbike	957	490	1021	601	0
000046	9	car	989	414	1092	497	0
000046	10	motorbike	1069	554	1201	695	0
000046	14	car	416	401	465	452	0
000046	16	person	1111	445	1193	604	0
000047	1	person	515	408	620	501	0
000047	2	person	759	418	838	538	0
000047	3	person	877	423	953	528	0
000047	4	person	956	422	1008	515	0
000047	5	motorbike	514	481	621	612	0
000047	6	motorbike	740	490	858	622	0
000047	7	motorbike	886	509	953	618	0
000047	8	motorbike	957	490	1021	601	0
000047	9	car	989	414	1092	497	0
000047	10	motorbike	1068	555	1200	694	0
000047	14	car	416	401	465	452	0
000047	16	person	1108	445	1190	603	0
000048	1	person	515	408	620	501	0
000048	2	person	759	418	838	538	0
000048	3	person	877	423	953	528	0
000048	4	person	956	422	1008	515	0
000048	5	motorbike	514	481	621	612	0
000048	6	motorbike	740	490	858	622	0
000048	7	motorbike	886	509	953	618	0
000048	8	motorbike	957	490	1021	601	0
000048	9	car	989	414	1092	497	0
000048	10	motorbike	1066	555	1198	693	0
000048	14	car	416	401	465	452	0
000048	16	person	1105	445	1187	601	0
000049	1	person	515	408	619	501	0
000049	2	person	759	418	838	538	0
000049	3	person	877	423	953	528	0
000049	4	person	956	422	1008	515	0
000049	5	motorbike	514	481	621	612	0
000049	6	motorbike	740	490	858	622	0
000049	7	motorbike	886	509	953	618	0
000049	8	motorbike	957	490	1021	601	0
000049	9	car	989	414	1092	497	0
000049	10	motorbike	1064	555	1196	692	0
000049	14	car	416	401	465	452	0
000049	16	person	1102	445	1184	600	0
000050	1	person	515	408	619	501	0
000050	2	person	759	418	838	538	0
000050	3	person	877	423	953	528	0
000050	4	person	956	422	1008	515	0
000050	5	motorbike	514	481	621	612	0
000050	6	motorbike	740	490	858	622	0
000050	7	motorbike	886	509	953	618	0
000050	8	motorbike	957	490	1021	601	0
000050	9	car	989	413	1092	496	0
000050	10	motorbike	1063	556	1195	691	0
000050	14	car	416	401	465	452	0
000050	16	person	1099	446	1180	599	0
000051	1	person	516	408	619	501	0
000051	2	person	759	418	838	538	0
000051	3	person	877	423	953	528	0
000051	4	person	956	422	1008	515	0
000051	5	motorbike	514	481	620	613	0
000051	6	motorbike	740	490	858	622	0
000051	7	motorbike	886	509	953	618	0
000051	8	motorbike	957	490	1021	601	0
000051	9	car	988	413	1091	496	0
000051	10	motorbike	1061	556	1193	690	0
000051	14	car	416	401	465	452	0
000051	16	person	1096	446	1177	597	0
000052	1	person	516	408	619	501	0
000052	2	person	759	418	838	538	0
000052	3	person	877	423	953	528	0
000052	4	person	956	422	1008	515	0
000052	5	motorbike	514	481	620	613	0
000052	6	motorbike	740	490	858	622	0
000052	7	motorbike	886	509	953	618	0
000052	8	motorbike	957	490	1021	601	0
000052	9	car	988	413	1091	496	0
000052	10	motorbike	1059	556	1191	690	0
000052	11	motorbike	5	428	26	482	1
000052	14	car	416	401	465	452	0
000052	16	person	1093	446	1174	596	0
000053	1	person	516	408	618	501	0
000053	2	person	759	418	838	538	0
000053	3	person	877	423	953	528	0
000053	4	person	956	422	1008	515	0
000053	5	motorbike	514	481	620	613	0
000053	6	motorbike	740	490	858	622	0
000053	7	motorbike	886	509	953	618	0
000053	8	motorbike	957	490	1021	601	0
000053	9	car	988	412	1091	495	0
000053	10	motorbike	1057	556	1189	689	0
000053	11	motorbike	6	424	32	478	1
000053	14	car	416	401	465	452	0
000053	16	person	1090	446	1171	595	0
000054	1	person	516	408	618	501	0
000054	2	person	759	418	838	538	0
000054	3	person	877	423	953	528	0
000054	4	person	956	422	1008	515	0
000054	5	motorbike	514	481	620	613	0
000054	6	motorbike	740	490	858	622	0
000054	7	motorbike	886	509	953	618	0
000054	8	motorbike	957	490	1021	601	0
000054	9	car	988	412	1091	495	0
000054	10	motorbike	1056	557	1188	688	0
000054	11	motorbike	8	420	38	474	1
000054	14	car	416	401	465	452	0
000054	16	person	1087	446	1168	593	0
000055	1	person	516	408	618	501	0
000055	2	person	759	418	838	538	0
000055	3	person	877	423	953	528	0
000055	4	person	956	422	1008	515	0
000055	5	motorbike	514	481	619	613	0
000055	6	motorbike	740	490	858	622	0
000055	7	motorbike	886	509	953	618	0
000055	8	motorbike	957	490	1021	601	0
000055	9	car	988	412	1091	495	0
000055	10	motorbike	1054	557	1186	687	0
000055	11	motorbike	9	416	44	470	1
000055	14	car	416	401	465	452	0
000055	16	person	1084	447	1164	592	0
000056	1	person	516	408	618	501	0
000056	2	person	759	418	838	538	0
000056	3	person	877	423	953	528	0
000056	4	person	956	422	1008	515	0
000056	5	motorbike	514	481	619	613	0
000056	6	motorbike	740	490	858	622	0
000056	7	motorbike	886	509	953	618	0
000056	8	motorbike	957	490	1021	601	0
000056	9	car	988	412	1091	495	0
000056	10	motorbike	1052	557	1184	686	0
000056	11	motorbike	11	412	50	466	1
000056	14	car	416	401	465	452	0
000056	16	person	1082	447	1161	590	0
000057	1	person	516	408	617	501	0
000057	2	person	759	418	838	538	0
000057	3	person	877	423	953	528	0
000057	4	person	956	422	1008	515	0
000057	5	motorbike	514	481	619	613	0
000057	6	motorbike	740	490	858	622	0
000057	7	motorbike	886	509	953	618	0
000057	8	motorbike	957	490	1021	601	0
000057	9	car	988	411	1091	494	0
000057	10	motorbike	1051	558	1183	685	0
000057	11	motorbike	13	409	56	462	1
000057	12	car	1	377	49	448	1
000057	14	car	416	401	465	452	0
000057	16	person	1079	447	1158	589	0
000058	1	person	516	408	617	501	0
000058	2	person	759	418	838	538	0
000058	3	person	877	423	953	528	0
000058	4	person	956	422	1008	515	0
000058	5	motorbike	514	481	618	613	0
000058	6	motorbike	740	490	858	622	0
000058	7	motorbike	886	509	953	618	0
000058	8	motorbike	957	490	1021	601	0
000058	9	car	988	411	1091	494	0
000058	10	motorbike	1049	558	1181	685	0
000058	11	motorbike	20	407	66	462	1
000058	12	car	1	377	60	448	1
000058	14	car	416	401	465	452	0
000058	16	person	1076	447	1155	588	0
000059	1	person	517	408	617	501	0
000059	2	person	759	418	838	538	0
000059	3	person	877	423	953	528	0
000059	4	person	956	422	1008	515	0
000059	5	motorbike	514	481	618	613	0
000059	6	motorbike	740	490	858	622	0
000059	7	motorbike	886	509	953	618	0
000059	8	motorbike	957	490	1021	601	0
000059	9	car	988	411	1091	494	0
000059	10	motorbike	1047	558	1179	684	0
000059	11	motorbike	28	406	77	462	1
000059	12	car	2	378	71	448	1
000059	14	car	416	401	465	452	0
000059	16	person	1073	448	1151	586	0
000060	1	person	517	408	617	501	0
000060	2	person	759	418	838	538	0
000060	3	person	877	423	953	528	0
000060	4	person	956	422	1008	515	0
000060	5	motorbike	514	481	618	613	0
000060	6	motorbike	740	490	858	622	0
000060	7	motorbike	886	509	953	618	0
000060	8	motorbike	957	490	1021	601	0
000060	9	car	988	410	1091	493	0
000060	10	motorbike	1046	559	1178	683	0
000060	11	motorbike	35	404	88	463	1
000060	12	car	3	378	82	449	1
000060	14	car	416	401	465	452	0
000060	16	person	1070	448	1148	585	0
000061	1	person	517	408	617	501	0
000061	2	person	759	418	838	538	0
000061	3	person	877	423	953	528	0
000061	4	person	956	422	1008	515	0
000061	5	motorbike	514	481	618	613	0
000061	6	motorbike	740	490	858	622	0
000061	7	motorbike	886	509	953	618	0
000061	8	motorbike	957	490	1021	601	0
000061	9	car	988	410	1091	493	0
000061	10	motorbike	1044	559	1176	682	0
000061	11	motorbike	43	403	98	463	1
000061	12	car	4	379	93	449	1
000061	14	car	416	401	465	452	0
000061	16	person	1067	448	1145	584	0
000062	1	person	517	408	616	501	0
000062	2	person	759	418	838	538	0
000062	3	person	877	423	953	528	0
000062	4	person	956	422	1008	515	0
000062	5	motorbike	514	481	617	613	0
000062	6	motorbike	740	490	858	622	0
000062	7	motorbike	886	509	953	618	0
000062	8	motorbike	957	490	1021	601	0
000062	9	car	988	410	1091	493	0
000062	10	motorbike	1042	559	1174	681	0
000062	11	motorbike	50	401	109	463	1
000062	12	car	5	379	104	449	1
000062	14	car	416	401	465	452	0
000062	16	person	1064	448	1142	582	0
000063	1	person	517	408	616	501	0
000063	2	person	759	418	838	538	0
000063	3	person	877	423	953	528	0
000063	4	person	956	422	1008	515	0
000063	5	motorbike	514	481	617	613	0
000063	6	motorbike	740	490	858	622	0
000063	7	motorbike	886	509	953	618	0
000063	8	motorbike	957	490	1021	601	0
000063	9	car	988	410	1091	493	0
000063	10	motorbike	1041	560	1173	681	0
000063	11	motorbike	58	400	120	464	1
000063	12	car	6	380	115	450	1
000063	14	car	416	401	465	452	0
000063	16	person	1061	449	1138	581	0
000064	1	person	517	408	616	501	0
000064	2	person	759	418	838	538	0
000064	3	person	877	423	953	528	0
000064	4	person	956	422	1008	515	0
000064	5	motorbike	514	481	617	613	0
000064	6	motorbike	740	490	858	622	0
000064	7	motorbike	886	509	953	618	0
000064	8	motorbike	957	490	1021	601	0
000064	9	car	988	410	1091	493	0
000064	10	motorbike	1038	552	1165	668	0
000064	11	motorbike	66	400	128	464	1
000064	12	car	11	379	128	449	1
000064	14	car	416	401	465	452	0
000064	16	person	1058	449	1135	580	0
000065	1	person	517	408	616	501	0
000065	2	person	759	418	838	538	0
000065	3	person	877	423	953	528	0
000065	4	person	956	422	1008	515	0
000065	5	motorbike	514	481	616	613	0
000065	6	motorbike	740	490	858	622	0
000065	7	motorbike	886	509	953	618	0
000065	8	motorbike	957	490	1021	601	0
000065	9	car	988	410	1091	493	0
000065	10	motorbike	1035	544	1158	655	0
000065	11	motorbike	74	401	136	465	1
000065	12	car	17	379	142	449	1
000065	14	car	416	401	465	452	0
000065	16	person	1055	449	1132	578	0
000066	1	person	517	408	615	501	0
000066	2	person	759	418	838	538	0
000066	3	person	877	423	953	528	0
000066	4	person	956	422	1008	515	0
000066	5	motorbike	514	481	616	613	0
000066	6	motorbike	740	490	858	622	0
000066	7	motorbike	886	509	953	618	0
000066	8	motorbike	957	490	1021	601	0
000066	9	car	988	410	1091	493	0
000066	10	motorbike	1032	536	1151	642	0
000066	11	motorbike	82	402	144	466	1
000066	12	car	23	379	156	449	1
000066	14	car	416	401	465	452	0
000066	16	person	1052	449	1129	577	0
000067	1	person	518	408	615	501	0
000067	2	person	759	418	838	538	0
000067	3	person	877	423	953	528	0
000067	4	person	956	422	1008	515	0
000067	5	motorbike	514	482	616	613	0
000067	6	motorbike	740	490	858	622	0
000067	7	motorbike	886	509	953	618	0
000067	8	motorbike	957	490	1021	601	0
000067	9	car	988	410	1091	493	0
000067	10	motorbike	1029	528	1144	629	0
000067	11	motorbike	90	403	152	467	1
000067	12	car	28	379	169	448	1
000067	13	person	1106	408	1279	719	0
000067	14	car	416	401	465	452	0
000067	16	person	1050	450	1126	576	0
000068	1	person	518	408	615	501	0
000068	2	person	759	418	838	538	0
000068	3	person	877	423	953	528	0
000068	4	person	956	422	1008	515	0
000068	5	motorbike	514	482	616	613	0
000068	6	motorbike	740	490	858	622	0
000068	7	motorbike	886	509	953	618	0
000068	8	motorbike	957	490	1021	601	0
000068	9	car	988	410	1091	493	0
000068	10	motorbike	1028	529	1144	630	0
000068	11	motorbike	99	404	161	468	1
000068	12	car	34	378	183	448	1
000068	13	person	1084	407	1256	717	0
000068	14	car	416	401	465	452	0
000068	16	person	1048	448	1124	576	0
000069	1	person	518	408	615	501	0
000069	2	person	759	418	838	538	0
000069	3	person	877	423	953	528	0
000069	4	person	956	422	1008	515	0
000069	5	motorbike	514	482	615	613	0
000069	6	motorbike	740	490	858	622	0
000069	7	motorbike	886	509	953	618	0
000069	8	motorbike	957	490	1021	601	0
000069	9	car	988	410	1091	493	0
000069	10	motorbike	1027	530	1144	632	0
000069	11	motorbike	107	405	169	469	1
000069	12	car	40	378	197	448	1
000069	13	person	1063	406	1234	716	0
000069	14	car	416	401	465	452	0
000069	16	person	1047	447	1123	576	0
000070	1	person	518	408	614	501	0
000070	2	person	759	418	838	538	0
000070	3	person	877	423	953	528	0
000070	4	person	956	422	1008	515	0
000070	5	motorbike	514	482	615	613	0
000070	6	motorbike	740	490	858	622	0
000070	7	motorbike	886	509	953	618	0
000070	8	motorbike	957	490	1021	601	0
000070	9	car	988	410	1091	493	0
000070	11	motorbike	115	406	177	470	1
000070	12	car	45	378	210	447	1
000070	13	person	1042	405	1212	715	0
000070	14	car	416	401	465	452	0
000070	16	person	1046	446	1122	576	0
000071	1	person	518	408	614	501	0
000071	2	person	759	418	838	538	0
000071	3	person	877	423	953	528	0
000071	4	person	956	422	1008	515	0
000071	5	motorbike	514	482	615	613	0
000071	6	motorbike	740	490	858	622	0
000071	7	motorbike	886	509	953	618	0
000071	8	motorbike	957	490	1021	601	0
000071	9	car	988	410	1091	493	0
000071	11	motorbike	123	407	185	471	1
000071	12	car	51	378	224	447	1
000071	13	person	1020	404	1190	713	0
000071	14	car	416	401	465	452	0
000071	16	person	1045	445	1120	576	0
000072	1	person	518	408	614	501	0
000072	2	person	759	418	838	538	0
000072	3	person	877	423	953	528	0
000072	4	person	956	422	1008	515	0
000072	5	motorbike	514	482	614	613	0
000072	6	motorbike	740	490	858	622	0
000072	7	motorbike	886	509	953	618	0
000072	8	motorbike	957	490	1021	601	0
000072	9	car	988	410	1091	493	0
000072	11	motorbike	132	408	194	472	1
000072	12	car	57	378	238	447	1
000072	13	person	999	403	1168	712	0
000072	14	car	416	401	465	452	0
000072	16	person	1044	444	1119	576	0
000073	1	person	518	408	614	501	0
000073	2	person	759	418	838	538	0
000073	3	person	877	423	953	528	0
000073	4	person	956	422	1008	515	0
000073	5	motorbike	514	482	614	613	0
000073	6	motorbike	740	490	858	622	0
000073	7	motorbike	886	509	953	618	0
000073	8	motorbike	957	490	1021	601	0
000073	9	car	988	410	1091	493	0
000073	11	motorbike	138	409	200	473	1
000073	12	car	66	380	247	449	1
000073	13	person	978	402	1145	711	0
000073	14	car	416	401	465	452	0
000073	16	person	1043	442	1118	576	0
000074	1	person	518	408	614	501	0
000074	2	person	759	418	838	538	0
000074	3	person	877	423	953	528	0
000074	4	person	956	422	1008	515	0
000074	5	motorbike	514	482	614	613	0
000074	6	motorbike	740	490	858	622	0
000074	7	motorbike	886	509	953	618	0
000074	8	motorbike	957	490	1021	601	0
000074	9	car	988	410	1091	493	0
000074	11	motorbike	144	410	206	474	1
000074	12	car	76	382	257	451	1
000074	13	person	957	401	1123	710	0
000074	14	car	416	401	465	452	0
000074	16	person	1042	441	1116	576	0
000075	1	person	518	408	613	501	0
000075	2	person	759	418	838	538	0
000075	3	person	877	423	953	528	0
000075	4	person	956	422	1008	515	0
000075	5	motorbike	514	482	614	613	0
000075	6	motorbike	740	490	858	622	0
000075	7	motorbike	886	509	953	618	0
000075	8	motorbike	957	490	1021	601	0
000075	9	car	988	410	1091	493	0
000075	11	motorbike	150	411	212	475	1
000075	12	car	85	384	266	453	1
000075	13	person	935	401	1101	708	0
000075	14	car	416	401	465	452	0
000075	16	person	1041	440	1115	576	0
000076	1	person	519	408	613	501	0
000076	2	person	759	418	838	538	0
000076	3	person	877	423	953	528	0
000076	4	person	956	422	1008	515	0
000076	5	motorbike	514	482	613	613	0
000076	6	motorbike	740	490	858	622	0
000076	7	motorbike	886	509	953	618	0
000076	8	motorbike	957	490	1021	601	0
000076	9	car	988	410	1091	493	0
000076	11	motorbike	156	412	218	476	1
000076	12	car	95	386	276	455	1
000076	13	person	914	400	1079	707	0
000076	14	car	416	401	465	452	0
000076	16	person	1040	439	1114	576	0
000077	1	person	519	408	613	501	0
000077	2	person	759	418	838	538	0
000077	3	person	877	423	953	528	0
000077	5	motorbike	514	482	613	613	0
000077	6	motorbike	740	490	858	622	0
000077	9	car	988	410	1091	493	0
000077	11	motorbike	162	413	224	477	1
000077	12	car	104	389	285	458	1
000077	13	person	893	399	1057	706	0
000077	14	car	416	401	465	452	0
000077	16	person	1039	438	1112	576	0
000078	1	person	519	408	613	501	0
000078	2	person	759	418	838	538	0
000078	3	person	877	423	953	528	0
000078	5	motorbike	514	482	613	613	0
000078	6	motorbike	740	490	858	622	0
000078	9	car	988	410	1091	493	0
000078	10	motorbike	1014	541	1141	650	0
000078	11	motorbike	168	414	230	478	1
000078	12	car	114	391	295	460	1
000078	13	person	872	398	1034	705	0
000078	14	car	416	401	465	452	0
000078	16	person	1038	437	1111	576	0
000079	1	person	519	408	612	501	0
000079	2	person	759	418	838	538	0
000079	3	person	877	423	953	528	0
000079	5	motorbike	514	482	612	613	0
000079	6	motorbike	740	490	858	622	0
000079	9	car	988	410	1091	493	0
000079	10	motorbike	1012	538	1134	651	0
000079	11	motorbike	174	415	236	479	1
000079	12	car	123	393	304	462	1
000079	13	person	850	397	1012	703	0
000079	14	car	416	401	465	452	0
000079	16	person	1037	435	1110	576	0
000080	1	person	519	408	612	501	0
000080	2	person	759	418	838	538	0
000080	5	motorbike	514	482	612	613	0
000080	6	motorbike	740	490	858	622	0
000080	9	car	988	410	1091	493	0
000080	10	motorbike	1011	535	1128	653	0
000080	11	motorbike	180	416	242	480	1
000080	12	car	133	395	314	464	1
000080	13	person	829	396	990	702	0
000080	14	car	416	401	465	452	0
000080	16	person	1036	434	1109	576	0
000081	1	person	519	408	612	501	0
000081	2	person	759	418	838	538	0
000081	5	motorbike	514	482	612	613	0
000081	6	motorbike	740	490	858	622	0
000081	9	car	988	410	1091	493	0
000081	10	motorbike	1010	532	1122	654	0
000081	11	motorbike	186	417	248	481	1
000081	12	car	142	397	323	466	1
000081	13	person	808	395	968	701	0
000081	14	car	416	401	465	452	0
000081	16	person	1035	433	1107	576	0
000082	1	person	519	408	612	501	0
000082	2	person	759	418	838	538	0
000082	5	motorbike	514	482	612	613	0
000082	6	motorbike	740	490	858	622	0
000082	9	car	988	410	1091	493	0
000082	10	motorbike	1009	529	1116	656	0
000082	11	motorbike	193	418	255	482	1
000082	12	car	152	400	333	469	1
000082	13	person	787	395	946	700	0
000082	14	car	416	401	465	452	0
000082	16	person	1034	432	1106	576	0
000083	1	person	519	408	611	501	0
000083	2	person	759	418	838	538	0
000083	5	motorbike	514	482	611	613	0
000083	6	motorbike	740	490	858	622	0
000083	9	car	988	410	1091	493	0
000083	10	motorbike	1009	531	1115	656	0
000083	11	motorbike	196	418	258	482	1
000083	12	car	158	399	339	468	1
000083	13	person	777	395	936	691	0
000083	14	car	416	401	465	452	0
000083	16	person	1033	431	1105	576	0
000084	1	person	520	408	611	501	0
000084	2	person	759	418	838	538	0
000084	5	motorbike	514	482	611	613	0
000084	6	motorbike	740	490	858	622	0
000084	9	car	988	410	1091	493	0
000084	10	motorbike	1009	534	1115	656	0
000084	11	motorbike	199	418	261	482	1
000084	12	car	164	398	345	467	1
000084	13	person	768	396	927	682	0
000084	14	car	416	401	465	452	0
000084	16	person	1032	430	1103	576	0
000085	1	person	520	408	611	501	0
000085	2	person	759	418	838	538	0
000085	5	motorbike	514	482	611	613	0
000085	6	motorbike	740	490	858	622	0
000085	9	car	988	410	1091	493	0
000085	10	motorbike	1009	536	1115	656	0
000085	11	motorbike	203	419	265	483	1
000085	12	car	170	397	351	466	1
000085	13	person	759	397	917	673	0
000085	14	car	416	401	465	452	0
000085	16	person	1031	428	1102	576	0
000086	1	person	520	408	611	501	0
000086	2	person	759	418	838	538	0
000086	5	motorbike	514	482	610	613	0
000086	6	motorbike	740	490	858	622	0
000086	9	car	988	410	1091	493	0
000086	10	motorbike	1009	539	1115	656	0
000086	11	motorbike	206	419	268	483	1
000086	12	car	176	397	357	466	1
000086	13	person	750	398	908	665	0
000086	14	car	416	401	465	452	0
000086	16	person	1030	427	1101	576	0
000087	1	person	520	408	611	501	0
000087	2	person	759	418	838	538	0
000087	5	motorbike	514	482	610	613	0
000087	6	motorbike	740	490	858	622	0
000087	9	car	988	410	1091	493	0
000087	10	motorbike	1009	541	1115	656	0
000087	11	motorbike	209	419	271	483	1
000087	12	car	182	396	363	465	1
000087	13	person	741	399	899	656	0
000087	14	car	416	401	465	452	0
000087	16	person	1029	426	1099	576	0
000088	1	person	520	408	610	501	0
000088	2	person	759	418	838	538	0
000088	5	motorbike	514	482	610	613	0
000088	6	motorbike	740	490	858	622	0
000088	9	car	988	410	1091	493	0
000088	10	motorbike	1009	544	1115	656	0
000088	11	motorbike	213	420	275	484	1
000088	12	car	188	395	369	464	1
000088	13	person	732	400	889	647	0
000088	14	car	416	401	465	452	0
000088	16	person	1028	425	1098	576	0
000089	1	person	520	408	610	501	0
000089	2	person	759	418	838	538	0
000089	5	motorbike	514	482	610	613	0
000089	6	motorbike	740	490	858	622	0
000089	9	car	988	410	1091	493	0
000089	10	motorbike	1009	546	1115	656	0
000089	11	motorbike	216	420	278	484	1
000089	12	car	194	394	375	463	1
000089	13	person	723	401	880	638	0
000089	14	car	416	401	465	452	0
000089	16	person	1027	424	1097	576	0
000090	1	person	520	408	610	501	0
000090	3	person	877	423	953	528	0
000090	4	person	956	422	1008	515	0
000090	5	motorbike	514	482	609	613	0
000090	7	motorbike	886	509	953	618	0
000090	8	motorbike	957	490	1021	601	0
000090	9	car	988	410	1091	493	0
000090	10	motorbike	1009	549	1115	656	0
000090	11	motorbike	220	421	282	485	1
000090	12	car	200	394	381	463	1
000090	13	person	714	402	871	630	0
000090	14	car	416	401	465	452	0
000090	15	motorbike	714	567	857	713	0
000090	16	person	1026	423	1096	577	0
000091	1	person	520	408	610	501	0
000091	3	person	877	423	953	528	0
000091	4	person	956	422	1008	515	0
000091	5	motorbike	514	482	609	613	0
000091	7	motorbike	886	509	953	618	0
000091	8	motorbike	957	490	1021	601	0
000091	9	car	988	410	1091	493	0
000091	10	motorbike	1009	547	1114	656	0
000091	11	motorbike	223	421	285	485	1
000091	12	car	206	393	387	462	1
000091	13	person	718	399	860	645	0
000091	14	car	416	401	465	452	0
000091	15	motorbike	708	565	851	711	0
000091	16	person	1026	423	1096	577	0
000092	1	person	521	408	609	501	0
000092	3	person	877	423	953	528	0
000092	4	person	956	422	1008	515	0
000092	5	motorbike	514	482	609	613	0
000092	7	motorbike	886	509	953	618	0
000092	8	motorbike	957	490	1021	601	0
000092	9	car	988	410	1091	493	0
000092	10	motorbike	1009	545	1114	656	0
000092	11	motorbike	226	421	288	485	1
000092	12	car	212	392	393	461	1
000092	13	person	723	397	849	660	0
000092	14	car	416	401	465	452	0
000092	15	motorbike	703	564	846	710	0
000092	16	person	1026	423	1096	577	0
000093	1	person	521	408	609	501	0
000093	3	person	877	423	953	528	0
000093	4	person	956	422	1008	515	0
000093	5	motorbike	514	482	608	613	0
000093	7	motorbike	886	509	953	618	0
000093	8	motorbike	957	490	1021	601	0
000093	9	car	988	410	1091	493	0
000093	10	motorbike	1009	543	1114	656	0
000093	11	motorbike	230	422	292	486	1
000093	12	car	218	392	399	461	1
000093	13	person	728	395	838	675	0
000093	14	car	416	401	465	452	0
000093	15	motorbike	697	563	840	709	0
000093	16	person	1026	423	1096	577	0
000094	1	person	521	408	609	501	0
000094	3	person	877	423	953	528	0
000094	4	person	956	422	1008	515	0
000094	5	motorbike	514	482	608	613	0
000094	7	motorbike	886	509	953	618	0
000094	8	motorbike	957	490	1021	601	0
000094	9	car	988	410	1091	493	0
000094	10	motorbike	1009	541	1113	656	0
000094	11	motorbike	233	422	295	486	1
000094	12	car	224	391	405	460	1
000094	13	person	733	393	827	690	0
000094	14	car	416	401	465	452	0
000094	15	motorbike	692	562	835	708	0
000094	16	person	1026	423	1096	577	0
000095	1	person	521	408	609	501	0
000095	3	person	877	423	953	528	0
000095	4	person	956	422	1008	515	0
000095	5	motorbike	514	482	608	613	0
000095	7	motorbike	886	509	953	618	0
000095	8	motorbike	957	490	1021	601	0
000095	9	car	988	410	1091	493	0
000095	10	motorbike	1009	540	1113	656	0
000095	11	motorbike	237	423	299	487	1
000095	12	car	230	390	411	459	1
000095	13	person	738	391	817	705	0
000095	14	car	416	401	465	452	0
000095	15	motorbike	687	561	830	707	0
000095	16	person	1026	423	1096	577	0
000096	1	person	521	408	608	501	0
000096	3	person	877	423	953	528	0
000096	4	person	956	422	1008	515	0
000096	5	motorbike	514	482	608	613	0
000096	7	motorbike	886	509	953	618	0
000096	8	motorbike	957	490	1021	601	0
000096	9	car	988	410	1091	493	0
000096	10	motorbike	1009	538	1113	656	0
000096	11	motorbike	240	423	302	487	1
000096	12	car	236	389	417	458	1
000096	13	person	724	392	814	682	0
000096	14	car	416	401	465	452	0
000096	15	motorbike	681	559	824	705	0
000096	16	person	1026	423	1096	577	0
000097	1	person	521	408	608	501	0
000097	3	person	877	423	953	528	0
000097	4	person	956	422	1008	515	0
000097	5	motorbike	514	482	607	613	0
000097	7	motorbike	886	509	953	618	0
000097	8	motorbike	957	490	1021	601	0
000097	9	car	988	410	1091	493	0
000097	10	motorbike	1009	536	1112	656	0
000097	11	motorbike	243	423	305	487	1
000097	12	car	242	389	423	458	1
000097	13	person	711	393	811	659	0
000097	14	car	416	401	465	452	0
000097	15	motorbike	676	558	819	704	0
000097	16	person	1026	423	1096	577	0
000098	1	person	521	408	608	501	0
000098	3	person	877	423	953	528	0
000098	4	person	956	422	1008	515	0
000098	5	motorbike	514	482	607	613	0
000098	7	motorbike	886	509	953	618	0
000098	8	motorbike	957	490	1021	601	0
000098	9	car	988	410	1091	493	0
000098	10	motorbike	1009	534	1112	656	0
000098	11	motorbike	247	424	309	488	1
000098	12	car	248	388	429	457	1
000098	13	person	697	394	808	637	0
000098	14	car	416	401	465	452	0
000098	15	motorbike	670	557	813	703	0
000098	16	person	1026	423	1096	577	0
000099	1	person	521	408	608	501	0
000099	3	person	877	423	953	528	0
000099	4	person	956	422	1008	515	0
000099	5	motorbike	514	482	607	613	0
000099	7	motorbike	886	509	953	618	0
000099	8	motorbike	957	490	1021	601	0
000099	9	car	988	410	1091	493	0
000099	10	motorbike	1009	532	1112	656	0
000099	11	motorbike	250	424	312	488	1
000099	12	car	254	387	435	456	1
000099	13	person	684	395	805	614	0
000099	14	car	416	401	465	452	0
000099	15	motorbike	665	556	808	702	0
000099	16	person	1026	423	1096	577	0
000100	1	person	522	408	608	501	0
000100	2	person	759	418	838	538	0
000100	3	person	877	423	953	528	0
000100	4	person	956	422	1008	515	0
000100	5	motorbike	514	483	607	614	0
000100	6	motorbike	740	490	858	622	0
000100	7	motorbike	886	509	953	618	0
000100	8	motorbike	957	490	1021	601	0
000100	9	car	988	410	1091	493	0
000100	10	motorbike	1009	531	1112	656	0
000100	11	motorbike	254	425	316	489	1
000100	12	car	260	387	441	456	1
000100	13	person	671	396	802	592	0
000100	14	car	416	401	465	452	0
000100	15	motorbike	660	555	803	701	0
000100	16	person	1026	423	1096	577	0
