000001	1	motorbike	1	368	11	409	1
000001	2	car	104	385	176	436	1
000001	3	car	47	372	120	454	0
000001	4	person	288	369	350	503	0
000001	5	person	581	376	619	499	0
000001	7	car	280	397	398	450	0
000001	8	motorbike	1172	344	1210	428	0
000001	9	car	922	362	1060	428	0
000001	10	bus	781	331	983	423	0
000001	11	car	1120	337	1222	386	0
000001	12	car	928	358	1059	430	0
000001	14	car	163	381	244	422	0
000001	19	car	1193	322	1276	378	0
000002	1	motorbike	1	368	11	408	1
000002	2	car	104	385	176	436	1
000002	3	car	45	372	118	454	0
000002	4	person	290	369	352	503	0
000002	5	person	584	375	622	498	0
000002	7	car	287	395	405	448	0
000002	8	motorbike	1171	343	1209	427	0
000002	9	car	922	362	1060	428	0
000002	10	bus	778	331	980	422	0
000002	11	car	1119	337	1221	386	0
000002	12	car	918	359	1049	431	0
000002	14	car	162	380	245	422	0
000002	19	car	1196	320	1276	376	0
000003	1	motorbike	1	368	12	408	1
000003	2	car	104	385	176	436	1
000003	3	car	44	373	117	455	0
000003	4	person	292	369	354	503	0
000003	5	person	588	375	626	498	0
000003	7	car	294	393	412	446	0
000003	8	motorbike	1171	343	1209	427	0
000003	9	car	922	362	1060	428	0
000003	10	bus	775	331	978	422	0
000003	11	car	1119	337	1221	386	0
000003	12	car	909	360	1040	432	0
000003	14	car	162	380	246	422	0
000003	19	car	1199	319	1277	375	0
000004	1	motorbike	1	368	13	408	1
000004	2	car	104	385	176	436	1
000004	3	car	42	374	115	456	0
000004	4	person	294	369	356	503	0
000004	5	person	592	375	630	498	0
000004	7	car	301	391	419	444	0
000004	8	motorbike	1171	343	1209	427	0
000004	9	car	922	362	1060	428	0
000004	10	bus	772	331	975	422	0
000004	11	car	1119	337	1221	386	0
000004	12	car	900	361	1031	433	0
000004	14	car	162	380	247	422	0
000004	19	car	1202	318	1277	374	0
000005	1	motorbike	1	368	14	408	1
000005	2	car	104	385	176	436	1
000005	3	car	41	374	114	456	0
000005	4	person	296	369	358	503	0
000005	5	person	596	375	634	498	0
000005	8	motorbike	1171	343	1209	427	0
000005	9	car	922	362	1060	428	0
000005	10	bus	769	331	973	422	0
000005	11	car	1118	337	1220	387	0
000005	12	car	890	362	1021	434	0
000005	14	car	161	380	249	422	0
000005	19	car	1205	317	1278	373	0
000006	1	motorbike	1	368	15	408	1
000006	2	car	104	385	176	436	1
000006	3	car	39	375	112	457	0
000006	4	person	298	370	360	504	0
000006	5	person	600	375	638	498	0
000006	8	motorbike	1171	343	1209	427	0
000006	9	car	922	362	1060	428	0
000006	10	bus	766	331	971	422	0
000006	11	car	1118	337	1220	387	0
000006	12	car	881	363	1012	435	0
000006	14	car	161	379	250	422	0
000006	19	car	1208	316	1278	372	0
000007	1	motorbike	1	368	16	408	1
000007	2	car	104	385	176	436	1
000007	3	car	38	376	111	458	0
000007	4	person	300	370	362	504	0
000007	5	person	604	375	642	498	0
000007	8	motorbike	1171	343	1209	427	0
000007	9	car	922	362	1060	428	0
000007	10	bus	763	331	968	421	0
000007	11	car	1118	337	1220	387	0
000007	12	car	872	364	1003	436	0
000007	14	car	161	379	251	422	0
000007	19	car	1211	315	1279	371	0
000008	1	motorbike	1	368	17	408	1
000008	2	car	104	385	176	436	1
000008	3	car	37	377	110	459	0
000008	4	person	303	370	365	504	0
000008	5	person	608	374	646	497	0
000008	8	motorbike	1171	343	1209	427	0
000008	9	car	922	362	1060	428	0
000008	10	bus	760	331	966	421	0
000008	11	car	1118	338	1220	387	0
000008	12	car	862	366	993	438	0
000008	14	car	160	379	253	422	0
000008	19	car	1214	314	1279	370	0
000009	1	motorbike	1	368	18	408	1
000009	2	car	104	385	176	436	1
000009	3	car	35	377	108	459	0
000009	4	person	305	370	367	504	0
000009	5	person	612	374	650	497	0
000009	8	motorbike	1171	343	1209	427	0
000009	9	car	922	362	1060	428	0
000009	10	bus	757	331	963	421	0
000009	11	car	1117	338	1219	388	0
000009	12	car	853	367	984	439	0
000009	14	car	160	379	254	422	0
000009	19	car	1218	314	1279	370	0
000010	1	motorbike	1	368	19	408	1
000010	2	car	104	385	176	436	1
000010	3	car	33	377	106	459	0
000010	4	person	307	370	369	504	0
000010	5	person	616	374	654	497	0
000010	8	motorbike	1171	343	1209	427	0
000010	9	car	922	362	1060	428	0
000010	10	bus	754	331	961	421	0
000010	11	car	1117	338	1219	388	0
000010	12	car	844	368	975	440	0
000010	14	car	160	378	255	422	0
000010	19	car	1222	314	1279	370	0
000011	1	motorbike	1	368	20	408	1
000011	2	car	104	385	176	436	1
000011	3	car	32	378	105	460	0
000011	4	person	309	371	371	505	0
000011	5	person	620	374	658	497	0
000011	8	motorbike	1171	343	1209	427	0
000011	9	car	922	362	1060	428	0
000011	10	bus	751	331	959	421	0
000011	11	car	1117	338	1219	388	0
000011	12	car	834	369	965	441	0
000011	14	car	159	378	257	422	0
000011	19	car	1225	313	1279	369	0
000012	1	motorbike	1	368	21	408	1
000012	2	car	104	385	176	436	1
000012	3	car	30	378	103	460	0
000012	4	person	311	371	373	505	0
000012	5	person	624	374	662	497	0
000012	8	motorbike	1171	343	1209	427	0
000012	9	car	922	362	1060	428	0
000012	10	bus	751	331	956	421	0
000012	11	car	1116	338	1219	388	0
000012	12	car	825	370	956	442	0
000012	14	car	159	378	258	422	0
000012	19	car	1229	313	1279	369	0
000013	1	motorbike	1	368	22	408	1
000013	2	car	104	385	176	436	1
000013	3	car	29	379	102	461	0
000013	4	person	313	371	375	505	0
000013	5	person	628	374	666	497	0
000013	8	motorbike	1171	343	1209	427	0
000013	9	car	922	362	1060	428	0
000013	10	bus	751	331	953	421	0
000013	11	car	1116	338	1218	389	0
000013	12	car	816	371	947	443	0
000013	14	car	159	378	259	422	0
000013	19	car	1233	313	1279	369	0
000014	1	motorbike	1	368	23	408	1
000014	2	car	104	385	176	436	1
000014	3	car	25	379	102	460	0
000014	4	person	315	371	377	505	0
000014	5	person	632	374	670	497	0
000014	7	car	440	395	521	446	0
000014	8	motorbike	1171	343	1209	427	0
000014	9	car	922	362	1060	428	0
000014	10	bus	751	331	951	421	0
000014	11	car	1116	339	1218	389	0
000014	12	car	807	373	938	445	0
000014	14	car	159	378	261	422	0
000014	17	car	1180	328	1248	376	0
000014	19	car	1236	312	1279	368	0
000015	1	motorbike	1	368	24	408	1
000015	2	car	104	385	176	436	1
000015	3	car	21	379	102	460	0
000015	4	person	318	372	380	506	0
000015	5	person	636	373	674	496	0
000015	7	car	443	395	532	446	0
000015	8	motorbike	1171	343	1209	427	0
000015	9	car	922	362	1060	428	0
000015	10	bus	749	332	947	420	0
000015	11	car	1116	339	1218	389	0
000015	12	car	795	373	926	445	0
000015	14	car	160	378	260	422	0
000015	17	car	1171	329	1243	378	0
000015	19	car	1240	312	1279	368	0
000016	2	car	104	385	176	436	1
000016	3	car	17	379	102	460	0
000016	4	person	318	372	380	506	0
000016	5	person	640	373	678	496	0
000016	7	car	447	395	543	446	0
000016	8	motorbike	1171	343	1209	427	0
000016	9	car	922	362	1060	428	0
000016	10	bus	748	334	943	420	0
000016	11	car	1115	339	1218	389	0
000016	12	car	784	374	915	445	0
000016	14	car	162	378	260	422	0
000016	17	car	1162	330	1238	380	0
000017	2	car	104	385	176	436	1
000017	3	car	13	379	102	460	0
000017	4	person	318	372	380	506	0
000017	5	person	644	373	682	496	0
000017	7	car	450	395	555	447	0
000017	8	motorbike	1171	343	1209	427	0
000017	9	car	922	362	1060	428	0
000017	10	bus	747	336	939	419	0
000017	11	car	1115	339	1217	390	0
000017	12	car	772	375	903	445	0
000017	14	car	164	378	259	423	0
000017	17	car	1154	331	1234	382	0
000018	2	car	104	385	176	436	1
000018	3	car	10	379	101	460	0
000018	5	person	647	373	685	496	0
000018	7	car	454	395	566	447	0
000018	8	motorbike	1171	343	1209	427	0
000018	9	car	922	362	1060	428	0
000018	10	bus	746	338	936	419	0
000018	11	car	1115	339	1217	390	0
000018	12	car	761	376	892	445	0
000018	14	car	165	378	259	423	0
000018	17	car	1145	332	1229	384	0
000019	2	car	104	385	176	436	1
000019	3	car	7	380	101	460	0
000019	5	person	651	373	689	496	0
000019	7	car	457	396	578	447	0
000019	8	motorbike	1171	343	1209	427	0
000019	9	car	922	362	1060	428	0
000019	10	bus	744	340	932	419	0
000019	11	car	1114	339	1217	390	0
000019	12	car	750	377	880	445	0
000019	14	car	167	379	258	424	0
000019	17	car	1136	333	1225	386	0
000020	2	car	104	385	176	436	1
000020	3	car	5	380	100	461	0
000020	5	person	655	373	693	496	0
000020	7	car	461	396	589	448	0
000020	8	motorbike	1171	343	1209	427	0
000020	9	car	922	362	1060	428	0
000020	10	bus	743	342	928	418	0
000020	11	car	1114	339	1217	390	0
000020	12	car	738	378	869	445	0
000020	14	car	169	379	258	424	0
000020	17	car	1128	334	1220	388	0
000021	2	car	105	385	177	436	1
000021	3	car	2	381	100	461	0
000021	5	person	659	372	697	495	0
000021	7	car	464	396	601	448	0
000021	8	motorbike	1171	343	1209	427	0
000021	9	car	922	362	1060	428	0
000021	10	bus	742	344	924	418	0
000021	11	car	1114	340	1216	391	0
000021	12	car	727	378	857	446	0
000021	14	car	170	379	257	424	0
000021	17	car	1119	335	1216	390	0
000021	20	car	1258	319	1277	366	0
000022	2	car	106	385	179	435	1
000022	3	car	0	382	100	462	0
000022	5	person	663	372	701	495	0
000022	7	car	468	396	612	448	0
000022	8	motorbike	1171	343	1209	427	0
000022	9	car	922	362	1060	428	0
000022	10	bus	741	346	921	418	0
000022	11	car	1114	340	1216	391	0
000022	12	car	715	379	846	446	0
000022	14	car	172	379	257	425	0
000022	17	car	1110	336	1211	392	0
000022	20	car	1257	319	1277	365	0
000023	2	car	107	385	181	435	1
000023	3	car	0	382	96	461	0
000023	5	person	667	372	705	495	0
000023	7	car	472	397	624	449	0
000023	8	motorbike	1171	343	1209	427	0
000023	9	car	922	362	1060	428	0
000023	10	bus	739	346	917	418	0
000023	11	car	1113	340	1216	391	0
000023	12	car	704	380	834	446	0
000023	14	car	174	380	256	425	0
000023	20	car	1256	319	1277	365	0
000024	2	car	108	385	183	435	1
000024	3	car	0	382	93	461	0
000024	5	person	671	372	709	495	0
000024	7	car	483	396	637	448	0
000024	8	motorbike	1171	343	1209	427	0
000024	9	car	922	362	1060	428	0
000024	10	bus	737	346	913	418	0
000024	11	car	1113	340	1216	391	0
000024	12	car	693	381	823	446	0
000024	14	car	176	380	256	426	0
000024	20	car	1255	319	1277	365	0
000025	2	car	109	385	185	435	1
000025	3	car	0	382	89	461	0
000025	5	person	675	372	713	495	0
000025	7	car	494	395	650	447	0
000025	8	motorbike	1171	343	1209	427	0
000025	9	car	922	362	1060	428	0
000025	10	bus	735	346	909	418	0
000025	11	car	1113	340	1215	392	0
000025	12	car	681	382	811	446	0
000025	14	car	177	380	255	426	0
000025	20	car	1254	319	1277	365	0
000026	2	car	110	385	187	435	1
000026	3	car	0	382	86	461	0
000026	5	person	679	372	717	495	0
000026	7	car	505	394	663	446	0
000026	8	motorbike	1171	343	1209	427	0
000026	9	car	922	362	1060	428	0
000026	10	bus	733	346	905	418	0
000026	11	car	1112	340	1215	392	0
000026	12	car	670	383	800	446	0
000026	14	car	179	380	255	426	0
000026	20	car	1253	319	1277	365	0
000027	2	car	112	385	189	435	1
000027	3	car	0	382	83	461	0
000027	5	person	683	372	721	495	0
000027	7	car	517	394	677	445	0
000027	8	motorbike	1171	343	1209	427	0
000027	9	car	922	362	1060	428	0
000027	10	bus	731	346	901	418	0
000027	11	car	1112	341	1215	392	0
000027	12	car	659	384	789	447	0
000027	14	car	181	381	254	427	0
000027	15	motorbike	315	382	354	441	0
000027	20	car	1252	319	1277	365	0
000028	2	car	113	385	191	435	1
000028	3	car	0	382	77	460	0
000028	5	person	687	371	725	494	0
000028	7	car	528	393	690	444	0
000028	8	motorbike	1171	343	1209	427	0
000028	9	car	922	362	1060	428	0
000028	10	bus	729	346	897	418	0
000028	11	car	1112	341	1215	392	0
000028	12	car	645	384	774	447	0
000028	14	car	182	381	254	427	0
000028	15	motorbike	312	384	350	439	0
000028	20	car	1252	319	1277	365	0
000029	2	car	114	385	193	435	1
000029	3	car	0	382	72	460	0
000029	5	person	691	371	729	494	0
000029	7	car	539	392	703	443	0
000029	8	motorbike	1171	343	1209	427	0
000029	9	car	922	362	1060	428	0
000029	10	bus	727	346	893	418	0
000029	11	car	1112	341	1214	393	0
000029	12	car	631	385	760	447	0
000029	14	car	184	381	253	428	0
000029	15	motorbike	309	387	347	438	0
000029	20	car	1251	319	1277	365	0
000030	2	car	115	385	195	435	1
000030	3	car	0	382	67	460	0
000030	5	person	695	371	733	494	0
000030	7	car	550	391	716	442	0
000030	8	motorbike	1171	343	1209	427	0
000030	9	car	922	362	1060	428	0
000030	10	bus	725	346	889	418	0
000030	11	car	1111	341	1214	393	0
000030	12	car	617	386	746	447	0
000030	14	car	186	381	253	428	0
000030	15	motorbike	306	390	344	436	0
000030	20	car	1250	319	1277	365	0
000031	2	car	116	385	197	435	1
000031	3	car	0	382	61	460	0
000031	5	person	699	371	737	494	0
000031	7	car	562	391	730	442	0
000031	8	motorbike	1171	343	1209	427	0
000031	9	car	922	362	1060	428	0
000031	10	bus	724	347	886	418	0
000031	11	car	1111	341	1214	393	0
000031	14	car	188	382	253	429	0
000031	15	motorbike	303	393	341	435	0
000031	20	car	1249	319	1277	365	0
000032	2	car	118	385	199	435	1
000032	3	car	0	382	56	460	0
000032	5	person	703	371	741	494	0
000032	7	car	576	390	743	441	0
000032	8	motorbike	1171	343	1209	427	0
000032	9	car	922	362	1060	428	0
000032	10	bus	724	347	883	417	0
000032	11	car	1111	341	1214	393	0
000032	14	car	185	381	252	428	0
000032	15	motorbike	300	392	338	434	0
000032	20	car	1248	319	1277	365	0
000033	2	car	119	385	200	435	1
000033	3	car	0	382	51	460	0
000033	5	person	707	371	745	494	0
000033	7	car	591	389	756	440	0
000033	8	motorbike	1171	343	1209	427	0
000033	9	car	922	362	1060	428	0
000033	10	bus	724	347	880	417	0
000033	11	car	1110	341	1213	394	0
000033	14	car	182	381	252	428	0
000033	15	motorbike	297	391	335	434	0
000033	20	car	1247	319	1277	365	0
000034	2	car	120	386	201	436	1
000034	5	person	711	371	749	494	0
000034	7	car	606	388	770	440	0
000034	8	motorbike	1171	343	1209	427	0
000034	9	car	922	362	1060	428	0
000034	10	bus	724	347	877	417	0
000034	11	car	1110	342	1213	394	0
000034	14	car	180	380	252	428	0
000034	15	motorbike	295	391	333	433	0
000034	20	car	1246	319	1277	365	0
000035	2	car	121	386	202	436	1
000035	5	person	714	370	752	493	0
000035	7	car	621	388	783	439	0
000035	8	motorbike	1171	342	1209	426	0
000035	9	car	922	362	1060	428	0
000035	10	bus	724	347	874	417	0
000035	11	car	1110	342	1213	394	0
000035	14	car	177	380	252	428	0
000035	15	motorbike	292	390	330	433	0
000035	20	car	1246	319	1277	365	0
000036	2	car	123	387	204	437	1
000036	5	person	718	370	756	493	0
000036	7	car	636	387	797	438	0
000036	8	motorbike	1171	342	1209	426	0
000036	9	car	922	362	1060	428	0
000036	10	bus	724	347	872	417	0
000036	11	car	1110	342	1213	394	0
000036	12	car	533	392	662	448	0
000036	14	car	174	380	252	428	0
000036	15	motorbike	289	389	327	433	0
000036	20	car	1245	319	1277	364	0
000037	1	motorbike	19	368	42	422	1
000037	2	car	124	387	205	437	1
000037	5	person	722	370	760	493	0
000037	7	car	651	386	810	438	0
000037	8	motorbike	1171	342	1209	426	0
000037	9	car	922	362	1060	428	0
000037	10	bus	724	347	869	417	0
000037	11	car	1109	342	1212	395	0
000037	12	car	521	391	652	447	0
000037	14	car	172	379	252	428	0
000037	15	motorbike	287	389	325	432	0
000037	20	car	1245	319	1277	364	0
000038	1	motorbike	20	368	44	423	1
000038	2	car	125	388	206	438	1
000038	5	person	726	370	764	493	0
000038	7	car	666	385	824	437	0
000038	8	motorbike	1171	342	1209	426	0
000038	9	car	922	362	1060	428	0
000038	10	bus	724	347	866	417	0
000038	11	car	1109	342	1212	395	0
000038	12	car	509	390	642	446	0
000038	14	car	169	379	252	428	0
000038	15	motorbike	284	388	322	432	0
000038	20	car	1244	319	1277	364	0
000039	1	motorbike	22	368	47	424	1
000039	2	car	127	389	208	439	1
000039	5	person	730	370	768	493	0
000039	7	car	681	385	837	436	0
000039	8	motorbike	1171	342	1209	426	0
000039	9	car	922	362	1060	428	0
000039	10	bus	724	347	863	417	0
000039	11	car	1109	342	1212	395	0
000039	12	car	497	390	632	445	0
000039	20	car	1244	319	1277	364	0
000040	1	motorbike	24	368	50	425	1
000040	2	car	128	389	209	439	1
000040	5	person	734	370	772	493	0
000040	7	car	696	384	851	436	0
000040	8	motorbike	1171	342	1209	426	0
000040	9	car	922	362	1060	428	0
000040	10	bus	724	347	860	417	0
000040	11	car	1109	343	1212	396	0
000040	12	car	485	389	618	445	0
000040	20	car	1243	319	1277	364	0
000041	1	motorbike	26	368	53	426	1
000041	2	car	129	390	210	440	1
000041	5	person	738	369	776	492	0
000041	7	car	711	383	864	435	0
000041	8	motorbike	1171	342	1209	426	0
000041	9	car	922	362	1060	428	0
000041	10	bus	724	347	858	417	0
000041	11	car	1108	343	1212	395	0
000041	12	car	474	389	605	445	0
000041	20	car	1243	319	1277	364	0
000042	1	motorbike	28	368	55	427	1
000042	2	car	131	390	212	440	1
000042	5	person	742	369	780	492	0
000042	6	car	204	383	265	437	0
000042	7	car	726	383	878	435	0
000042	8	motorbike	1171	342	1209	426	0
000042	9	car	922	362	1060	428	0
000042	10	bus	724	347	855	416	0
000042	11	car	1108	343	1212	395	0
000042	12	car	463	389	592	445	0
000042	20	car	1243	319	1277	364	0
000043	1	motorbike	30	368	58	429	1
000043	2	car	132	391	213	441	1
000043	5	person	746	369	784	492	0
000043	6	car	204	383	271	437	0
000043	7	car	738	382	890	434	0
000043	8	motorbike	1171	342	1209	426	0
000043	9	car	922	362	1060	428	0
000043	10	bus	724	347	852	416	0
000043	11	car	1108	343	1212	395	0
000043	12	car	453	389	582	444	0
000043	20	car	1242	319	1277	364	0
000044	1	motorbike	31	368	61	430	1
000044	2	car	133	392	214	442	1
000044	5	person	750	369	788	492	0
000044	6	car	204	384	278	437	0
000044	7	car	751	381	903	433	0
000044	8	motorbike	1171	342	1209	426	0
000044	9	car	922	362	1060	428	0
000044	10	bus	724	347	850	416	0
000044	11	car	1107	343	1212	395	0
000044	12	car	443	389	572	443	0
000044	20	car	1242	319	1277	364	0
000045	1	motorbike	33	368	64	431	1
000045	2	car	135	392	216	442	1
000045	5	person	754	369	792	492	0
000045	6	car	205	385	285	438	0
000045	7	car	764	381	916	433	0
000045	8	motorbike	1171	342	1209	426	0
000045	9	car	922	362	1060	428	0
000045	10	bus	724	347	847	416	0
000045	11	car	1107	343	1212	395	0
000045	12	car	434	389	563	443	0
000045	20	car	1241	319	1277	364	0
000046	1	motorbike	35	368	66	432	1
000046	2	car	136	393	217	443	1
000046	5	person	758	369	796	492	0
000046	6	car	205	386	292	438	0
000046	7	car	777	380	929	432	0
000046	8	motorbike	1171	342	1209	426	0
000046	9	car	922	362	1060	428	0
000046	10	bus	724	347	844	416	0
000046	11	car	1107	343	1212	395	0
000046	12	car	424	389	553	442	0
000046	20	car	1241	319	1277	364	0
000047	1	motorbike	37	368	69	433	1
000047	2	car	137	393	218	443	1
000047	5	person	762	369	800	492	0
000047	6	car	206	387	299	439	0
000047	7	car	790	379	942	431	0
000047	8	motorbike	1171	342	1209	426	0
000047	9	car	922	362	1060	428	0
000047	10	bus	724	347	842	416	0
000047	11	car	1106	343	1212	395	0
000047	12	car	415	389	543	442	0
000047	20	car	1241	319	1277	364	0
000048	1	motorbike	39	368	72	434	1
000048	2	car	139	394	220	444	1
000048	5	person	766	368	804	491	0
000048	6	car	206	388	306	439	0
000048	7	car	803	379	955	431	0
000048	8	motorbike	1171	342	1209	426	0
000048	9	car	922	362	1060	428	0
000048	10	bus	724	347	839	416	0
000048	11	car	1106	343	1212	395	0
000048	12	car	405	389	534	441	0
000048	20	car	1240	319	1277	363	0
000049	1	motorbike	41	368	75	436	1
000049	2	car	140	395	221	445	1
000049	5	person	770	368	808	491	0
000049	6	car	206	389	313	439	0
000049	7	car	817	377	969	429	0
000049	8	motorbike	1171	342	1209	426	0
000049	9	car	922	362	1060	428	0
000049	10	bus	724	347	837	416	0
000049	11	car	1106	343	1212	395	0
000049	12	car	396	389	524	441	0
000049	20	car	1240	319	1277	363	0
000050	1	motorbike	43	369	77	437	1
000050	2	car	141	395	222	445	1
000050	5	person	774	368	812	491	0
000050	6	car	207	390	320	440	0
000050	7	car	831	375	983	427	0
000050	8	motorbike	1171	342	1209	426	0
000050	9	car	922	362	1060	428	0
000050	10	bus	724	347	834	415	0
000050	11	car	1106	343	1212	395	0
000050	12	car	386	389	514	440	0
000050	20	car	1240	319	1277	363	0
000051	1	motorbike	46	370	80	438	1
000051	2	car	143	396	224	446	1
000051	5	person	777	368	815	491	0
000051	6	car	207	391	327	440	0
000051	7	car	845	373	997	425	0
000051	8	motorbike	1170	342	1208	426	0
000051	9	car	922	362	1060	428	0
000051	10	bus	724	347	831	415	0
000051	11	car	1105	343	1212	395	0
000051	20	car	1240	319	1277	363	0
000052	1	motorbike	48	371	82	439	1
000052	2	car	144	396	225	446	1
000052	5	person	781	368	819	491	0
000052	6	car	208	392	334	441	0
000052	7	car	859	371	1011	423	0
000052	8	motorbike	1170	342	1208	426	0
000052	9	car	922	362	1060	428	0
000052	10	bus	724	347	829	415	0
000052	11	car	1105	343	1212	395	0
000052	20	car	1240	319	1277	363	0
000053	1	motorbike	51	372	85	440	1
000053	2	car	145	397	226	447	1
000053	5	person	785	368	823	491	0
000053	6	car	214	392	341	441	0
000053	7	car	873	369	1025	421	0
000053	8	motorbike	1170	342	1208	426	0
000053	9	car	922	362	1060	428	0
000053	10	bus	724	347	826	415	0
000053	11	car	1105	343	1212	395	0
000053	20	car	1240	319	1277	363	0
000054	1	motorbike	53	373	87	441	1
000054	2	car	147	398	228	448	1
000054	5	person	789	367	827	490	0
000054	6	car	220	392	349	442	0
000054	7	car	887	367	1039	419	0
000054	8	motorbike	1170	342	1208	426	0
000054	9	car	922	362	1060	428	0
000054	10	bus	724	347	824	415	0
000054	11	car	1104	343	1212	395	0
000054	20	car	1239	319	1277	363	0
000055	1	motorbike	56	374	90	442	1
000055	2	car	147	397	229	448	1
000055	5	person	793	367	831	490	0
000055	6	car	226	392	357	442	0
000055	7	car	902	366	1054	418	0
000055	8	motorbike	1170	342	1208	426	0
000055	9	car	922	362	1060	428	0
000055	10	bus	724	347	821	415	0
000055	11	car	1104	343	1212	395	0
000055	20	car	1239	319	1277	363	0
000056	1	motorbike	59	375	93	443	1
000056	2	car	147	397	231	449	1
000056	5	person	797	367	835	490	0
000056	6	car	232	392	365	443	0
000056	7	car	915	364	1067	416	0
000056	8	motorbike	1170	342	1208	426	0
000056	9	car	922	362	1060	428	0
000056	10	bus	724	347	818	415	0
000056	11	car	1104	343	1212	395	0
000056	12	car	328	391	456	438	0
000056	17	car	684	387	828	442	0
000056	20	car	1239	319	1277	363	0
000057	1	motorbike	61	376	95	444	1
000057	2	car	148	397	232	450	1
000057	5	person	801	367	839	490	0
000057	6	car	238	392	373	443	0
000057	7	car	929	363	1081	415	0
000057	8	motorbike	1170	342	1208	426	0
000057	9	car	922	362	1060	428	0
000057	10	bus	724	347	816	415	0
000057	11	car	1104	343	1212	395	0
000057	12	car	318	389	446	437	0
000057	17	car	669	387	813	442	0
000057	20	car	1239	319	1278	362	0
000058	1	motorbike	64	377	98	445	1
000058	2	car	148	397	234	451	1
000058	4	person	489	372	525	503	0
000058	5	person	805	367	843	490	0
000058	6	car	245	393	381	444	0
000058	7	car	943	362	1095	414	0
000058	8	motorbike	1170	342	1208	426	0
000058	9	car	922	362	1060	428	0
000058	10	bus	724	347	813	415	0
000058	11	car	1103	343	1212	395	0
000058	12	car	308	387	436	437	0
000058	17	car	654	387	798	442	0
000058	20	car	1239	319	1278	362	0
000058	21	person	451	370	487	483	0
000059	1	motorbike	66	378	100	446	1
000059	2	car	148	396	235	452	1
000059	4	person	491	372	528	503	0
000059	5	person	809	367	847	490	0
000059	6	car	252	393	381	444	0
000059	7	car	957	360	1109	412	0
000059	8	motorbike	1170	342	1208	426	0
000059	9	car	922	362	1060	428	0
000059	10	bus	724	347	811	415	0
000059	11	car	1103	343	1212	395	0
000059	17	car	639	387	783	442	0
000059	20	car	1239	319	1278	362	0
000059	21	person	454	369	490	483	0
000060	1	motorbike	69	379	103	447	1
000060	2	car	149	396	237	453	1
000060	4	person	494	372	532	503	0
000060	5	person	813	367	851	490	0
000060	6	car	260	393	382	445	0
000060	7	car	971	359	1123	411	0
000060	8	motorbike	1170	342	1208	426	0
000060	9	car	922	362	1060	428	0
000060	10	bus	724	347	809	414	0
000060	11	car	1103	343	1212	395	0
000060	17	car	624	387	768	442	0
000060	20	car	1238	319	1278	362	0
000060	21	person	457	369	493	483	0
000061	1	motorbike	72	380	106	448	1
000061	2	car	149	396	238	453	1
000061	4	person	496	372	535	503	0
000061	5	person	817	366	855	489	0
000061	6	car	267	394	383	445	0
000061	7	car	985	358	1137	410	0
000061	8	motorbike	1170	342	1208	426	0
000061	9	car	922	362	1060	428	0
000061	10	bus	724	348	808	414	0
000061	11	car	1102	343	1212	395	0
000061	17	car	609	387	753	442	0
000061	20	car	1238	319	1278	362	0
000061	21	person	461	369	497	483	0
000062	1	motorbike	77	380	111	448	1
000062	2	car	149	396	240	454	1
000062	4	person	499	372	539	503	0
000062	5	person	821	366	859	489	0
000062	6	car	275	394	384	446	0
000062	7	car	999	357	1151	409	0
000062	8	motorbike	1170	342	1208	426	0
000062	9	car	922	362	1060	428	0
000062	10	bus	724	349	807	414	0
000062	11	car	1102	343	1212	395	0
000062	17	car	594	387	738	442	0
000062	20	car	1238	319	1278	362	0
000062	21	person	464	369	500	484	0
000063	1	motorbike	82	381	116	449	1
000063	2	car	150	395	241	455	1
000063	4	person	501	372	542	503	0
000063	5	person	825	366	863	489	0
000063	6	car	282	394	385	447	0
000063	7	car	1009	355	1158	406	0
000063	8	motorbike	1170	342	1208	426	0
000063	9	car	922	362	1060	428	0
000063	10	bus	724	350	805	414	0
000063	11	car	1102	343	1212	395	0
000063	17	car	579	387	723	442	0
000063	20	car	1238	319	1278	362	0
000063	21	person	468	369	504	484	0
000064	1	motorbike	87	382	121	450	1
000064	2	car	150	395	243	456	1
000064	4	person	504	372	546	503	0
000064	5	person	829	366	867	489	0
000064	6	car	290	395	386	447	0
000064	7	car	1020	353	1166	404	0
000064	8	motorbike	1170	342	1208	426	0
000064	9	car	922	362	1060	428	0
000064	10	bus	724	351	804	414	0
000064	11	car	1102	343	1212	395	0
000064	17	car	564	387	708	442	0
000064	20	car	1238	319	1278	362	0
000064	21	person	471	369	507	484	0
000065	1	motorbike	92	382	126	450	1
000065	2	car	150	395	244	457	1
000065	4	person	506	372	549	503	0
000065	5	person	833	366	871	489	0
000065	6	car	297	395	387	448	0
000065	7	car	1031	351	1174	402	0
000065	8	motorbike	1170	342	1208	426	0
000065	9	car	922	362	1060	428	0
000065	10	bus	724	352	803	414	0
000065	11	car	1101	343	1212	395	0
000065	17	car	551	387	695	442	0
000065	20	car	1238	319	1278	362	0
000065	21	person	475	369	511	485	0
000066	1	motorbike	97	383	131	451	1
000066	2	car	151	395	246	458	1
000066	4	person	509	372	553	503	0
000066	5	person	837	366	875	489	0
000066	6	car	305	396	388	449	0
000066	7	car	1042	349	1182	400	0
000066	8	motorbike	1170	342	1208	426	0
000066	9	car	922	362	1060	428	0
000066	10	bus	724	353	802	414	0
000066	11	car	1101	343	1212	395	0
000066	12	car	235	384	306	434	0
000066	17	car	539	387	683	442	0
000066	20	car	1238	319	1279	362	0
000066	21	person	478	369	514	485	0
000067	1	motorbike	102	384	136	452	1
000067	2	car	151	394	247	458	1
000067	4	person	511	372	556	503	0
000067	5	person	841	366	879	489	0
000067	6	car	314	395	405	448	0
000067	7	car	1052	347	1190	398	0
000067	8	motorbike	1170	342	1208	426	0
000067	9	car	922	362	1060	428	0
000067	10	bus	724	354	800	414	0
000067	11	car	1101	343	1212	395	0
000067	12	car	228	386	310	434	0
000067	17	car	527	387	671	442	0
000067	20	car	1238	319	1279	362	0
000067	21	person	482	369	518	485	0
000068	1	motorbike	108	385	142	453	1
000068	2	car	151	394	248	459	1
000068	4	person	514	372	560	503	0
000068	5	person	844	365	882	488	0
000068	6	car	323	395	423	448	0
000068	7	car	1063	345	1198	396	0
000068	8	motorbike	1170	341	1208	425	0
000068	9	car	922	362	1060	428	0
000068	10	bus	724	355	799	414	0
000068	11	car	1100	343	1212	395	0
000068	12	car	222	388	314	434	0
000068	17	car	515	387	659	442	0
000068	20	car	1238	319	1279	362	0
000068	21	person	485	369	521	485	0
000069	1	motorbike	111	386	145	454	1
000069	2	car	151	394	250	460	1
000069	4	person	516	372	563	503	0
000069	5	person	848	365	886	488	0
000069	6	car	332	394	441	448	0
000069	7	car	1074	343	1206	394	0
000069	8	motorbike	1170	341	1208	425	0
000069	9	car	922	362	1060	428	0
000069	10	bus	724	356	798	414	0
000069	11	car	1100	343	1212	395	0
000069	17	car	503	387	647	442	0
000069	20	car	1238	319	1279	362	0
000069	21	person	489	369	524	486	0
000070	1	motorbike	114	387	148	455	1
000070	2	car	152	394	251	460	1
000070	4	person	519	372	567	503	0
000070	5	person	852	365	890	488	0
000070	6	car	341	394	458	448	0
000070	7	car	1085	341	1214	392	0
000070	8	motorbike	1170	341	1208	425	0
000070	9	car	922	362	1060	428	0
000070	10	bus	724	357	796	414	0
000070	11	car	1100	343	1212	395	0
000070	17	car	491	388	635	443	0
000070	20	car	1238	319	1279	362	0
000070	21	person	492	369	528	486	0
000071	1	motorbike	117	388	151	456	1
000071	2	car	152	394	252	461	1
000071	4	person	522	372	570	503	0
000071	5	person	856	365	894	488	0
000071	6	car	351	393	476	448	0
000071	7	car	1096	339	1222	390	0
000071	8	motorbike	1170	341	1208	425	0
000071	9	car	922	362	1060	428	0
000071	10	bus	724	358	795	414	0
000071	11	car	1100	343	1212	395	0
000071	17	car	479	388	623	443	0
000071	20	car	1238	319	1279	362	0
000071	21	person	496	369	531	486	0
000072	1	motorbike	120	389	154	457	1
000072	2	car	152	394	254	462	1
000072	4	person	524	372	574	503	0
000072	5	person	860	365	898	488	0
000072	6	car	360	393	494	448	0
000072	7	car	1104	338	1230	389	0
000072	8	motorbike	1170	341	1208	425	0
000072	9	car	922	362	1060	428	0
000072	10	bus	724	359	794	414	0
000072	11	car	1099	343	1212	395	0
000072	17	car	467	388	611	443	0
000072	20	car	1238	319	1279	362	0
000072	21	person	499	369	535	487	0
000073	1	motorbike	123	390	157	458	1
000073	2	car	152	394	255	462	1
000073	4	person	527	372	577	503	0
000073	5	person	864	365	902	488	0
000073	6	car	369	392	511	448	0
000073	7	car	1112	338	1238	389	0
000073	8	motorbike	1170	341	1208	425	0
000073	9	car	922	362	1060	428	0
000073	10	bus	724	360	793	414	0
000073	11	car	1099	343	1212	395	0
000073	17	car	455	388	599	443	0
000073	20	car	1238	319	1279	362	0
000073	21	person	503	369	538	487	0
000074	1	motorbike	126	391	160	459	1
000074	2	car	153	394	256	463	1
000074	4	person	529	372	581	503	0
000074	5	person	868	364	906	487	0
000074	6	car	378	392	529	448	0
000074	7	car	1121	337	1247	388	0
000074	8	motorbike	1170	341	1208	425	0
000074	9	car	922	362	1060	428	0
000074	10	bus	725	360	791	413	0
000074	11	car	1099	343	1212	395	0
000074	17	car	443	388	587	443	0
000074	18	car	786	377	884	430	0
000074	20	car	1238	319	1279	362	0
000074	21	person	506	369	542	487	0
000075	1	motorbike	130	392	164	460	1
000075	2	car	153	394	258	464	1
000075	4	person	532	372	584	503	0
000075	5	person	872	364	910	487	0
000075	6	car	387	391	547	448	0
000075	7	car	1129	337	1255	388	0
000075	8	motorbike	1170	341	1208	425	0
000075	9	car	922	362	1060	428	0
000075	10	bus	726	360	790	413	0
000075	11	car	1098	343	1212	395	0
000075	17	car	431	388	575	443	0
000075	18	car	777	377	875	430	0
000075	20	car	1238	319	1279	362	0
000075	21	person	510	369	545	487	0
000076	1	motorbike	132	392	166	459	1
000076	2	car	153	394	259	464	1
000076	4	person	534	372	588	504	0
000076	5	person	876	364	914	487	0
000076	6	car	397	391	564	448	0
000076	7	car	1137	336	1263	387	0
000076	8	motorbike	1170	341	1208	425	0
000076	9	car	922	362	1060	428	0
000076	10	bus	728	360	788	413	0
000076	11	car	1098	343	1212	395	0
000076	18	car	768	377	866	430	0
000076	20	car	1238	319	1279	362	0
000076	21	person	513	369	549	488	0
000077	1	motorbike	135	392	168	459	1
000077	2	car	153	394	260	465	1
000077	4	person	537	372	591	504	0
000077	5	person	880	364	918	487	0
000077	6	car	406	390	582	448	0
000077	7	car	1146	336	1272	387	0
000077	8	motorbike	1170	341	1208	425	0
000077	9	car	922	362	1060	428	0
000077	10	bus	729	360	787	413	0
000077	11	car	1098	343	1212	395	0
000077	18	car	759	378	857	431	0
000077	21	person	517	369	552	488	0
000078	1	motorbike	137	392	170	458	1
000078	2	car	154	394	262	466	1
000078	4	person	539	372	595	504	0
000078	5	person	884	364	922	487	0
000078	6	car	415	390	600	448	0
000078	7	car	1156	333	1272	384	0
000078	8	motorbike	1170	341	1208	425	0
000078	9	car	922	362	1060	428	0
000078	10	bus	730	360	785	412	0
000078	11	car	1098	343	1212	395	0
000078	18	car	750	378	848	431	0
000078	21	person	520	369	556	488	0
000079	1	motorbike	140	392	172	458	1
000079	2	car	154	394	263	466	1
000079	4	person	542	372	598	504	0
000079	5	person	888	364	926	487	0
000079	6	car	424	389	617	448	0
000079	7	car	1166	331	1273	382	0
000079	8	motorbike	1170	341	1208	425	0
000079	9	car	922	362	1060	428	0
000079	10	bus	732	360	784	412	0
000079	11	car	1098	343	1212	395	0
000079	18	car	741	379	839	432	0
000079	21	person	524	369	559	489	0
000080	1	motorbike	143	392	175	458	1
000080	2	car	154	394	264	467	1
000080	4	person	544	372	602	504	0
000080	5	person	892	364	930	487	0
000080	6	car	433	389	635	448	0
000080	7	car	1176	329	1274	380	0
000080	8	motorbike	1170	341	1208	425	0
000080	9	car	922	362	1060	428	0
000080	10	bus	733	360	782	412	0
000080	11	car	1098	343	1212	395	0
000080	18	car	732	379	830	432	0
000080	21	person	527	368	562	489	0
000081	1	motorbike	142	394	174	460	1
000081	2	car	155	394	266	468	1
000081	4	person	547	372	605	504	0
000081	5	person	896	363	934	486	0
000081	7	car	1186	327	1275	378	0
000081	8	motorbike	1170	341	1208	425	0
000081	9	car	922	362	1060	428	0
000081	10	bus	734	360	781	412	0
000081	11	car	1098	343	1212	395	0
000081	18	car	723	380	821	433	0
000081	21	person	530	368	566	489	0
000082	1	motorbike	142	396	174	462	1
000082	2	car	155	393	266	469	1
000082	4	person	550	372	609	504	0
000082	5	person	900	363	938	486	0
000082	7	car	1196	325	1276	376	0
000082	8	motorbike	1170	341	1208	425	0
000082	9	car	922	362	1060	428	0
000082	10	bus	736	360	780	412	0
000082	11	car	1098	343	1212	395	0
000082	18	car	714	380	812	433	0
000082	21	person	534	368	569	489	0
000083	1	motorbike	141	398	173	464	1
000083	2	car	155	393	266	471	1
000083	4	person	552	372	612	504	0
000083	5	person	904	363	942	486	0
000083	7	car	1206	323	1277	374	0
000083	8	motorbike	1170	341	1208	425	0
000083	9	car	922	362	1060	428	0
000083	10	bus	735	360	779	411	0
000083	11	car	1098	343	1212	395	0
000083	18	car	706	381	804	434	0
000083	21	person	537	368	573	490	0
000083	22	car	74	348	163	399	0
000083	23	car	19	362	81	418	0
000084	1	motorbike	141	400	173	466	1
000084	2	car	155	393	266	473	1
000084	4	person	555	372	616	504	0
000084	5	person	907	363	945	486	0
000084	7	car	1216	321	1278	372	0
000084	8	motorbike	1170	341	1208	425	0
000084	9	car	922	362	1060	428	0
000084	10	bus	734	360	778	410	0
000084	11	car	1098	343	1212	395	0
000084	18	car	698	382	796	435	0
000084	21	person	541	368	576	490	0
000084	22	car	74	348	163	399	0
000084	23	car	19	362	82	418	0
000085	1	motorbike	141	402	173	468	1
000085	2	car	156	393	266	475	1
000085	4	person	557	372	619	504	0
000085	5	person	911	363	949	486	0
000085	7	car	1227	319	1279	370	0
000085	8	motorbike	1170	341	1208	425	0
000085	9	car	922	362	1060	428	0
000085	10	bus	734	360	777	409	0
000085	11	car	1098	343	1212	395	0
000085	18	car	690	383	788	436	0
000085	21	person	544	368	580	490	0
000085	22	car	74	348	163	399	0
000085	23	car	19	363	83	419	0
000086	1	motorbike	140	404	172	470	1
000086	2	car	156	393	266	477	1
000086	4	person	560	372	623	504	0
000086	5	person	915	363	953	486	0
000086	7	car	1234	318	1279	369	0
000086	8	motorbike	1170	341	1208	425	0
000086	9	car	922	362	1060	428	0
000086	10	bus	733	361	777	408	0
000086	11	car	1098	343	1212	395	0
000086	18	car	682	384	780	437	0
000086	21	person	548	368	583	491	0
000086	22	car	74	348	163	399	0
000086	23	car	19	363	85	419	0
000087	1	motorbike	140	407	172	473	1
000087	2	car	156	393	266	479	1
000087	4	person	562	372	626	504	0
000087	5	person	919	362	957	485	0
000087	6	car	621	385	732	446	0
000087	7	car	1241	317	1279	368	0
000087	8	motorbike	1170	341	1208	425	0
000087	9	car	922	362	1060	428	0
000087	10	bus	732	361	776	407	0
000087	11	car	1098	343	1212	395	0
000087	21	person	551	368	587	491	0
000087	22	car	74	348	163	399	0
000087	23	car	19	364	86	420	0
000088	1	motorbike	140	409	172	475	1
000088	2	car	156	393	266	481	1
000088	4	person	565	372	630	504	0
000088	5	person	923	362	961	485	0
000088	6	car	623	384	745	446	0
000088	7	car	1248	316	1279	367	0
000088	8	motorbike	1170	341	1208	425	0
000088	9	car	922	362	1060	428	0
000088	10	bus	732	361	775	407	0
000088	11	car	1098	343	1212	395	0
000088	21	person	555	368	590	491	0
000088	22	car	74	348	163	399	0
000088	23	car	20	364	87	420	0
000089	1	motorbike	139	411	171	477	1
000089	2	car	157	393	267	483	1
000089	4	person	567	372	633	504	0
000089	5	person	927	362	965	485	0
000089	6	car	626	384	758	446	0
000089	8	motorbike	1170	341	1208	425	0
000089	9	car	922	362	1060	428	0
000089	10	bus	731	361	774	406	0
000089	11	car	1098	343	1212	395	0
000089	21	person	558	368	594	491	0
000089	22	car	74	348	163	399	0
000089	23	car	20	365	89	421	0
000090	1	motorbike	139	413	171	479	1
000090	2	car	157	393	267	483	1
000090	4	person	570	372	637	504	0
000090	5	person	931	362	969	485	0
000090	6	car	629	383	771	446	0
000090	8	motorbike	1170	341	1208	425	0
000090	9	car	922	362	1060	428	0
000090	10	bus	730	362	774	405	0
000090	11	car	1098	343	1212	395	0
000090	21	person	562	368	597	492	0
000090	22	car	74	348	163	399	0
000090	23	car	20	366	90	421	0
000091	1	motorbike	139	415	171	481	1
000091	2	car	157	393	267	483	1
000091	4	person	572	372	640	504	0
000091	5	person	935	362	973	485	0
000091	6	car	632	383	784	446	0
000091	8	motorbike	1170	341	1208	425	0
000091	9	car	922	362	1060	428	0
000091	10	bus	730	362	773	404	0
000091	11	car	1098	343	1212	395	0
000091	21	person	565	368	600	492	0
000091	22	car	74	348	163	399	0
000091	23	car	20	366	91	422	0
000092	1	motorbike	138	417	170	483	1
000092	2	car	158	393	267	483	1
000092	4	person	575	372	644	504	0
000092	5	person	939	362	977	485	0
000092	6	car	635	382	798	446	0
000092	8	motorbike	1170	341	1208	425	0
000092	9	car	922	362	1060	428	0
000092	10	bus	729	362	772	403	0
000092	11	car	1098	343	1212	395	0
000092	20	car	1238	319	1279	362	0
000092	21	person	569	368	604	492	0
000092	22	car	74	348	163	399	0
000092	23	car	21	367	93	422	0
000093	1	motorbike	138	419	170	485	1
000093	2	car	158	393	268	483	1
000093	4	person	578	373	648	505	0
000093	5	person	943	362	981	485	0
000093	6	car	638	382	811	446	0
000093	8	motorbike	1170	341	1208	425	0
000093	9	car	922	362	1060	428	0
000093	10	bus	728	363	772	402	0
000093	11	car	1098	343	1212	395	0
000093	13	motorbike	251	388	327	454	0
000093	20	car	1237	319	1278	362	0
000093	21	person	572	368	607	493	0
000093	22	car	74	348	163	399	0
000093	23	car	21	367	94	423	0
000094	1	motorbike	138	422	170	488	1
000094	2	car	158	393	268	483	1
000094	4	person	586	372	652	503	0
000094	5	person	947	361	985	484	0
000094	6	car	641	381	824	446	0
000094	8	motorbike	1170	341	1208	425	0
000094	9	car	922	362	1060	428	0
000094	10	bus	728	363	771	402	0
000094	11	car	1098	343	1212	395	0
000094	13	motorbike	258	389	334	455	0
000094	20	car	1236	320	1278	363	0
000094	21	person	576	368	611	493	0
000094	22	car	74	348	163	399	0
000094	23	car	21	368	95	423	0
000095	1	motorbike	137	426	172	487	1
000095	2	car	159	393	268	483	1
000095	4	person	595	371	657	502	0
000095	5	person	951	361	989	484	0
000095	6	car	644	381	837	446	0
000095	8	motorbike	1170	341	1208	425	0
000095	9	car	922	362	1060	428	0
000095	10	bus	727	363	770	401	0
000095	11	car	1098	343	1212	395	0
000095	13	motorbike	265	390	341	456	0
000095	20	car	1235	320	1278	363	0
000095	21	person	579	368	614	493	0
000095	22	car	74	348	163	399	0
000095	23	car	21	369	97	424	0
000096	1	motorbike	137	430	175	487	1
000096	2	car	159	393	268	483	1
000096	4	person	603	370	662	501	0
000096	5	person	955	361	993	484	0
000096	6	car	647	381	851	447	0
000096	8	motorbike	1170	341	1208	425	0
000096	9	car	922	362	1060	428	0
000096	10	bus	726	363	769	400	0
000096	11	car	1098	343	1212	395	0
000096	13	motorbike	273	391	349	457	0
000096	20	car	1234	321	1278	364	0
000096	21	person	583	368	618	493	0
000096	22	car	74	348	163	399	0
000096	23	car	22	369	98	424	0
000097	1	motorbike	137	435	178	487	1
000097	2	car	159	393	269	483	1
000097	4	person	612	369	667	500	0
000097	5	person	959	361	997	484	0
000097	6	car	660	380	864	447	0
000097	8	motorbike	1170	341	1208	425	0
000097	9	car	922	362	1060	428	0
000097	10	bus	726	364	769	399	0
000097	11	car	1098	343	1212	395	0
000097	13	motorbike	280	392	356	458	0
000097	20	car	1233	322	1277	364	0
000097	21	person	586	368	621	494	0
000097	22	car	74	348	163	399	0
000097	23	car	22	370	99	425	0
000098	1	motorbike	137	439	181	487	1
000098	2	car	160	393	269	483	1
000098	4	person	620	368	672	499	0
000098	5	person	963	361	1001	484	0
000098	6	car	674	380	877	447	0
000098	8	motorbike	1170	341	1208	425	0
000098	9	car	922	362	1060	428	0
000098	10	bus	725	364	768	398	0
000098	11	car	1098	343	1212	395	0
000098	13	motorbike	288	393	364	459	0
000098	20	car	1232	322	1277	365	0
000098	21	person	590	368	625	494	0
000098	22	car	74	348	163	399	0
000098	23	car	22	370	101	425	0
000099	1	motorbike	137	443	184	487	1
000099	2	car	160	393	269	483	1
000099	4	person	629	367	677	498	0
000099	5	person	967	361	1005	484	0
000099	6	car	688	380	890	447	0
000099	8	motorbike	1170	341	1208	425	0
000099	9	car	922	362	1060	428	0
000099	10	bus	724	364	767	397	0
000099	11	car	1098	343	1212	395	0
000099	13	motorbike	295	394	371	460	0
000099	20	car	1231	323	1277	365	0
000099	21	person	593	368	628	494	0
000099	22	car	74	348	163	399	0
000099	23	car	22	371	102	426	0
000100	1	motorbike	137	448	187	487	1
000100	2	car	161	393	270	483	1
000100	4	person	638	367	682	497	0
000100	5	person	971	361	1009	484	0
000100	6	car	702	380	904	447	0
000100	8	motorbike	1170	341	1208	425	0
000100	9	car	922	362	1060	428	0
000100	10	bus	724	365	767	397	0
000100	11	car	1098	343	1212	395	0
000100	13	motorbike	303	395	379	461	0
000100	19	car	1211	315	1279	371	0
000100	20	car	1231	324	1277	366	0
000100	21	person	597	368	632	495	0
000100	22	car	74	348	163	399	0
000100	23	car	23	372	104	427	0
