000001	1	car	473	260	682	457	0
000001	2	car	330	282	393	345	0
000001	3	car	251	294	324	338	0
000002	1	car	468	259	677	456	0
000002	2	car	325	281	388	344	0
000002	3	car	242	293	316	338	0
000003	1	car	463	258	672	455	0
000003	2	car	321	280	384	343	0
000003	3	car	233	293	308	339	0
000004	1	car	458	258	667	455	0
000004	2	car	317	280	380	343	0
000004	3	car	224	293	301	340	0
000005	1	car	453	257	662	454	0
000005	2	car	312	279	375	342	0
000005	3	car	216	292	293	341	0
000006	1	car	448	257	657	454	0
000006	2	car	308	279	371	342	0
000006	3	car	207	292	286	341	0
000007	1	car	443	256	652	453	0
000007	2	car	304	278	367	341	0
000007	3	car	198	292	278	342	0
000008	1	car	438	256	647	453	0
000008	2	car	300	278	363	341	0
000008	3	car	190	292	271	343	0
000009	1	car	433	255	642	452	0
000009	2	car	295	277	358	340	0
000009	3	car	181	291	263	344	0
000010	1	car	428	254	637	451	0
000010	2	car	291	276	354	339	0
000010	3	car	172	291	255	345	0
000011	1	car	423	254	632	451	0
000011	2	car	287	276	350	339	0
000011	3	car	163	291	248	345	0
000012	1	car	418	253	627	450	0
000012	2	car	282	275	345	338	0
000012	3	car	155	290	240	346	0
000012	7	motorbike	1198	279	1273	451	1
000013	1	car	413	253	622	450	0
000013	2	car	278	275	341	338	0
000013	3	car	146	290	233	347	0
000013	7	motorbike	1188	279	1262	449	1
000014	1	car	408	252	617	449	0
000014	2	car	274	274	337	337	0
000014	3	car	137	290	225	348	0
000014	7	motorbike	1178	279	1252	448	1
000015	1	car	404	252	613	449	0
000015	2	car	270	274	333	337	0
000015	7	motorbike	1168	279	1241	446	1
000016	1	car	400	251	609	448	0
000016	2	car	261	273	330	340	0
000016	7	motorbike	1158	279	1231	445	1
000017	1	car	396	250	605	447	0
000017	2	car	253	272	327	343	0
000017	7	motorbike	1148	280	1220	444	1
000018	1	car	393	249	602	446	0
000018	2	car	245	271	325	346	0
000018	7	motorbike	1138	280	1210	442	1
000019	1	car	389	248	598	445	0
000019	2	car	237	270	322	349	0
000019	7	motorbike	1128	280	1200	441	1
000020	1	car	385	247	594	444	0
000020	2	car	229	269	319	352	0
000020	7	motorbike	1118	280	1189	440	1
000021	1	car	382	246	591	443	0
000021	2	car	221	268	317	355	0
000021	7	motorbike	1108	280	1179	438	1
000022	1	car	378	245	587	442	0
000022	2	car	213	267	314	358	0
000022	7	motorbike	1099	281	1168	437	1
000023	1	car	375	244	584	441	0
000023	2	car	205	267	312	361	0
000023	7	motorbike	1089	281	1158	436	1
000024	1	car	371	244	580	441	0
000024	2	car	194	268	307	362	0
000024	5	car	100	287	161	347	0
000024	7	motorbike	1079	281	1147	434	1
000025	1	car	367	244	576	441	0
000025	2	car	184	270	302	364	0
000025	5	car	80	288	152	347	0
000025	7	motorbike	1069	281	1137	433	1
000026	1	car	363	244	572	441	0
000026	2	car	173	272	297	365	0
000026	5	car	60	289	143	348	0
000026	7	motorbike	1059	282	1127	432	1
000027	1	car	359	244	568	441	0
000027	2	car	163	273	292	367	0
000027	5	car	40	290	135	349	0
000027	7	motorbike	1049	282	1116	430	1
000028	1	car	355	244	564	441	0
000028	2	car	152	275	287	368	0
000028	5	car	20	291	126	350	0
000028	7	motorbike	1039	282	1106	429	1
000029	1	car	351	245	560	442	0
000029	2	car	142	277	283	370	0
000029	7	motorbike	1029	282	1095	427	1
000030	1	car	346	245	555	442	0
000030	2	car	129	274	274	372	0
000030	7	motorbike	1019	282	1085	426	1
000031	1	car	342	245	551	442	0
000031	2	car	117	272	266	375	0
000031	7	motorbike	1010	283	1074	425	1
000032	1	car	338	245	547	442	0
000032	2	car	105	269	257	377	0
000032	7	motorbike	1000	283	1064	423	1
000033	1	car	334	245	543	442	0
000033	2	car	93	267	249	380	0
000033	7	motorbike	990	283	1054	422	1
000034	1	car	330	245	539	442	0
000034	2	car	81	265	241	382	0
000034	7	motorbike	980	283	1043	421	1
000035	1	car	325	245	534	442	0
000035	2	car	68	262	232	385	0
000035	7	motorbike	970	283	1033	419	1
000036	1	car	321	245	530	442	0
000036	2	car	56	260	224	387	0
000036	7	motorbike	960	284	1022	418	1
000037	1	car	317	245	526	442	0
000037	2	car	44	257	215	390	0
000037	7	motorbike	950	284	1012	417	1
000038	1	car	313	245	522	442	0
000038	2	car	32	255	207	392	0
000038	7	motorbike	940	284	1001	415	1
000039	1	car	309	246	518	443	0
000039	7	motorbike	930	284	991	414	1
000040	1	car	304	246	513	443	0
000040	7	motorbike	921	285	981	413	1
000041	1	car	299	246	508	443	0
000041	7	motorbike	915	285	975	411	1
000042	1	car	294	246	503	443	0
000042	7	motorbike	910	285	969	410	1
000043	1	car	289	246	498	443	0
000043	7	motorbike	905	285	963	408	1
000043	8	car	225	295	294	328	0
000044	1	car	285	246	494	443	0
000044	7	motorbike	900	285	958	407	1
000044	8	car	216	293	287	328	0
000045	1	car	280	246	489	443	0
000045	7	motorbike	894	285	952	405	1
000045	8	car	207	292	280	329	0
000046	1	car	275	247	484	444	0
000046	7	motorbike	889	285	946	404	1
000046	8	car	198	291	274	329	0
000047	1	car	270	247	479	444	0
000047	7	motorbike	884	285	941	402	1
000047	8	car	189	290	267	330	0
000048	1	car	266	247	475	444	0
000048	7	motorbike	879	285	935	401	1
000048	8	car	181	289	260	331	0
000049	1	car	261	247	470	444	0
000049	7	motorbike	873	286	929	399	1
000049	8	car	172	288	254	331	0
000050	1	car	256	247	465	444	0
000050	7	motorbike	868	286	923	398	1
000050	8	car	163	287	247	332	0
000051	1	car	251	247	460	444	0
000051	7	motorbike	863	286	918	396	1
000051	8	car	154	286	241	332	0
000052	1	car	247	248	456	445	0
000052	6	car	450	281	599	343	1
000052	7	motorbike	858	286	912	395	1
000052	8	car	145	285	234	333	0
000053	1	car	244	247	453	443	0
000053	6	car	455	280	608	343	1
000053	7	motorbike	852	286	906	393	1
000053	8	car	137	284	227	334	0
000054	1	car	242	247	451	441	0
000054	6	car	460	280	617	344	1
000054	7	motorbike	847	286	901	392	1
000054	8	car	128	283	221	334	0
000055	1	car	240	247	449	439	0
000055	6	car	465	279	626	344	1
000055	7	motorbike	842	286	895	390	1
000055	8	car	119	282	214	335	0
000056	1	car	238	247	447	437	0
000056	6	car	471	279	636	345	1
000056	7	motorbike	837	286	889	389	1
000056	8	car	110	281	208	335	0
000057	1	car	236	247	445	435	0
000057	6	car	476	278	645	346	1
000057	7	motorbike	832	287	884	388	1
000057	8	car	102	280	201	336	0
000058	1	car	234	247	443	434	0
000058	6	car	481	278	654	346	1
000058	7	motorbike	829	290	879	388	1
000058	8	car	93	279	194	337	0
000059	1	car	232	247	441	432	0
000059	6	car	487	277	664	347	1
000059	7	motorbike	826	294	874	389	1
000059	8	car	84	278	188	337	0
000060	1	car	230	247	438	430	0
000060	6	car	492	277	673	348	1
000060	7	motorbike	823	298	869	389	1
000060	8	car	75	277	181	338	0
000061	1	car	228	247	436	428	0
000061	6	car	497	276	682	348	1
000061	7	motorbike	820	302	864	390	1
000061	8	car	66	276	175	338	0
000062	1	car	226	247	434	426	0
000062	6	car	502	276	691	349	1
000062	7	motorbike	818	306	859	391	1
000062	8	car	58	275	168	339	0
000063	1	car	223	247	432	425	0
000063	6	car	508	275	701	350	1
000063	7	motorbike	816	304	857	388	1
000063	8	car	49	274	161	340	0
000064	1	car	221	247	430	423	0
000064	6	car	513	275	710	350	1
000064	7	motorbike	815	303	856	386	1
000064	8	car	40	273	155	340	0
000065	1	car	219	247	428	421	0
000065	6	car	518	274	719	351	1
000065	7	motorbike	814	302	855	384	1
000065	8	car	31	272	148	341	0
000066	1	car	217	247	426	419	0
000066	6	car	524	274	729	352	1
000066	7	motorbike	812	301	854	382	1
000067	1	car	215	247	423	417	0
000067	6	car	529	273	738	352	1
000067	7	motorbike	811	300	853	380	1
000068	1	car	213	247	421	416	0
000068	6	car	534	273	747	353	1
000068	7	motorbike	810	299	852	378	1
000069	1	car	211	247	419	414	0
000069	6	car	540	273	757	354	1
000069	7	motorbike	808	297	851	376	1
000070	1	car	209	247	417	412	0
000070	6	car	543	272	769	358	1
000070	7	motorbike	807	296	850	374	1
000071	1	car	207	247	415	410	0
000071	6	car	547	271	782	362	1
000071	7	motorbike	806	295	849	372	1
000072	1	car	205	247	413	408	0
000072	6	car	550	270	795	366	1
000072	7	motorbike	804	294	848	370	1
000073	1	car	203	247	411	407	0
000073	6	car	554	269	807	371	1
000073	7	motorbike	803	293	847	368	1
000074	1	car	203	247	411	407	0
000074	6	car	557	268	820	375	1
000075	1	car	203	247	411	407	0
000075	6	car	561	267	833	379	1
000076	1	car	203	247	411	407	0
000076	6	car	564	266	845	384	1
000077	1	car	203	247	411	407	0
000077	6	car	568	266	858	388	1
000078	1	car	203	247	411	407	0
000078	6	car	572	265	871	392	1
000079	1	car	203	247	411	407	0
000079	6	car	575	264	883	397	1
000080	1	car	203	247	411	407	0
000080	6	car	579	263	896	401	1
000081	1	car	203	247	411	407	0
000081	6	car	582	262	909	405	1
000082	1	car	203	247	411	407	0
000082	6	car	586	261	921	410	1
000083	1	car	203	247	411	407	0
000083	6	car	589	260	934	414	1
000084	1	car	203	247	411	407	0
000084	6	car	593	259	947	418	1
000085	1	car	203	247	411	407	0
000085	6	car	597	259	960	423	1
000086	1	car	203	247	411	407	0
000086	6	car	610	258	980	425	1
000087	1	car	203	247	411	407	0
000087	6	car	624	258	1000	428	1
000088	1	car	203	247	411	407	0
000088	6	car	638	258	1021	431	1
000089	1	car	203	247	411	407	0
000089	6	car	652	258	1041	434	1
000090	1	car	203	247	411	407	0
000090	6	car	666	258	1062	437	1
000091	1	car	203	247	411	407	0
000091	6	car	680	257	1082	440	1
000092	1	car	203	247	411	407	0
000092	6	car	694	257	1103	443	1
000093	1	car	203	247	411	407	0
000093	6	car	708	257	1123	445	1
000094	1	car	203	247	411	407	0
000094	6	car	722	257	1144	448	1
000095	1	car	203	247	411	407	0
000095	6	car	736	257	1164	451	1
000096	1	car	203	247	411	407	0
000096	6	car	750	256	1185	454	1
000097	1	car	203	247	411	407	0
000097	6	car	764	256	1205	457	1
000098	1	car	203	247	411	407	0
000098	6	car	778	256	1226	460	1
000099	1	car	203	247	411	407	0
000099	6	car	792	256	1246	463	1
000100	1	car	203	247	411	407	0
000100	6	car	806	256	1267	466	1
