000001	1	car	511	398	652	521	1
000001	2	motorbike	793	467	874	570	0
000001	3	person	789	383	879	534	0
000001	4	motorbike	1	429	147	608	1
000001	6	person	747	400	795	489	1
000001	7	motorbike	747	452	799	525	0
000001	9	motorbike	1140	400	1278	604	0
000001	14	car	214	405	279	435	0
000002	1	car	511	397	652	520	1
000002	2	motorbike	791	466	871	568	0
000002	3	person	786	383	875	533	0
000002	4	motorbike	2	430	160	608	1
000002	6	person	745	399	793	487	1
000002	7	motorbike	745	451	797	523	0
000002	9	motorbike	1140	400	1278	604	0
000002	14	car	211	404	276	434	0
000003	1	car	511	396	652	519	1
000003	2	motorbike	790	466	869	567	0
000003	3	person	784	384	872	532	0
000003	4	motorbike	4	431	173	608	1
000003	6	person	744	398	792	485	1
000003	7	motorbike	744	450	795	522	0
000003	9	motorbike	1140	400	1278	604	0
000003	14	car	209	404	274	434	0
000004	1	car	511	395	652	518	1
000004	2	motorbike	788	465	867	565	0
000004	3	person	782	385	869	531	0
000004	4	motorbike	5	432	186	609	1
000004	6	person	743	398	791	483	1
000004	7	motorbike	743	449	794	520	0
000004	9	motorbike	1125	403	1277	603	0
000004	14	car	207	404	272	434	0
000005	1	car	511	394	652	517	1
000005	2	motorbike	787	465	864	564	0
000005	3	person	780	386	866	530	0
000005	4	motorbike	7	433	200	609	1
000005	6	person	742	397	790	482	1
000005	7	motorbike	742	448	792	519	0
000005	9	motorbike	1111	406	1277	602	0
000005	14	car	205	404	270	434	0
000006	1	car	511	394	652	517	1
000006	2	motorbike	785	464	862	562	0
000006	3	person	777	386	863	529	0
000006	4	motorbike	8	434	213	609	1
000006	6	person	741	397	789	480	1
000006	7	motorbike	741	447	791	518	0
000006	9	motorbike	1096	409	1276	602	0
000006	14	car	202	404	267	434	0
000007	1	car	511	393	652	516	1
000007	2	motorbike	784	464	860	561	0
000007	3	person	775	387	860	528	0
000007	4	motorbike	10	435	226	610	1
000007	5	person	11	323	175	609	1
000007	6	person	740	396	787	478	1
000007	7	motorbike	739	447	789	516	0
000007	8	person	1128	322	1268	602	0
000007	9	motorbike	1082	412	1276	601	0
000007	14	car	200	404	265	434	0
000008	1	car	511	392	652	515	1
000008	2	motorbike	782	463	857	559	0
000008	3	person	773	388	857	527	0
000008	4	motorbike	11	436	239	610	1
000008	5	person	26	325	188	608	1
000008	6	person	739	396	786	476	1
000008	7	motorbike	738	446	787	515	0
000008	8	person	1112	325	1250	600	0
000008	9	motorbike	1068	415	1276	601	0
000008	14	car	198	404	263	434	0
000009	1	car	511	391	652	514	1
000009	2	motorbike	781	463	855	558	0
000009	3	person	771	389	854	526	0
000009	4	motorbike	13	437	253	611	1
000009	5	person	42	327	202	607	1
000009	6	person	737	395	785	475	1
000009	7	motorbike	737	445	786	514	0
000009	8	person	1096	329	1233	599	0
000009	9	motorbike	1053	418	1258	600	0
000009	14	car	196	404	261	434	0
000010	1	car	511	391	652	514	1
000010	2	motorbike	780	462	853	557	0
000010	3	person	768	389	851	525	0
000010	4	motorbike	32	438	266	611	1
000010	5	person	58	329	216	606	1
000010	6	person	736	395	784	473	1
000010	7	motorbike	736	444	784	512	0
000010	8	person	1080	333	1216	598	0
000010	9	motorbike	1039	421	1241	600	0
000010	14	car	193	404	258	434	0
000011	1	car	511	390	652	513	1
000011	2	motorbike	778	462	850	555	0
000011	3	person	766	390	848	524	0
000011	4	motorbike	51	439	279	612	1
000011	5	person	74	331	230	605	1
000011	6	person	735	394	783	471	1
000011	7	motorbike	735	443	783	511	0
000011	8	person	1065	337	1199	597	0
000011	9	motorbike	1025	424	1223	600	0
000011	14	car	191	404	256	434	0
000012	1	car	511	389	652	512	1
000012	2	motorbike	777	461	848	554	0
000012	3	person	764	391	845	523	0
000012	4	motorbike	70	440	292	613	1
000012	5	person	90	333	243	604	1
000012	6	person	734	394	781	469	1
000012	7	motorbike	734	442	781	510	0
000012	8	person	1052	339	1184	594	0
000012	9	motorbike	1011	427	1206	600	0
000012	14	car	189	404	254	434	0
000013	1	car	511	388	652	511	1
000013	2	motorbike	775	461	846	552	0
000013	3	person	762	392	842	522	0
000013	4	motorbike	89	441	305	614	1
000013	5	person	106	335	257	603	1
000013	6	person	733	393	780	468	1
000013	7	motorbike	732	442	779	508	0
000013	8	person	1039	342	1169	592	0
000013	9	motorbike	997	430	1188	600	0
000013	14	car	187	404	252	434	0
000014	1	car	511	388	652	511	1
000014	2	motorbike	774	460	844	551	0
000014	3	person	761	391	840	520	0
000014	4	motorbike	109	443	319	614	1
000014	5	person	122	338	271	603	1
000014	6	person	732	393	779	466	1
000014	7	motorbike	731	441	778	507	0
000014	8	person	1026	345	1155	590	0
000014	9	motorbike	983	434	1171	600	0
000015	1	car	511	387	652	510	1
000015	2	motorbike	772	460	841	549	0
000015	3	person	761	390	838	518	0
000015	4	motorbike	128	444	332	615	1
000015	5	person	138	340	285	602	1
000015	6	person	731	392	778	464	1
000015	7	motorbike	730	440	776	506	0
000015	8	person	1013	348	1140	588	0
000015	9	motorbike	968	437	1152	600	0
000016	1	car	511	386	652	509	1
000016	2	motorbike	771	459	839	548	0
000016	3	person	760	390	836	516	0
000016	4	motorbike	147	445	345	616	1
000016	5	person	154	342	298	601	1
000016	6	person	730	392	777	463	1
000016	7	motorbike	729	439	775	504	0
000016	8	person	1000	350	1125	586	0
000016	9	motorbike	954	440	1134	600	0
000017	1	car	511	385	652	508	1
000017	2	motorbike	770	459	837	547	0
000017	3	person	760	389	834	515	0
000017	4	motorbike	166	446	358	617	1
000017	5	person	170	344	312	600	1
000017	6	person	730	390	776	461	1
000017	7	motorbike	728	438	773	503	0
000017	8	person	987	353	1111	584	0
000017	9	motorbike	940	443	1116	600	0
000018	1	car	511	385	652	508	1
000018	2	motorbike	768	458	834	545	0
000018	3	person	759	388	833	513	0
000018	4	motorbike	186	448	372	618	1
000018	5	person	186	346	326	599	1
000018	6	person	730	389	776	459	1
000018	7	motorbike	727	438	772	502	0
000018	8	person	974	356	1096	582	0
000018	9	motorbike	926	447	1098	601	0
000018	14	car	179	404	244	434	0
000019	1	car	511	384	652	507	1
000019	2	motorbike	767	458	832	544	0
000019	3	person	759	388	831	511	0
000019	4	motorbike	199	447	380	617	1
000019	5	person	202	348	340	598	1
000019	6	person	730	388	775	457	1
000019	7	motorbike	727	437	772	500	0
000019	8	person	961	359	1081	579	0
000019	9	motorbike	920	446	1088	599	0
000019	14	car	176	403	241	433	0
000020	1	car	511	383	652	506	1
000020	2	motorbike	765	457	830	542	0
000020	3	person	758	387	829	510	0
000020	4	motorbike	213	447	388	617	1
000020	5	person	218	350	353	597	1
000020	6	person	730	386	775	456	1
000020	7	motorbike	727	436	772	498	0
000020	8	person	948	362	1067	577	0
000020	9	motorbike	915	445	1079	597	0
000020	14	car	174	403	239	433	0
000021	1	car	511	382	652	505	1
000021	2	motorbike	764	457	827	541	0
000021	3	person	758	387	827	508	0
000021	4	motorbike	227	447	397	616	1
000021	5	person	234	353	367	597	1
000021	6	person	730	385	775	454	1
000021	7	motorbike	727	435	772	497	0
000021	8	person	935	364	1052	575	0
000021	9	motorbike	909	445	1070	596	0
000021	14	car	172	403	237	433	0
000022	1	car	511	382	652	505	1
000022	2	motorbike	762	456	825	539	0
000022	3	person	757	386	826	506	0
000022	4	motorbike	240	446	405	616	1
000022	5	person	250	355	381	596	1
000022	6	person	730	384	774	452	1
000022	7	motorbike	727	434	772	495	0
000022	8	person	922	367	1037	573	0
000022	9	motorbike	904	444	1061	594	0
000022	14	car	170	403	235	433	0
000023	1	car	511	381	652	503	1
000023	2	motorbike	761	456	823	538	0
000023	3	person	757	385	824	505	0
000023	4	motorbike	254	446	414	615	1
000023	5	person	266	357	395	595	1
000023	6	person	731	382	774	451	1
000023	7	motorbike	728	434	772	494	0
000023	8	person	909	370	1023	571	0
000023	9	motorbike	898	443	1052	593	0
000023	14	car	168	403	233	433	0
000024	1	car	512	380	653	502	1
000024	2	motorbike	760	456	821	537	0
000024	3	person	756	385	822	503	0
000024	4	motorbike	268	446	422	615	1
000024	5	person	282	359	408	594	1
000024	6	person	731	381	773	449	1
000024	7	motorbike	728	433	772	492	0
000024	8	person	896	373	1008	569	0
000024	9	motorbike	893	443	1042	591	0
000024	14	car	166	403	231	433	0
000025	1	car	513	379	654	501	1
000025	2	motorbike	760	453	820	534	0
000025	3	person	756	384	820	501	0
000025	4	motorbike	282	446	431	615	1
000025	5	person	298	361	422	593	1
000025	6	person	731	380	773	447	1
000025	7	motorbike	728	432	772	491	0
000025	8	person	883	376	994	567	0
000025	9	motorbike	887	442	1033	590	0
000025	14	car	164	403	229	433	0
000026	1	car	514	378	655	500	1
000026	2	motorbike	760	451	820	531	0
000026	3	person	756	384	819	500	0
000026	4	motorbike	294	445	439	614	1
000026	5	person	314	363	436	592	1
000026	6	person	731	378	773	446	1
000026	7	motorbike	728	431	772	489	0
000026	8	person	879	375	988	562	0
000026	9	motorbike	882	441	1024	588	0
000026	14	car	162	403	227	433	0
000027	1	car	514	377	656	499	1
000027	2	motorbike	760	449	819	528	0
000027	3	person	755	382	818	497	0
000027	4	motorbike	306	445	447	614	1
000027	5	person	330	366	450	592	1
000027	6	person	731	377	772	444	1
000027	7	motorbike	729	430	772	488	0
000027	8	person	875	374	982	558	0
000027	9	motorbike	876	441	1015	587	0
000027	14	car	160	403	225	433	0
000028	1	car	515	376	657	498	1
000028	2	motorbike	760	447	819	526	0
000028	3	person	755	380	818	494	0
000028	4	motorbike	318	445	456	613	1
000028	5	person	339	365	457	589	1
000028	6	person	731	376	772	442	1
000028	7	motorbike	729	430	772	486	0
000028	8	person	871	374	976	554	0
000028	9	motorbike	871	440	1006	585	0
000028	14	car	158	403	223	433	0
000029	1	car	516	375	658	497	1
000029	2	motorbike	760	445	819	523	0
000029	3	person	755	379	818	491	0
000029	4	motorbike	330	444	464	613	1
000029	5	person	348	364	465	587	1
000029	7	motorbike	729	429	772	485	0
000029	8	person	867	373	970	550	0
000029	9	motorbike	865	439	997	584	0
000030	1	car	517	374	659	496	1
000030	2	motorbike	760	443	818	520	0
000030	3	person	755	377	818	488	0
000030	4	motorbike	342	444	473	612	1
000030	5	person	357	363	472	585	1
000030	7	motorbike	729	428	772	483	0
000030	8	person	863	372	964	546	0
000030	9	motorbike	860	439	987	582	0
000031	1	car	517	373	660	495	1
000031	2	motorbike	760	441	818	518	0
000031	3	person	755	376	818	485	0
000031	4	motorbike	354	444	481	612	1
000031	5	person	366	362	480	582	1
000031	7	motorbike	730	427	772	482	0
000031	8	person	859	372	958	542	0
000031	9	motorbike	854	438	978	581	0
000032	1	car	518	372	661	494	1
000032	2	motorbike	760	438	818	515	0
000032	3	person	755	374	817	482	0
000032	4	motorbike	366	444	490	612	1
000032	5	person	375	361	487	580	1
000032	7	motorbike	730	426	772	480	0
000032	8	person	855	371	953	538	0
000032	9	motorbike	849	437	969	579	0
000033	1	car	519	371	662	493	1
000033	2	motorbike	760	436	817	512	0
000033	3	person	755	372	817	479	0
000033	4	motorbike	376	444	498	612	1
000033	5	person	385	360	495	578	1
000033	7	motorbike	730	426	772	479	0
000033	8	person	851	371	947	534	0
000033	9	motorbike	843	437	960	578	0
000033	14	car	156	403	221	433	0
000034	1	car	520	370	663	492	1
000034	2	motorbike	760	434	817	509	0
000034	3	person	755	371	817	476	0
000034	4	motorbike	386	444	507	612	1
000034	5	person	394	362	503	575	1
000034	7	motorbike	730	425	772	477	0
000034	8	person	847	370	941	530	0
000034	9	motorbike	838	436	951	576	0
000034	14	car	154	404	219	434	0
000035	1	car	520	370	663	492	1
000035	2	motorbike	760	432	817	507	0
000035	3	person	755	369	817	473	0
000035	4	motorbike	396	444	516	613	1
000035	5	person	403	364	511	573	1
000035	7	motorbike	731	424	772	476	0
000035	8	person	843	369	935	526	0
000035	9	motorbike	833	436	942	575	0
000035	14	car	152	406	217	436	0
000036	1	car	521	370	664	492	1
000036	2	motorbike	760	430	816	504	0
000036	3	person	755	368	817	470	0
000036	4	motorbike	403	443	523	612	1
000036	5	person	412	366	519	571	1
000036	7	motorbike	731	423	772	474	0
000036	8	person	839	369	929	522	0
000036	9	motorbike	831	435	939	572	0
000036	14	car	150	407	215	437	0
000037	1	car	522	371	665	493	1
000037	2	motorbike	760	428	816	501	0
000037	3	person	755	368	816	468	0
000037	4	motorbike	411	443	530	612	1
000037	5	person	422	368	527	569	1
000037	7	motorbike	731	422	772	473	0
000037	8	person	835	368	923	518	0
000037	9	motorbike	830	434	937	570	0
000037	14	car	148	409	213	439	0
000038	1	car	522	371	666	493	1
000038	2	motorbike	761	426	816	499	0
000038	3	person	755	368	815	467	0
000038	4	motorbike	419	443	538	612	1
000038	5	person	431	370	535	566	1
000038	7	motorbike	731	422	772	471	0
000038	8	person	831	368	918	514	0
000038	9	motorbike	829	433	934	567	0
000038	14	car	146	410	211	440	0
000039	1	car	523	371	667	493	1
000039	2	motorbike	759	426	814	499	0
000039	3	person	755	368	814	466	0
000039	4	motorbike	427	443	545	611	1
000039	5	person	440	372	543	564	1
000039	7	motorbike	732	421	772	470	0
000039	8	person	830	367	916	512	0
000039	9	motorbike	828	432	932	565	0
000039	14	car	144	412	209	442	0
000040	1	car	524	372	668	494	1
000040	2	motorbike	758	427	813	499	0
000040	3	person	755	368	813	465	0
000040	4	motorbike	435	443	553	611	1
000040	5	person	449	374	551	562	1
000040	7	motorbike	732	420	772	468	0
000040	8	person	829	367	914	510	0
000040	9	motorbike	827	431	929	562	0
000040	14	car	142	413	207	443	0
000041	1	car	524	372	669	496	1
000041	2	motorbike	757	428	811	499	0
000041	3	person	755	368	813	464	0
000041	4	motorbike	443	442	560	611	1
000041	5	person	459	377	559	560	1
000041	7	motorbike	732	419	772	467	0
000041	8	person	828	367	912	508	0
000041	9	motorbike	826	430	927	560	0
000041	14	car	141	415	206	445	0
000042	1	car	524	372	671	498	1
000042	2	motorbike	756	428	810	499	0
000042	3	person	755	368	812	463	0
000042	4	motorbike	451	442	568	611	1
000042	5	person	465	375	565	558	1
000042	7	motorbike	732	418	772	465	0
000042	8	person	827	366	911	506	0
000042	9	motorbike	825	429	925	557	0
000042	14	car	139	415	204	445	0
000043	1	car	524	372	673	500	1
000043	2	motorbike	755	429	808	499	0
000043	3	person	755	368	811	462	0
000043	4	motorbike	458	442	575	610	1
000043	5	person	471	373	571	556	1
000043	8	person	826	366	909	504	0
000043	9	motorbike	824	428	922	555	0
000043	14	car	137	416	202	446	0
000044	1	car	524	372	675	502	1
000044	2	motorbike	754	430	807	500	0
000044	3	person	755	368	810	461	0
000044	4	motorbike	466	442	583	610	1
000044	5	person	477	371	577	554	1
000044	8	person	826	366	907	502	0
000044	9	motorbike	823	427	920	552	0
000044	14	car	135	417	200	447	0
000045	1	car	525	372	677	504	1
000045	2	motorbike	753	429	806	498	0
000045	3	person	755	368	809	460	0
000045	4	motorbike	474	442	590	610	1
000045	5	person	483	370	583	553	1
000045	8	person	825	366	905	500	0
000045	9	motorbike	822	426	917	550	0
000045	14	car	134	418	199	448	0
000046	1	car	524	370	678	504	1
000046	2	motorbike	753	428	805	497	0
000046	3	person	755	368	809	459	0
000046	4	motorbike	482	441	598	610	1
000046	5	person	490	368	590	551	1
000046	8	person	824	365	904	498	0
000046	9	motorbike	821	425	915	547	0
000046	14	car	132	419	197	449	0
000047	1	car	523	368	679	504	1
000047	2	motorbike	753	427	805	495	0
000047	3	person	755	368	808	458	0
000047	4	motorbike	490	441	605	609	1
000047	5	person	496	366	596	549	1
000047	8	person	823	365	902	497	0
000047	9	motorbike	820	424	912	545	0
000047	14	car	130	420	195	450	0
000048	1	car	523	367	680	505	1
000048	2	motorbike	753	426	804	494	0
000048	3	person	755	368	807	457	0
000048	4	motorbike	498	441	613	609	1
000048	5	person	502	364	602	547	1
000048	8	person	822	365	900	495	0
000048	9	motorbike	819	423	910	542	0
000048	14	car	128	421	193	451	0
000049	1	car	522	365	681	505	1
000049	2	motorbike	753	426	803	492	0
000049	3	person	755	368	806	456	0
000049	4	motorbike	506	441	620	609	1
000049	5	person	508	363	608	546	1
000049	8	person	821	364	899	493	0
000049	9	motorbike	818	423	908	540	0
000049	14	car	127	422	192	452	0
000050	1	car	522	364	682	505	1
000050	2	motorbike	753	425	803	491	0
000050	3	person	755	368	805	455	0
000050	4	motorbike	514	441	628	609	1
000050	5	person	514	361	614	544	1
000050	8	person	821	364	897	491	0
000050	9	motorbike	818	423	906	538	0
000050	14	car	124	421	189	451	0
000051	1	car	521	362	684	506	1
000051	2	motorbike	753	424	802	490	0
000051	3	person	755	368	805	454	0
000051	4	motorbike	519	442	632	608	1
000051	5	person	521	359	621	542	1
000051	8	person	820	364	895	489	0
000051	9	motorbike	818	423	904	536	0
000051	14	car	122	421	187	451	0
000052	1	car	521	361	685	506	1
000052	2	motorbike	753	423	801	488	0
000052	3	person	755	368	804	453	0
000052	4	motorbike	525	444	636	608	1
000052	5	person	527	357	627	540	1
000052	8	person	819	364	893	487	0
000052	9	motorbike	818	423	902	535	0
000052	14	car	119	421	184	451	0
000053	1	car	520	359	686	506	1
000053	2	motorbike	753	422	801	487	0
000053	3	person	755	368	803	452	0
000053	4	motorbike	531	445	640	608	1
000053	5	person	533	356	633	539	1
000053	8	person	818	363	892	485	0
000053	9	motorbike	818	423	901	533	0
000053	14	car	117	420	182	450	0
000054	1	car	520	358	687	507	1
000054	2	motorbike	753	422	800	485	0
000054	3	person	755	368	802	451	0
000054	4	motorbike	536	447	645	608	1
000054	5	person	539	354	639	537	1
000054	8	person	817	363	890	483	0
000054	9	motorbike	818	423	899	532	0
000054	14	car	114	420	179	450	0
000055	1	car	519	356	688	507	1
000055	2	motorbike	753	421	799	484	0
000055	3	person	755	368	802	450	0
000055	4	motorbike	542	448	649	608	1
000055	5	person	545	352	645	535	1
000055	8	person	816	363	888	481	0
000055	9	motorbike	818	423	897	530	0
000055	14	car	112	420	177	450	0
000056	1	car	519	355	690	508	1
000056	2	motorbike	753	420	799	482	0
000056	3	person	754	369	800	450	0
000056	4	motorbike	548	450	653	607	1
000056	5	person	552	351	652	534	1
000056	8	person	816	363	887	480	0
000056	9	motorbike	818	423	896	529	0
000056	14	car	109	419	174	449	0
000057	1	car	518	356	691	510	1
000057	2	motorbike	753	419	798	481	0
000057	3	person	753	371	799	451	0
000057	4	motorbike	554	451	658	607	1
000057	5	person	557	352	656	533	1
000057	8	person	815	364	885	481	0
000057	9	motorbike	818	423	894	527	0
000057	14	car	107	419	172	449	0
000058	1	car	517	358	692	513	1
000058	2	motorbike	753	419	798	480	0
000058	3	person	752	373	798	452	0
000058	4	motorbike	559	453	662	607	1
000058	5	person	563	354	661	533	1
000058	8	person	815	365	883	482	0
000058	9	motorbike	818	423	892	526	0
000058	14	car	105	419	170	449	0
000059	1	car	516	360	693	516	1
000059	2	motorbike	752	421	797	481	0
000059	3	person	751	375	797	453	0
000059	4	motorbike	565	454	666	607	1
000059	5	person	569	356	666	533	1
000059	8	person	815	367	881	483	0
000059	9	motorbike	818	423	891	524	0
000059	14	car	105	419	170	449	0
000060	1	car	516	362	695	519	1
000060	2	motorbike	751	423	796	482	0
000060	3	person	751	377	796	454	0
000060	4	motorbike	571	456	671	607	1
000060	5	person	574	358	671	533	1
000060	8	person	814	368	879	485	0
000060	9	motorbike	818	423	889	523	0
000060	14	car	105	419	170	449	0
000061	1	car	515	364	696	521	1
000061	2	motorbike	750	425	795	483	0
000061	3	person	750	379	795	455	0
000061	4	motorbike	577	458	675	607	1
000061	5	person	580	360	676	533	1
000061	8	person	814	370	877	486	0
000061	9	motorbike	818	423	887	521	0
000062	1	car	514	366	697	524	1
000062	2	motorbike	749	427	794	485	0
000062	3	person	749	380	794	456	0
000062	4	motorbike	582	459	679	606	1
000062	5	person	586	361	681	533	1
000062	8	person	814	371	875	487	0
000062	9	motorbike	818	423	886	520	0
000063	1	car	514	367	699	527	1
000063	2	motorbike	749	429	793	486	0
000063	3	person	748	382	793	457	0
000063	4	motorbike	588	461	684	606	1
000063	5	person	591	363	686	533	1
000063	8	person	814	373	873	488	0
000063	9	motorbike	816	424	883	519	0
000064	1	car	513	369	700	530	1
000064	2	motorbike	748	431	792	487	0
000064	3	person	747	384	792	458	0
000064	4	motorbike	594	462	688	606	1
000064	5	person	597	365	691	533	1
000064	8	person	813	374	871	490	0
000064	9	motorbike	814	425	880	519	0
000065	1	car	512	371	701	532	1
000065	2	motorbike	747	433	791	489	0
000065	3	person	747	386	790	459	0
000065	4	motorbike	599	464	692	606	1
000065	5	person	603	367	696	533	1
000065	8	person	813	376	869	491	0
000065	9	motorbike	812	426	877	519	0
000066	1	car	512	373	703	535	1
000066	2	motorbike	746	435	790	490	0
000066	3	person	746	388	789	460	0
000066	4	motorbike	605	465	697	606	1
000066	5	person	609	369	701	533	1
000066	8	person	813	377	867	492	0
000066	9	motorbike	810	428	875	518	0
000067	1	car	511	375	704	538	1
000067	2	motorbike	746	437	789	491	0
000067	3	person	745	390	788	461	0
000067	4	motorbike	611	467	701	605	1
000067	5	person	614	371	706	533	1
000067	8	person	813	379	865	494	0
000067	9	motorbike	808	429	872	518	0
000067	14	car	86	438	162	467	0
000068	1	car	510	377	705	541	1
000068	2	motorbike	745	439	788	493	0
000068	3	person	744	391	787	462	0
000068	4	motorbike	617	468	705	605	1
000068	5	person	620	372	711	533	1
000068	8	person	810	380	862	492	0
000068	9	motorbike	806	430	869	518	0
000068	14	car	83	438	159	467	0
000069	1	car	510	379	707	544	1
000069	2	motorbike	744	441	787	494	0
000069	3	person	743	393	786	463	0
000069	4	motorbike	622	470	710	605	1
000069	5	person	626	374	716	533	1
000069	8	person	808	381	859	491	0
000069	9	motorbike	805	432	867	517	0
000069	14	car	81	438	157	467	0
000070	1	car	509	379	707	545	1
000070	2	motorbike	743	443	786	495	0
000070	3	person	743	395	785	464	0
000070	4	motorbike	628	471	714	605	1
000070	5	person	631	376	721	533	1
000070	8	person	806	383	857	489	0
000070	9	motorbike	803	433	864	517	0
000070	14	car	79	438	155	467	0
000071	1	car	509	379	708	546	1
000071	3	person	742	397	784	465	0
000071	4	motorbike	634	473	718	605	1
000071	5	person	637	378	726	533	1
000071	8	person	804	384	854	488	0
000071	9	motorbike	801	434	861	517	0
000071	14	car	77	439	153	468	0
000072	1	car	508	379	709	548	1
000072	3	person	741	399	783	466	0
000072	4	motorbike	640	475	723	605	1
000072	5	person	643	380	731	533	1
000072	8	person	802	386	852	486	0
000072	9	motorbike	799	436	859	516	0
000072	14	car	74	439	150	468	0
000073	1	car	508	379	710	549	1
000073	3	person	740	401	782	467	0
000073	4	motorbike	645	474	733	603	1
000073	5	person	649	382	736	533	1
000073	8	person	800	387	849	485	0
000073	9	motorbike	797	437	856	516	0
000073	14	car	72	439	148	468	0
000074	1	car	508	379	710	550	1
000074	4	motorbike	650	473	743	602	1
000074	5	person	654	383	748	533	1
000074	8	person	798	389	847	483	0
000074	9	motorbike	795	438	853	516	0
000074	14	car	70	439	146	468	0
000075	1	car	507	379	711	552	1
000075	4	motorbike	655	472	753	601	1
000075	5	person	659	384	760	534	1
000075	8	person	796	390	844	482	0
000075	14	car	68	440	144	469	0
000076	1	car	507	379	712	553	1
000076	4	motorbike	660	472	764	600	1
000076	5	person	664	385	772	535	1
000076	8	person	794	392	842	481	0
000076	14	car	67	440	143	469	0
000077	1	car	507	379	713	554	1
000077	4	motorbike	665	471	774	599	1
000077	5	person	669	386	784	536	1
000077	8	person	792	393	839	479	0
000077	14	car	67	441	143	470	0
000078	1	car	506	379	713	556	1
000078	4	motorbike	670	470	784	598	1
000078	5	person	674	387	796	537	1
000078	8	person	790	394	836	478	0
000078	10	person	1100	352	1202	540	0
000078	11	motorbike	1065	438	1233	604	0
000078	14	car	67	442	143	471	0
000079	1	car	506	379	714	557	1
000079	4	motorbike	675	470	795	597	1
000079	5	person	679	388	808	538	1
000079	8	person	788	396	834	476	0
000079	10	person	1083	355	1182	539	0
000079	11	motorbike	1050	438	1212	600	0
000080	1	car	506	379	715	558	1
000080	4	motorbike	680	469	805	596	1
000080	5	person	684	389	820	539	1
000080	8	person	786	397	831	475	0
000080	10	person	1066	359	1163	539	0
000080	11	motorbike	1036	439	1192	596	0
000081	1	car	505	379	716	560	1
000081	4	motorbike	685	468	815	595	1
000081	5	person	689	390	832	540	1
000081	8	person	784	399	829	473	0
000081	10	person	1049	362	1143	538	0
000081	11	motorbike	1022	439	1172	593	0
000082	1	car	505	379	716	561	1
000082	4	motorbike	690	468	826	594	1
000082	5	person	694	392	845	541	1
000082	8	person	782	400	826	472	0
000082	10	person	1032	366	1124	538	0
000082	11	motorbike	1007	440	1151	589	0
000083	1	car	505	379	717	562	1
000083	4	motorbike	695	467	829	593	1
000083	5	person	699	395	845	542	1
000083	8	person	780	402	824	470	0
000083	10	person	1016	369	1104	537	0
000083	11	motorbike	993	440	1131	585	0
000084	1	car	504	379	718	564	1
000084	4	motorbike	700	467	832	592	1
000084	5	person	704	398	845	543	1
000084	8	person	778	403	821	469	0
000084	10	person	999	373	1085	537	0
000084	11	motorbike	979	441	1111	582	0
000085	1	car	504	379	719	565	1
000085	4	motorbike	705	466	835	592	1
000085	5	person	709	401	846	545	1
000085	10	person	982	376	1065	536	0
000085	11	motorbike	964	441	1090	578	0
000086	1	car	504	379	720	567	1
000086	4	motorbike	710	466	838	591	1
000086	5	person	714	404	846	546	1
000086	10	person	965	380	1046	536	0
000086	11	motorbike	950	442	1070	574	0
000086	13	person	1113	303	1274	612	0
000086	14	car	56	441	132	470	0
000087	1	car	504	379	720	567	1
000087	4	motorbike	715	465	841	590	1
000087	5	person	719	407	846	547	1
000087	10	person	949	384	1027	536	0
000087	11	motorbike	936	443	1050	571	0
000087	12	motorbike	1060	425	1278	625	0
000087	13	person	1094	309	1254	612	0
000087	14	car	56	441	132	470	0
000088	1	car	504	379	720	567	1
000088	4	motorbike	721	465	845	590	1
000088	5	person	724	410	847	549	1
000088	10	person	939	385	1015	532	0
000088	11	motorbike	927	442	1036	566	0
000088	12	motorbike	1048	426	1265	623	0
000088	13	person	1076	316	1234	613	0
000088	14	car	56	441	132	470	0
000089	1	car	504	379	720	567	1
000089	4	motorbike	724	467	843	589	1
000089	5	person	722	410	848	552	1
000089	10	person	930	387	1004	529	0
000089	11	motorbike	918	441	1022	562	0
000089	12	motorbike	1037	427	1253	621	0
000089	13	person	1057	323	1214	614	0
000089	14	car	56	441	132	470	0
000090	1	car	504	379	720	567	1
000090	4	motorbike	728	470	842	588	1
000090	5	person	720	411	850	556	1
000090	10	person	920	389	993	526	0
000090	11	motorbike	909	440	1008	558	0
000090	12	motorbike	1025	428	1241	620	0
000090	13	person	1039	330	1195	615	0
000090	14	car	56	441	132	470	0
000091	1	car	504	380	720	568	1
000091	4	motorbike	732	472	840	588	1
000091	5	person	718	412	851	560	1
000091	10	person	911	391	982	523	0
000091	11	motorbike	900	439	994	553	0
000091	12	motorbike	1014	429	1229	618	0
000091	13	person	1029	333	1182	612	0
000091	14	car	56	441	132	470	0
000092	1	car	504	380	720	568	1
000092	4	motorbike	736	475	839	587	1
000092	5	person	716	413	853	564	1
000092	10	person	901	392	970	519	0
000092	11	motorbike	891	438	980	549	0
000092	12	motorbike	1003	430	1217	617	0
000092	13	person	1020	337	1170	610	0
000092	14	car	56	441	132	470	0
000093	1	car	504	380	720	568	1
000093	4	motorbike	740	478	838	586	1
000093	5	person	713	414	851	566	1
000093	10	person	892	394	959	516	0
000093	11	motorbike	882	437	966	545	0
000093	12	motorbike	996	431	1204	615	0
000093	13	person	1010	340	1158	608	0
000094	1	car	504	380	720	568	1
000094	4	motorbike	744	480	836	586	1
000094	5	person	710	415	850	569	1
000094	10	person	882	396	948	513	0
000094	11	motorbike	874	437	952	541	0
000094	12	motorbike	990	432	1191	614	0
000094	13	person	1001	344	1146	606	0
000095	1	car	504	380	720	568	1
000095	4	motorbike	748	483	835	585	1
000095	5	person	707	416	849	571	1
000095	10	person	873	398	937	510	0
000095	11	motorbike	868	438	944	538	0
000095	12	motorbike	984	433	1178	613	0
000095	13	person	992	348	1134	604	0
000096	1	car	504	381	720	569	1
000096	4	motorbike	752	486	834	585	1
000096	5	person	705	418	848	574	1
000096	10	person	864	400	926	507	0
000096	11	motorbike	863	440	936	536	0
000096	12	motorbike	978	434	1165	612	0
000096	13	person	986	349	1126	601	0
000097	1	car	504	381	720	569	1
000097	4	motorbike	752	486	835	584	1
000097	5	person	703	419	834	576	1
000097	10	person	857	400	917	505	0
000097	11	motorbike	857	442	929	533	0
000097	12	motorbike	972	435	1152	610	0
000097	13	person	981	351	1118	599	0
000098	1	car	504	381	720	569	1
000098	4	motorbike	752	486	837	584	1
000098	5	person	701	420	820	578	1
000098	10	person	851	401	909	504	0
000098	11	motorbike	852	444	921	531	0
000098	12	motorbike	966	436	1139	609	0
000098	13	person	976	353	1110	596	0
000099	1	car	504	381	720	569	1
000099	4	motorbike	752	486	838	584	1
000099	5	person	699	421	806	580	1
000099	10	person	845	402	901	502	0
000099	11	motorbike	846	446	913	528	0
000099	12	motorbike	960	437	1126	608	0
000099	13	person	971	355	1102	594	0
000100	1	car	504	382	720	570	1
000100	4	motorbike	752	486	840	584	1
000100	5	person	698	422	792	583	1
000100	10	person	839	403	893	501	0
000100	11	motorbike	841	448	906	526	0
000100	12	motorbike	954	439	1113	607	0
000100	13	person	966	357	1095	592	0
000100	14	car	49	448	125	477	0
