000001	1	car	199	278	412	421	0
000001	2	motorbike	472	330	548	410	1
000001	3	motorbike	772	280	828	341	0
000001	4	motorbike	679	282	716	326	0
000001	16	person	769	234	823	299	0
000001	17	person	466	252	534	339	0
000001	19	car	941	131	1181	344	0
000001	20	car	882	234	962	335	0
000001	21	car	841	241	891	314	0
000001	23	car	730	269	781	302	0
000002	1	car	136	275	372	442	0
000002	2	motorbike	470	327	547	412	1
000002	3	motorbike	775	281	831	342	0
000002	4	motorbike	679	282	716	326	0
000002	16	person	773	233	827	298	0
000002	17	person	465	251	534	340	0
000002	19	car	962	129	1193	346	0
000002	20	car	893	232	982	333	0
000002	21	car	847	239	902	315	0
000002	23	car	730	269	781	302	0
000003	1	car	74	273	332	463	0
000003	2	motorbike	468	325	547	414	1
000003	3	motorbike	779	283	835	344	0
000003	4	motorbike	680	283	717	327	0
000003	16	person	777	233	831	298	0
000003	17	person	464	250	534	342	0
000003	19	car	983	128	1205	348	0
000003	20	car	904	231	1002	332	0
000003	21	car	853	238	913	316	0
000003	23	car	730	269	781	302	0
000004	1	car	12	271	292	484	0
000004	2	motorbike	467	323	547	416	1
000004	3	motorbike	783	285	839	346	0
000004	4	motorbike	681	284	718	328	0
000004	16	person	782	232	836	297	0
000004	17	person	463	250	534	344	0
000004	19	car	1005	127	1218	350	0
000004	20	car	915	230	1022	331	0
000004	21	car	859	237	925	317	0
000004	23	car	733	269	784	302	0
000005	1	car	8	274	245	493	0
000005	2	motorbike	465	320	546	418	1
000005	3	motorbike	787	287	843	348	0
000005	4	motorbike	681	284	718	328	0
000005	16	person	786	232	840	297	0
000005	17	person	462	249	534	346	0
000005	19	car	1026	125	1230	353	0
000005	20	car	927	229	1043	329	0
000005	21	car	865	235	936	318	0
000005	23	car	736	269	787	302	0
000005	24	car	244	316	334	384	0
000006	1	car	4	277	199	503	0
000006	2	motorbike	463	318	546	420	1
000006	3	motorbike	791	289	847	350	0
000006	4	motorbike	682	285	719	329	0
000006	16	person	791	231	845	296	0
000006	17	person	461	249	534	347	0
000006	19	car	1048	124	1243	355	0
000006	20	car	938	228	1063	328	0
000006	21	car	871	234	948	319	0
000006	23	car	739	269	790	302	0
000006	24	car	224	320	325	389	0
000007	2	motorbike	462	316	546	422	1
000007	3	motorbike	795	291	851	352	0
000007	4	motorbike	683	286	720	330	0
000007	16	person	795	231	849	296	0
000007	17	person	460	248	534	349	0
000007	19	car	1069	123	1255	357	0
000007	20	car	949	227	1083	327	0
000007	21	car	877	233	959	320	0
000007	23	car	742	269	793	302	0
000007	24	car	204	324	317	395	0
000008	2	motorbike	461	316	546	425	1
000008	3	motorbike	802	289	858	350	0
000008	4	motorbike	686	284	723	328	0
000008	16	person	800	231	854	296	0
000008	17	person	459	248	534	351	0
000008	20	car	961	226	1104	326	0
000008	21	car	884	232	971	322	0
000008	22	car	23	333	187	440	0
000008	23	car	745	269	796	302	0
000008	24	car	184	328	309	401	0
000009	2	motorbike	460	316	547	428	1
000009	3	motorbike	809	287	865	348	0
000009	4	motorbike	690	282	727	326	0
000009	16	person	804	227	859	296	0
000009	17	person	458	247	534	353	0
000009	20	car	979	218	1136	331	0
000009	21	car	892	226	989	321	0
000009	22	car	18	335	170	442	0
000009	23	car	748	268	799	301	0
000009	24	car	172	330	299	404	0
000010	2	motorbike	459	316	547	431	1
000010	3	motorbike	816	285	872	346	0
000010	4	motorbike	694	281	731	325	0
000010	16	person	808	223	864	296	0
000010	17	person	457	247	534	355	0
000010	20	car	997	210	1169	336	0
000010	21	car	900	220	1008	320	0
000010	22	car	13	337	153	444	0
000010	23	car	752	267	803	300	0
000010	24	car	161	332	289	408	0
000011	2	motorbike	458	317	548	434	1
000011	3	motorbike	821	283	881	348	0
000011	4	motorbike	694	281	731	325	0
000011	16	person	812	219	869	296	0
000011	17	person	456	246	534	356	0
000011	20	car	1015	202	1202	341	0
000011	21	car	908	215	1026	319	0
000011	22	car	9	339	137	446	0
000011	23	car	756	266	807	299	0
000011	24	car	150	334	279	412	0
000012	2	motorbike	457	317	548	437	1
000012	3	motorbike	827	281	890	351	0
000012	4	motorbike	695	282	732	326	0
000012	16	person	816	215	874	296	0
000012	17	person	455	246	534	358	0
000012	20	car	1033	194	1235	346	0
000012	21	car	916	209	1045	318	0
000012	22	car	4	341	120	448	0
000012	23	car	760	265	811	298	0
000012	24	car	139	337	270	416	0
000012	25	car	321	297	460	388	0
000012	27	person	693	256	728	292	0
000013	2	motorbike	456	317	549	440	1
000013	3	motorbike	833	279	899	354	0
000013	4	motorbike	696	283	733	327	0
000013	16	person	821	211	880	297	0
000013	17	person	454	245	534	360	0
000013	21	car	925	204	1064	318	0
000013	23	car	764	264	815	297	0
000013	24	car	121	344	254	425	0
000013	25	car	267	306	414	413	0
000013	27	person	692	254	728	292	0
000014	2	motorbike	456	318	549	444	1
000014	3	motorbike	839	277	908	356	0
000014	4	motorbike	696	284	733	328	0
000014	16	person	825	207	885	297	0
000014	17	person	453	245	534	362	0
000014	21	car	937	194	1095	319	0
000014	23	car	766	260	819	296	0
000014	24	car	103	352	238	434	0
000014	25	car	214	315	368	439	0
000014	27	person	691	252	728	292	0
000015	2	motorbike	455	318	550	447	1
000015	3	motorbike	845	275	917	359	0
000015	4	motorbike	697	285	734	329	0
000015	16	person	829	203	890	297	0
000015	17	person	452	244	534	364	0
000015	21	car	950	185	1127	320	0
000015	23	car	768	256	824	295	0
000015	25	car	160	324	322	464	0
000015	27	person	691	251	729	292	0
000016	2	motorbike	454	318	550	450	1
000016	3	motorbike	850	273	926	362	0
000016	4	motorbike	698	285	735	329	0
000016	16	person	833	199	895	297	0
000016	17	person	451	244	534	365	0
000016	21	car	963	176	1159	322	0
000016	23	car	770	253	829	294	0
000016	25	car	107	333	276	490	0
000016	27	person	690	249	729	293	0
000016	28	car	352	330	422	371	0
000017	2	motorbike	453	318	551	453	1
000017	3	motorbike	856	271	935	365	0
000017	4	motorbike	699	286	736	330	0
000017	16	person	838	196	901	298	0
000017	17	person	450	243	534	367	0
000017	21	car	975	167	1191	323	0
000017	23	car	772	249	834	293	0
000017	25	car	53	342	230	515	0
000017	27	person	690	248	730	293	0
000017	28	car	337	332	413	374	0
000018	2	motorbike	452	319	551	456	1
000018	3	motorbike	862	269	944	367	0
000018	4	motorbike	699	287	736	331	0
000018	16	person	849	193	912	295	0
000018	17	person	449	243	534	369	0
000018	21	car	988	158	1223	324	0
000018	23	car	774	245	839	292	0
000018	27	person	689	246	730	293	0
000018	28	car	322	335	404	377	0
000019	2	motorbike	451	319	552	459	1
000019	3	motorbike	868	267	953	370	0
000019	4	motorbike	700	288	737	332	0
000019	16	person	861	190	924	292	0
000019	17	person	448	242	534	371	0
000019	21	car	1001	149	1255	326	0
000019	23	car	777	242	844	292	0
000019	27	person	689	245	731	293	0
000019	28	car	307	338	396	380	0
000020	2	motorbike	450	319	552	462	1
000020	3	motorbike	874	265	962	373	0
000020	4	motorbike	701	289	738	333	0
000020	16	person	872	187	935	289	0
000020	17	person	448	242	534	373	0
000020	21	car	1032	144	1258	321	0
000020	23	car	781	237	848	287	0
000020	27	person	688	243	731	294	0
000020	28	car	299	336	388	378	0
000020	29	car	379	302	445	364	0
000020	30	car	562	290	605	329	0
000021	2	motorbike	450	320	553	466	1
000021	3	motorbike	880	263	972	376	0
000021	4	motorbike	702	290	739	334	0
000021	16	person	884	184	947	286	0
000021	17	person	446	235	533	368	0
000021	21	car	1064	140	1262	317	0
000021	23	car	786	232	853	282	0
000021	27	person	688	242	732	294	0
000021	28	car	292	335	381	377	0
000021	29	car	373	296	439	358	0
000021	30	car	560	284	603	323	0
000022	2	motorbike	449	320	556	471	1
000022	3	motorbike	891	258	989	377	0
000022	4	motorbike	701	285	738	329	0
000022	16	person	890	170	964	285	0
000022	17	person	445	228	532	364	0
000022	21	car	1095	136	1265	313	0
000022	23	car	791	228	858	278	0
000022	27	person	687	240	732	294	0
000022	28	car	284	334	373	376	0
000022	29	car	367	291	433	353	0
000022	30	car	559	278	602	317	0
000023	2	motorbike	448	321	560	476	1
000023	3	motorbike	903	253	1006	378	0
000023	4	motorbike	701	280	738	324	0
000023	16	person	896	156	981	285	0
000023	17	person	443	221	531	359	0
000023	23	car	795	223	862	273	0
000023	27	person	687	239	733	295	0
000023	28	car	277	333	366	375	0
000023	29	car	361	286	427	348	0
000023	30	car	557	272	600	311	0
000024	2	motorbike	447	322	564	481	1
000024	3	motorbike	914	248	1023	379	0
000024	4	motorbike	701	276	738	320	0
000024	16	person	903	143	999	284	0
000024	17	person	442	215	531	355	0
000024	23	car	800	219	867	269	0
000024	27	person	686	236	732	292	0
000024	28	car	270	332	359	374	0
000024	29	car	355	281	421	343	0
000024	30	car	556	266	599	305	0
000025	2	motorbike	447	323	568	486	1
000025	3	motorbike	926	243	1041	380	0
000025	4	motorbike	701	271	738	315	0
000025	16	person	909	129	1016	284	0
000025	17	person	442	214	531	354	0
000025	23	car	805	214	872	264	0
000025	27	person	685	233	731	289	0
000025	28	car	255	332	350	378	0
000025	29	car	340	279	419	348	0
000025	30	car	552	265	595	304	0
000026	2	motorbike	446	324	572	491	1
000026	3	motorbike	937	238	1058	381	0
000026	4	motorbike	701	266	738	310	0
000026	16	person	916	116	1034	284	0
000026	17	person	442	214	531	354	0
000026	23	car	810	210	877	260	0
000026	27	person	684	230	730	286	0
000026	28	car	241	332	342	382	0
000026	29	car	325	277	417	353	0
000026	30	car	549	265	592	304	0
000027	2	motorbike	445	325	576	496	1
000027	3	motorbike	949	233	1075	382	0
000027	4	motorbike	701	262	738	306	0
000027	16	person	928	105	1046	273	0
000027	17	person	443	214	532	354	0
000027	23	car	813	211	884	264	0
000027	27	person	683	228	729	284	0
000027	28	car	227	332	333	386	0
000027	29	car	310	275	415	358	0
000027	30	car	545	265	588	304	0
000028	2	motorbike	444	326	580	501	1
000028	3	motorbike	960	228	1092	383	0
000028	4	motorbike	698	261	736	306	0
000028	16	person	940	95	1058	263	0
000028	17	person	443	214	532	354	0
000028	23	car	817	212	891	268	0
000028	27	person	682	225	728	281	0
000028	28	car	213	332	325	390	0
000028	29	car	296	274	414	364	0
000028	30	car	542	265	585	304	0
000029	2	motorbike	444	327	584	506	1
000029	3	motorbike	972	223	1110	384	0
000029	4	motorbike	696	260	734	307	0
000029	6	motorbike	917	211	960	269	0
000029	7	motorbike	620	272	682	324	1
000029	16	person	952	85	1070	253	0
000029	17	person	444	214	533	354	0
000029	23	car	821	214	898	273	0
000029	27	person	681	222	727	278	0
000029	28	car	204	336	316	394	0
000029	29	car	284	277	402	367	0
000029	30	car	534	263	577	302	0
000030	2	motorbike	445	328	585	505	1
000030	3	motorbike	980	209	1124	384	0
000030	4	motorbike	693	259	733	308	0
000030	6	motorbike	926	201	968	261	0
000030	7	motorbike	616	270	678	322	1
000030	16	person	964	75	1082	243	0
000030	17	person	444	214	533	354	0
000030	23	car	823	206	904	268	0
000030	27	person	681	220	727	276	0
000030	28	car	195	341	307	399	0
000030	29	car	272	281	390	371	0
000030	30	car	526	262	569	301	0
000031	2	motorbike	447	329	587	505	1
000031	3	motorbike	989	196	1139	384	0
000031	4	motorbike	691	258	731	308	0
000031	5	motorbike	0	388	274	706	1
000031	6	motorbike	935	191	977	254	0
000031	7	motorbike	613	268	675	320	1
000031	16	person	976	65	1094	233	0
000031	17	person	445	213	534	353	0
000031	23	car	826	198	910	263	0
000031	27	person	680	217	726	273	0
000031	28	car	187	346	299	404	0
000031	29	car	260	285	378	375	0
000032	2	motorbike	449	330	588	505	1
000032	3	motorbike	998	183	1154	384	0
000032	4	motorbike	689	257	729	309	0
000032	5	motorbike	2	397	275	702	1
000032	6	motorbike	944	181	986	247	0
000032	7	motorbike	609	266	671	318	1
000032	16	person	994	52	1112	220	0
000032	17	person	445	213	534	353	0
000032	23	car	829	191	916	258	0
000032	27	person	679	214	725	270	0
000032	28	car	178	350	290	408	0
000032	29	car	251	287	369	377	0
000033	2	motorbike	450	332	590	504	1
000033	3	motorbike	1007	169	1169	384	0
000033	4	motorbike	686	256	728	310	0
000033	5	motorbike	4	407	276	698	1
000033	6	motorbike	953	172	995	240	0
000033	7	motorbike	606	265	668	317	1
000033	8	motorbike	712	242	742	288	0
000033	16	person	1012	40	1130	208	0
000033	17	person	446	213	535	353	0
000033	23	car	831	183	922	254	0
000033	27	person	678	212	724	268	0
000033	28	car	169	355	281	413	0
000033	29	car	242	289	360	379	0
000034	2	motorbike	452	333	591	504	1
000034	3	motorbike	1016	156	1184	384	0
000034	4	motorbike	684	256	726	310	0
000034	5	motorbike	6	417	278	695	1
000034	6	motorbike	966	167	1009	239	0
000034	7	motorbike	598	264	663	318	1
000034	8	motorbike	709	242	739	288	0
000034	16	person	1030	28	1148	196	0
000034	17	person	446	213	535	353	0
000034	23	car	834	176	928	249	0
000034	27	person	677	209	723	265	0
000034	29	car	233	291	351	381	0
000034	31	person	5	234	194	500	1
000035	2	motorbike	454	334	593	504	1
000035	3	motorbike	1025	143	1199	385	0
000035	4	motorbike	681	255	725	311	0
000035	5	motorbike	24	418	295	683	1
000035	6	motorbike	979	162	1024	238	0
000035	7	motorbike	591	264	658	320	1
000035	8	motorbike	706	242	736	288	0
000035	16	person	1048	16	1166	184	0
000035	17	person	447	213	536	353	0
000035	23	car	837	168	934	244	0
000035	27	person	676	206	722	262	0
000035	29	car	224	294	342	384	0
000035	31	person	28	236	217	502	1
000036	2	motorbike	455	335	594	503	1
000036	3	motorbike	1040	134	1216	390	0
000036	4	motorbike	679	254	723	312	0
000036	5	motorbike	43	419	313	671	1
000036	6	motorbike	992	157	1038	238	0
000036	7	motorbike	584	264	653	322	1
000036	8	motorbike	704	242	734	288	0
000036	16	person	1060	12	1186	198	0
000036	17	person	447	213	536	353	0
000036	23	car	840	161	941	240	0
000036	27	person	676	204	722	260	0
000036	29	car	209	298	327	388	0
000036	31	person	52	238	241	504	1
000036	32	car	320	303	384	366	0
000037	2	motorbike	457	337	596	503	1
000037	3	motorbike	1056	126	1233	395	0
000037	4	motorbike	677	253	721	312	0
000037	5	motorbike	61	420	330	659	1
000037	6	motorbike	1005	152	1053	237	0
000037	7	motorbike	577	264	649	323	1
000037	8	motorbike	701	242	731	288	0
000037	16	person	1073	8	1206	213	0
000037	17	person	448	212	537	352	0
000037	23	car	850	164	951	243	0
000037	27	person	670	206	716	262	0
000037	29	car	194	302	312	392	0
000037	31	person	76	240	265	506	1
000037	32	car	309	305	373	368	0
000038	2	motorbike	459	338	597	503	1
000038	3	motorbike	1071	118	1250	400	0
000038	4	motorbike	674	252	720	313	0
000038	5	motorbike	80	422	348	647	1
000038	6	motorbike	1018	147	1067	237	0
000038	7	motorbike	570	264	644	325	1
000038	8	motorbike	698	242	728	288	0
000038	16	person	1086	4	1226	228	0
000038	17	person	448	212	537	352	0
000038	23	car	861	168	962	247	0
000038	27	person	664	208	710	264	0
000038	28	car	12	390	123	484	0
000038	31	person	100	243	289	509	1
000038	32	car	299	308	363	371	0
000039	2	motorbike	460	339	599	502	1
000039	3	motorbike	1087	110	1268	406	0
000039	4	motorbike	672	251	718	314	0
000039	5	motorbike	100	417	346	637	1
000039	6	motorbike	1031	142	1082	236	0
000039	7	motorbike	563	264	639	327	1
000039	8	motorbike	696	242	726	288	0
000039	17	person	449	212	538	352	0
000039	23	car	872	172	973	251	0
000039	27	person	658	210	704	266	0
000039	28	car	9	393	115	487	0
000039	31	person	117	247	293	497	1
000039	32	car	289	311	353	374	0
000040	2	motorbike	462	340	600	502	1
000040	3	motorbike	1100	117	1268	415	0
000040	4	motorbike	670	251	717	315	0
000040	5	motorbike	120	412	344	628	1
000040	7	motorbike	556	264	635	329	1
000040	8	motorbike	694	245	725	293	0
000040	17	person	449	212	538	352	0
000040	23	car	883	176	984	255	0
000040	27	person	655	214	701	270	0
000040	28	car	7	397	107	491	0
000040	31	person	135	252	298	485	1
000040	32	car	284	318	348	381	0
000041	2	motorbike	464	342	602	502	1
000041	3	motorbike	1114	125	1268	424	0
000041	4	motorbike	668	260	715	324	0
000041	5	motorbike	141	408	342	619	1
000041	7	motorbike	545	271	627	338	1
000041	8	motorbike	692	249	724	298	0
000041	17	person	450	212	539	352	0
000041	23	car	894	180	995	259	0
000041	27	person	653	219	699	275	0
000041	28	car	4	401	99	495	0
000041	31	person	152	257	302	473	1
000041	32	car	279	325	343	388	0
000042	2	motorbike	470	344	608	507	1
000042	3	motorbike	1128	132	1268	433	0
000042	4	motorbike	666	270	713	334	0
000042	5	motorbike	161	403	340	610	1
000042	7	motorbike	535	278	619	347	1
000042	8	motorbike	690	252	723	303	0
000042	17	person	450	212	539	352	0
000042	23	car	901	178	1010	263	0
000042	27	person	650	223	696	279	0
000042	28	car	2	405	91	499	0
000042	31	person	170	262	307	461	1
000043	2	motorbike	476	346	614	512	1
000043	3	motorbike	1142	140	1268	443	0
000043	4	motorbike	664	280	711	344	0
000043	5	motorbike	182	399	339	601	1
000043	7	motorbike	525	285	611	356	1
000043	8	motorbike	688	256	723	308	0
000043	9	car	318	298	463	398	0
000043	17	person	450	211	539	351	0
000043	23	car	909	177	1026	267	0
000043	27	person	648	228	694	284	0
000043	29	car	67	343	184	469	0
000043	31	person	188	267	312	449	1
000044	2	motorbike	483	349	620	518	1
000044	3	motorbike	1155	147	1268	452	0
000044	4	motorbike	663	290	710	354	0
000044	5	motorbike	191	389	353	594	1
000044	8	motorbike	686	259	722	313	0
000044	9	car	297	294	439	405	0
000044	17	person	451	211	540	351	0
000044	23	car	917	175	1041	271	0
000044	27	person	645	232	691	288	0
000044	29	car	44	343	184	468	0
000044	31	person	203	265	327	447	1
000045	2	motorbike	482	347	619	515	1
000045	3	motorbike	1169	155	1268	461	0
000045	4	motorbike	659	288	706	352	0
000045	5	motorbike	201	379	367	587	1
000045	8	motorbike	684	263	721	318	0
000045	9	car	276	290	416	412	0
000045	17	person	451	211	540	351	0
000045	23	car	925	174	1057	275	0
000045	26	car	1091	129	1159	202	0
000045	27	person	643	237	689	293	0
000045	29	car	22	343	184	468	0
000045	31	person	218	264	342	446	1
000046	2	motorbike	481	345	618	512	1
000046	3	motorbike	1183	162	1268	470	0
000046	4	motorbike	655	287	702	351	0
000046	5	motorbike	211	369	381	580	1
000046	8	motorbike	682	266	720	323	0
000046	9	car	255	286	393	420	0
000046	10	car	887	192	938	280	0
000046	11	motorbike	754	242	817	288	0
000046	12	motorbike	788	242	843	282	0
000046	13	motorbike	821	235	872	287	0
000046	17	person	452	211	541	351	0
000046	23	car	933	173	1073	280	0
000046	26	car	1099	126	1167	199	0
000046	27	person	641	242	687	298	0
000046	31	person	233	262	357	444	1
000047	2	motorbike	480	343	617	509	1
000047	4	motorbike	652	285	699	349	0
000047	5	motorbike	221	359	395	573	1
000047	8	motorbike	680	270	720	328	0
000047	9	car	204	290	365	434	0
000047	10	car	890	182	956	272	0
000047	11	motorbike	754	237	817	283	0
000047	12	motorbike	788	235	843	275	0
000047	13	motorbike	822	228	877	280	0
000047	17	person	452	211	541	351	0
000047	23	car	950	164	1090	271	0
000047	26	car	1107	123	1175	196	0
000047	27	person	641	236	687	292	0
000047	31	person	248	261	372	443	1
000048	2	motorbike	479	341	616	506	1
000048	4	motorbike	648	284	695	348	0
000048	5	motorbike	231	349	409	567	1
000048	8	motorbike	678	267	718	325	0
000048	9	car	153	294	338	449	0
000048	10	car	893	172	975	264	0
000048	11	motorbike	754	232	817	278	0
000048	12	motorbike	789	229	844	269	0
000048	13	motorbike	823	221	882	273	0
000048	17	person	453	211	542	351	0
000048	23	car	967	156	1107	263	0
000048	26	car	1116	121	1184	194	0
000048	27	person	642	231	688	287	0
000048	31	person	255	253	379	435	1
000049	2	motorbike	479	340	615	503	1
000049	4	motorbike	645	282	692	346	0
000049	5	motorbike	241	339	423	560	1
000049	8	motorbike	676	264	716	322	0
000049	9	car	103	298	310	464	0
000049	10	car	896	162	993	256	0
000049	11	motorbike	755	227	818	273	0
000049	12	motorbike	789	223	844	263	0
000049	13	motorbike	825	214	887	266	0
000049	17	person	453	210	542	350	0
000049	23	car	984	147	1124	254	0
000049	26	car	1122	111	1190	184	0
000049	27	person	643	226	689	282	0
000049	31	person	263	246	387	428	1
000049	36	person	678	225	721	277	0
000050	2	motorbike	478	338	614	500	1
000050	4	motorbike	641	281	688	345	0
000050	5	motorbike	251	329	437	553	1
000050	8	motorbike	674	261	714	319	0
000050	9	car	52	302	283	479	0
000050	10	car	899	153	1012	249	0
000050	11	motorbike	755	222	818	268	0
000050	12	motorbike	790	217	845	257	0
000050	13	motorbike	826	208	892	260	0
000050	17	person	454	210	543	350	0
000050	23	car	1002	139	1142	246	0
000050	26	car	1129	101	1197	174	0
000050	27	person	635	226	681	282	0
000050	31	person	270	238	394	420	1
000050	36	person	673	222	716	274	0
000051	2	motorbike	477	336	613	497	1
000051	4	motorbike	638	279	685	343	0
000051	5	motorbike	261	319	451	546	1
000051	8	motorbike	672	258	712	316	0
000051	10	car	902	143	1031	241	0
000051	11	motorbike	755	217	818	263	0
000051	12	motorbike	791	211	846	251	0
000051	13	motorbike	827	201	897	253	0
000051	17	person	454	210	543	350	0
000051	23	car	1012	127	1152	234	0
000051	26	car	1136	91	1204	164	0
000051	27	person	628	226	674	282	0
000051	31	person	278	231	402	413	1
000051	36	person	668	220	711	272	0
000052	2	motorbike	476	334	612	494	1
000052	4	motorbike	634	278	681	342	0
000052	5	motorbike	271	309	465	539	1
000052	8	motorbike	670	255	710	313	0
000052	10	car	905	133	1049	233	0
000052	11	motorbike	756	212	819	258	0
000052	12	motorbike	791	205	846	245	0
000052	13	motorbike	829	194	902	246	0
000052	17	person	455	210	544	350	0
000052	23	car	1022	116	1162	223	0
000052	26	car	1143	82	1211	155	0
000052	27	person	621	226	667	282	0
000052	31	person	285	223	409	405	1
000052	36	person	663	217	706	269	0
000053	2	motorbike	476	333	612	492	1
000053	4	motorbike	631	277	678	341	0
000053	5	motorbike	281	299	479	533	1
000053	8	motorbike	669	252	709	310	0
000053	10	car	908	123	1068	225	0
000053	11	motorbike	756	207	819	253	0
000053	12	motorbike	792	199	847	239	0
000053	13	motorbike	830	187	907	239	0
000053	17	person	455	210	544	350	0
000053	23	car	1032	105	1172	212	0
000053	26	car	1150	72	1218	145	0
000053	27	person	614	226	660	282	0
000053	31	person	293	216	417	398	1
000053	36	person	658	215	701	267	0
000054	2	motorbike	475	331	607	489	1
000054	4	motorbike	625	278	672	343	0
000054	5	motorbike	292	297	477	523	1
000054	8	motorbike	663	254	703	312	0
000054	10	car	912	114	1087	218	0
000054	11	motorbike	757	203	820	249	0
000054	12	motorbike	793	193	848	233	0
000054	13	motorbike	832	181	913	233	0
000054	17	person	456	210	545	350	0
000054	23	car	1043	94	1183	201	0
000054	26	car	1157	62	1225	135	0
000054	27	person	606	226	652	282	0
000054	31	person	300	208	424	390	1
000054	32	car	50	331	216	440	0
000054	36	person	650	213	693	265	0
000055	2	motorbike	474	329	602	486	1
000055	4	motorbike	619	280	667	346	0
000055	5	motorbike	304	296	476	513	1
000055	8	motorbike	658	257	698	315	0
000055	10	car	913	117	1093	224	0
000055	11	motorbike	760	209	823	255	0
000055	12	motorbike	794	199	849	239	0
000055	13	motorbike	836	187	917	239	0
000055	17	person	456	209	545	349	0
000055	23	car	1059	97	1199	204	0
000055	26	car	1164	53	1232	126	0
000055	27	person	599	226	645	282	0
000055	31	person	308	201	432	383	1
000055	32	car	40	332	198	441	0
000055	36	person	642	212	685	264	0
000056	2	motorbike	473	328	597	483	1
000056	4	motorbike	613	282	661	348	0
000056	5	motorbike	315	294	474	503	1
000056	8	motorbike	653	260	693	318	0
000056	10	car	914	120	1100	231	0
000056	11	motorbike	763	215	826	261	0
000056	12	motorbike	796	205	851	245	0
000056	13	motorbike	840	194	921	246	0
000056	17	person	457	209	546	349	0
000056	23	car	1075	101	1215	208	0
000056	26	car	1174	64	1242	137	0
000056	27	person	592	226	638	282	0
000056	31	person	316	207	436	380	1
000056	32	car	30	333	181	442	0
000056	36	person	635	211	678	263	0
000057	2	motorbike	472	326	593	480	1
000057	4	motorbike	607	284	656	351	0
000057	5	motorbike	327	293	473	494	1
000057	8	motorbike	648	263	688	321	0
000057	10	car	915	123	1107	237	0
000057	11	motorbike	766	221	829	267	0
000057	12	motorbike	798	211	853	251	0
000057	13	motorbike	844	201	925	253	0
000057	17	person	457	209	546	349	0
000057	23	car	1091	105	1231	212	0
000057	26	car	1184	75	1252	148	0
000057	27	person	585	226	631	282	0
000057	31	person	324	214	441	377	1
000057	32	car	20	335	163	444	0
000057	36	person	633	213	676	265	0
000058	2	motorbike	471	325	588	477	1
000058	4	motorbike	601	285	650	353	0
000058	5	motorbike	339	291	472	484	1
000058	7	motorbike	122	344	340	522	1
000058	8	motorbike	643	266	683	324	0
000058	10	car	916	126	1114	244	0
000058	11	motorbike	769	228	832	274	0
000058	12	motorbike	800	217	855	257	0
000058	13	motorbike	849	207	930	259	0
000058	17	person	458	209	547	349	0
000058	23	car	1107	109	1247	216	0
000058	27	person	585	227	631	283	0
000058	31	person	332	221	445	374	1
000058	32	car	10	336	146	445	0
000058	36	person	631	215	674	267	0
000059	2	motorbike	470	323	583	474	1
000059	4	motorbike	595	287	645	356	0
000059	5	motorbike	350	290	470	474	1
000059	7	motorbike	81	355	290	536	1
000059	8	motorbike	638	269	678	327	0
000059	10	car	917	129	1121	251	0
000059	11	motorbike	772	234	835	280	0
000059	12	motorbike	802	223	857	263	0
000059	13	motorbike	853	214	934	266	0
000059	17	person	458	209	547	349	0
000059	23	car	1123	113	1263	220	0
000059	27	person	585	228	631	284	0
000059	31	person	341	228	450	372	1
000059	36	person	630	218	673	270	0
000060	2	motorbike	469	322	579	472	1
000060	4	motorbike	589	289	639	358	0
000060	5	motorbike	362	288	469	464	1
000060	7	motorbike	40	366	240	550	1
000060	8	motorbike	642	276	682	334	0
000060	10	car	940	142	1150	267	0
000060	11	motorbike	775	240	838	286	0
000060	12	motorbike	804	229	859	269	0
000060	13	motorbike	857	221	938	273	0
000060	17	person	459	209	548	349	0
000060	23	car	1148	130	1265	237	0
000060	27	person	585	229	631	285	0
000060	31	person	361	231	459	366	1
000060	36	person	634	225	677	277	0
000061	2	motorbike	478	316	586	474	1
000061	4	motorbike	584	291	634	361	0
000061	5	motorbike	374	287	468	455	1
000061	7	motorbike	0	377	191	564	1
000061	8	motorbike	646	283	686	341	0
000061	10	car	964	155	1180	284	0
000061	11	motorbike	779	247	842	293	0
000061	12	motorbike	806	235	861	275	0
000061	13	motorbike	862	228	943	280	0
000061	17	person	467	210	556	350	0
000061	23	car	1174	147	1267	254	0
000061	27	person	586	238	632	294	0
000061	31	person	381	234	469	361	1
000061	33	car	181	288	292	384	0
000061	36	person	639	232	682	284	0
000062	2	motorbike	487	310	594	476	1
000062	4	motorbike	586	299	636	369	0
000062	5	motorbike	385	285	479	453	1
000062	7	motorbike	0	399	141	590	1
000062	8	motorbike	651	291	691	349	0
000062	10	car	988	169	1210	301	0
000062	11	motorbike	787	249	855	299	0
000062	12	motorbike	814	242	873	284	0
000062	13	motorbike	875	231	958	286	0
000062	14	car	269	310	403	395	0
000062	17	person	475	212	564	352	0
000062	27	person	588	248	634	304	0
000062	31	person	401	237	478	355	1
000062	33	car	179	289	290	385	0
000062	36	person	644	239	687	291	0
000063	2	motorbike	496	304	602	478	1
000063	4	motorbike	588	307	638	377	0
000063	5	motorbike	396	284	490	452	1
000063	7	motorbike	0	421	92	616	1
000063	8	motorbike	655	298	695	356	0
000063	10	car	1005	168	1216	303	0
000063	11	motorbike	795	252	868	305	0
000063	12	motorbike	822	249	885	294	0
000063	13	motorbike	889	235	973	293	0
000063	14	car	239	312	378	406	0
000063	17	person	483	214	572	354	0
000063	27	person	590	258	636	314	0
000063	31	person	422	240	488	350	1
000063	33	car	177	290	288	386	0
000063	36	person	649	246	692	298	0
000064	2	motorbike	505	299	610	480	1
000064	4	motorbike	591	315	641	385	0
000064	5	motorbike	408	283	502	451	1
000064	8	motorbike	660	306	700	364	0
000064	10	car	1022	168	1222	305	0
000064	11	motorbike	803	254	881	311	0
000064	12	motorbike	830	256	897	303	0
000064	13	motorbike	902	238	988	299	0
000064	14	car	209	314	354	417	0
000064	17	person	491	216	580	356	0
000064	27	person	592	268	638	324	0
000064	31	person	433	236	499	346	1
000064	33	car	175	291	286	387	0
000064	34	car	767	253	814	303	0
000064	35	car	734	272	772	303	0
000064	36	person	654	254	697	306	0
000065	2	motorbike	514	301	616	477	1
000065	4	motorbike	591	315	641	385	0
000065	5	motorbike	424	286	513	448	1
000065	8	motorbike	666	306	706	364	0
000065	10	car	1039	168	1229	307	0
000065	11	motorbike	811	257	894	317	0
000065	13	motorbike	916	242	1003	306	0
000065	14	car	179	317	330	428	0
000065	17	person	499	218	588	358	0
000065	27	person	591	263	637	319	0
000065	31	person	444	233	510	343	1
000065	33	car	173	292	284	388	0
000065	34	car	772	249	822	301	0
000065	35	car	737	268	776	299	0
000065	36	person	658	252	701	304	0
000066	2	motorbike	523	303	623	475	1
000066	4	motorbike	591	315	641	385	0
000066	5	motorbike	440	290	524	445	1
000066	8	motorbike	672	306	712	364	0
000066	10	car	1056	168	1235	309	0
000066	11	motorbike	819	260	908	324	0
000066	13	motorbike	929	246	1019	313	0
000066	14	car	149	319	305	439	0
000066	17	person	507	220	596	360	0
000066	27	person	590	259	636	315	0
000066	31	person	455	230	521	340	1
000066	34	car	778	246	830	299	0
000066	35	car	741	265	781	296	0
000066	36	person	662	250	705	302	0
000067	2	motorbike	532	306	629	473	1
000067	4	motorbike	591	315	641	385	0
000067	5	motorbike	457	294	536	442	1
000067	8	motorbike	679	306	719	364	0
000067	10	car	1073	167	1242	312	0
000067	11	motorbike	827	262	921	330	0
000067	13	motorbike	943	249	1034	319	0
000067	14	car	119	322	281	450	0
000067	17	person	516	216	605	356	0
000067	27	person	589	254	635	310	0
000067	31	person	466	227	532	337	1
000067	34	car	784	242	838	297	0
000067	35	car	745	262	786	293	0
000067	36	person	666	248	709	300	0
000068	2	motorbike	541	308	636	471	1
000068	4	motorbike	591	315	641	385	0
000068	5	motorbike	473	298	547	439	1
000068	8	motorbike	685	306	725	364	0
000068	10	car	1090	167	1248	314	0
000068	11	motorbike	835	265	934	336	0
000068	13	motorbike	956	253	1049	326	0
000068	14	car	89	324	257	461	0
000068	17	person	525	212	614	352	0
000068	31	person	473	226	539	336	1
000068	34	car	790	239	846	296	0
000068	35	car	749	259	791	289	0
000068	36	person	671	247	714	299	0
000069	2	motorbike	550	311	642	469	1
000069	4	motorbike	591	315	641	385	0
000069	5	motorbike	490	301	559	436	1
000069	8	motorbike	691	306	731	364	0
000069	10	car	1107	167	1255	316	0
000069	11	motorbike	843	267	947	342	0
000069	13	motorbike	970	256	1064	332	0
000069	14	car	59	327	232	472	0
000069	17	person	534	209	623	349	0
000069	31	person	480	225	546	335	1
000069	34	car	796	235	854	294	0
000069	35	car	752	255	796	286	0
000069	36	person	677	250	720	302	0
000070	2	motorbike	559	313	649	467	1
000070	4	motorbike	591	315	641	385	0
000070	5	motorbike	506	305	570	433	1
000070	8	motorbike	698	306	738	364	0
000070	10	car	1124	167	1261	318	0
000070	11	motorbike	851	270	960	348	0
000070	13	motorbike	983	260	1079	339	0
000070	14	car	29	329	208	483	0
000070	17	person	543	205	632	345	0
000070	31	person	487	225	553	335	1
000070	34	car	802	232	863	292	0
000070	35	car	756	252	801	283	0
000070	36	person	684	254	727	306	0
000071	2	motorbike	568	316	655	465	1
000071	4	motorbike	591	315	641	385	0
000071	5	motorbike	523	309	582	430	1
000071	8	motorbike	704	306	744	364	0
000071	10	car	1141	167	1268	321	0
000071	11	motorbike	859	273	974	355	0
000071	13	motorbike	997	264	1095	346	0
000071	17	person	552	201	641	341	0
000071	31	person	494	224	560	334	1
000071	33	car	138	294	283	389	0
000071	34	car	808	229	871	290	0
000071	35	car	760	249	806	279	0
000071	36	person	690	257	733	309	0
000072	2	motorbike	577	318	662	463	1
000072	4	motorbike	591	315	641	385	0
000072	5	motorbike	539	313	593	427	1
000072	8	motorbike	710	306	750	364	0
000072	10	car	1162	161	1268	315	0
000072	11	motorbike	876	260	991	342	0
000072	13	motorbike	1014	247	1117	332	0
000072	17	person	561	198	650	338	0
000072	33	car	134	288	279	383	0
000072	34	car	814	225	879	289	0
000072	35	car	764	246	811	276	0
000072	36	person	697	261	740	313	0
000073	2	motorbike	586	321	669	461	1
000073	5	motorbike	556	317	605	424	1
000073	8	motorbike	717	306	757	364	0
000073	10	car	1183	155	1268	309	0
000073	11	motorbike	894	247	1009	329	0
000073	13	motorbike	1031	230	1139	318	0
000073	17	person	570	194	659	334	0
000073	33	car	131	283	276	378	0
000073	34	car	820	222	887	287	0
000073	35	car	767	242	816	273	0
000073	36	person	700	254	743	306	0
000074	2	motorbike	592	310	675	451	1
000074	5	motorbike	564	303	613	412	1
000074	8	motorbike	719	300	759	358	0
000074	11	motorbike	912	234	1027	316	0
000074	13	motorbike	1049	214	1162	305	0
000074	17	person	579	190	668	330	0
000074	33	car	128	278	273	373	0
000074	34	car	826	218	895	285	0
000074	35	car	771	239	821	269	0
000074	36	person	703	248	746	300	0
000075	2	motorbike	598	300	682	442	1
000075	5	motorbike	572	289	621	400	1
000075	8	motorbike	721	294	761	352	0
000075	11	motorbike	919	232	1039	318	0
000075	13	motorbike	1066	212	1182	307	0
000075	17	person	589	187	678	327	0
000075	33	car	115	284	264	385	0
000075	34	car	832	215	903	283	0
000075	35	car	775	236	826	266	0
000075	36	person	706	242	749	294	0
000076	2	motorbike	605	290	689	433	1
000076	5	motorbike	581	275	629	389	1
000076	8	motorbike	723	288	763	346	0
000076	11	motorbike	927	231	1052	321	0
000076	13	motorbike	1083	210	1203	309	0
000076	17	person	598	190	687	330	0
000076	33	car	103	290	256	397	0
000076	34	car	838	212	912	282	0
000076	35	car	779	233	831	263	0
000076	36	person	709	236	752	288	0
000077	2	motorbike	614	291	699	435	1
000077	5	motorbike	588	276	652	396	1
000077	8	motorbike	726	283	766	341	0
000077	11	motorbike	935	229	1065	324	0
000077	13	motorbike	1100	208	1224	312	0
000077	17	person	607	193	696	333	0
000077	33	car	90	296	248	409	0
000077	34	car	843	213	917	283	0
000077	35	car	783	234	835	269	0
000077	36	person	713	230	756	282	0
000078	2	motorbike	624	292	709	438	1
000078	5	motorbike	596	277	675	404	1
000078	8	motorbike	728	283	768	341	0
000078	11	motorbike	943	228	1078	327	0
000078	13	motorbike	1117	206	1245	314	0
000078	17	person	616	196	705	336	0
000078	33	car	78	302	240	422	0
000078	34	car	848	214	922	284	0
000078	35	car	787	236	839	276	0
000078	36	person	715	229	758	281	0
000079	2	motorbike	634	294	719	441	1
000079	5	motorbike	604	278	698	411	1
000079	8	motorbike	731	284	771	342	0
000079	11	motorbike	951	227	1091	330	0
000079	17	person	625	200	714	340	0
000079	33	car	65	308	232	434	0
000079	34	car	853	215	927	285	0
000079	35	car	791	238	843	282	0
000079	36	person	718	228	761	280	0
000080	2	motorbike	644	295	729	443	1
000080	5	motorbike	612	279	721	419	1
000080	8	motorbike	734	285	774	343	0
000080	11	motorbike	968	228	1111	336	0
000080	17	person	634	203	723	343	0
000080	33	car	53	314	224	446	0
000080	34	car	858	216	932	286	0
000080	35	car	796	240	847	289	0
000080	36	person	721	228	764	280	0
000081	2	motorbike	654	297	740	446	1
000081	5	motorbike	620	281	744	427	1
000081	8	motorbike	737	286	777	344	0
000081	11	motorbike	986	230	1132	343	0
000081	17	person	643	206	732	346	0
000081	33	car	41	320	216	459	0
000081	34	car	860	217	934	287	0
000081	35	car	799	240	850	289	0
000081	36	person	724	231	767	283	0
000082	2	motorbike	664	298	750	449	1
000082	5	motorbike	625	291	730	429	1
000082	8	motorbike	740	287	780	345	0
000082	11	motorbike	1004	231	1153	350	0
000082	17	person	652	210	741	350	0
000082	33	car	35	325	210	464	0
000082	34	car	862	218	936	288	0
000082	35	car	802	241	853	290	0
000082	36	person	727	234	770	286	0
000083	2	motorbike	674	299	760	451	1
000083	5	motorbike	631	302	717	432	1
000083	8	motorbike	743	288	783	346	0
000083	11	motorbike	1022	233	1174	357	0
000083	17	person	657	208	746	349	0
000083	33	car	29	330	204	469	0
000083	34	car	864	219	938	289	0
000083	35	car	805	242	856	291	0
000083	36	person	731	237	774	289	0
000084	2	motorbike	684	301	770	454	1
000084	5	motorbike	636	313	703	434	1
000084	8	motorbike	746	289	786	347	0
000084	11	motorbike	1040	234	1195	364	0
000084	15	motorbike	241	377	282	440	0
000084	17	person	662	207	752	348	0
000084	33	car	24	335	199	474	0
000084	34	car	867	220	941	290	0
000084	35	car	808	243	859	292	0
000084	36	person	734	240	777	292	0
000085	2	motorbike	694	302	780	457	1
000085	5	motorbike	642	324	690	437	1
000085	8	motorbike	742	285	782	343	0
000085	11	motorbike	1058	236	1216	371	0
000085	15	motorbike	205	386	253	451	0
000085	17	person	668	205	757	347	0
000085	33	car	16	344	181	483	0
000085	34	car	870	223	950	293	0
000085	35	car	808	247	859	296	0
000086	2	motorbike	704	304	791	460	1
000086	5	motorbike	645	323	693	431	1
000086	8	motorbike	739	281	779	339	0
000086	11	motorbike	1086	213	1226	369	0
000086	15	motorbike	169	396	225	463	0
000086	17	person	673	204	763	346	0
000086	33	car	8	354	163	493	0
000086	34	car	874	227	959	296	0
000086	35	car	809	251	860	300	0
000087	2	motorbike	703	298	790	454	1
000087	5	motorbike	648	322	696	425	1
000087	8	motorbike	735	277	775	335	0
000087	11	motorbike	1114	190	1236	367	0
000087	15	motorbike	133	406	197	475	0
000087	17	person	679	202	769	345	0
000087	33	car	0	364	145	503	0
000087	34	car	878	231	968	300	0
000087	35	car	810	255	861	304	0
000088	2	motorbike	702	293	789	449	1
000088	5	motorbike	651	321	699	420	1
000088	8	motorbike	732	273	772	331	0
000088	11	motorbike	1142	167	1246	365	0
000088	15	motorbike	97	416	169	487	0
000088	17	person	684	201	774	344	0
000088	33	car	0	357	134	496	0
000088	34	car	875	209	971	289	0
000088	35	car	809	246	860	295	0
000089	2	motorbike	701	288	788	444	1
000089	5	motorbike	670	311	727	416	1
000089	11	motorbike	1170	144	1256	363	0
000089	15	motorbike	61	426	141	499	0
000089	17	person	690	199	780	343	0
000089	27	person	623	246	669	302	0
000089	33	car	0	350	124	489	0
000089	34	car	872	187	975	278	0
000089	35	car	809	237	860	286	0
000090	2	motorbike	705	285	792	441	1
000090	5	motorbike	690	302	755	412	1
000090	17	person	695	198	786	342	0
000090	27	person	624	253	670	309	0
000090	33	car	0	344	114	483	0
000090	34	car	870	166	979	267	0
000090	35	car	809	229	860	278	0
000091	2	motorbike	710	283	797	439	1
000091	17	person	701	196	791	341	0
000091	27	person	625	260	671	316	0
000091	31	person	783	204	849	314	1
000091	33	car	0	349	95	488	0
000091	34	car	869	169	978	270	0
000091	35	car	809	220	860	269	0
000092	2	motorbike	715	280	802	436	1
000092	17	person	706	195	797	340	0
000092	27	person	626	267	672	323	0
000092	31	person	800	208	866	318	1
000092	33	car	0	354	77	493	0
000092	34	car	869	172	978	273	0
000093	2	motorbike	720	278	807	434	1
000093	4	motorbike	639	319	689	389	0
000093	17	person	712	194	803	339	0
000093	27	person	628	275	674	331	0
000093	31	person	818	213	884	323	1
000093	33	car	0	359	59	498	0
000093	34	car	869	175	978	276	0
000094	2	motorbike	724	276	811	432	1
000094	4	motorbike	633	308	683	378	0
000094	17	person	713	180	806	330	0
000094	27	person	621	263	667	319	0
000094	31	person	836	218	902	328	1
000094	34	car	869	178	978	279	0
000095	2	motorbike	729	273	816	429	1
000095	4	motorbike	627	297	677	367	0
000095	17	person	714	166	810	321	0
000095	27	person	614	252	660	308	0
000095	31	person	857	226	935	332	1
000095	34	car	869	182	978	283	0
000096	2	motorbike	734	271	821	427	1
000096	4	motorbike	621	286	671	356	0
000096	17	person	715	152	814	312	0
000096	27	person	607	241	653	297	0
000096	31	person	878	234	968	337	1
000096	34	car	876	182	989	283	0
000097	2	motorbike	739	269	826	425	1
000097	4	motorbike	616	275	666	345	0
000097	17	person	716	139	818	304	0
000097	27	person	601	230	647	286	0
000097	31	person	900	242	1001	342	1
000097	34	car	883	182	1000	283	0
000098	2	motorbike	757	275	844	431	1
000098	4	motorbike	623	283	673	353	0
000098	17	person	733	141	838	310	0
000098	27	person	610	237	656	293	0
000098	31	person	921	250	1034	346	1
000098	34	car	891	182	1011	283	0
000099	2	motorbike	776	282	863	438	1
000099	4	motorbike	630	291	680	361	0
000099	17	person	750	143	858	317	0
000099	27	person	619	244	665	300	0
000099	31	person	942	258	1067	351	1
000099	34	car	898	182	1022	283	0
000100	2	motorbike	795	289	882	445	1
000100	4	motorbike	638	299	688	369	0
000100	5	motorbike	887	240	970	379	1
000100	17	person	767	145	878	324	0
000100	23	car	745	269	796	302	0
000100	27	person	629	252	675	308	0
000100	31	person	964	266	1101	356	1
000100	34	car	906	183	1034	283	0
