000001	1	car	538	482	566	501	1
000001	2	car	492	477	517	499	1
000002	1	car	539	482	567	501	1
000002	2	car	492	477	517	499	1
000003	1	car	541	483	569	502	1
000003	2	car	493	477	518	499	1
000004	1	car	542	483	571	503	1
000004	2	car	493	477	519	499	1
000005	1	car	544	484	573	504	1
000005	2	car	494	477	519	499	1
000006	1	car	545	484	575	505	1
000006	2	car	495	477	520	499	1
000007	1	car	547	485	577	506	1
000007	2	car	495	477	521	499	1
000008	1	car	549	486	579	507	1
000008	2	car	496	477	522	500	1
000009	1	car	550	486	581	508	1
000009	2	car	497	477	522	500	1
000010	1	car	552	487	583	509	1
000010	2	car	497	477	523	500	1
000011	1	car	553	487	585	510	1
000011	2	car	498	477	524	500	1
000012	1	car	555	488	587	511	1
000012	2	car	499	477	524	500	1
000013	1	car	557	489	589	512	1
000013	2	car	499	477	525	500	1
000014	1	car	559	486	591	510	1
000014	2	car	500	478	526	501	1
000015	1	car	561	484	593	508	1
000015	2	car	500	478	527	501	1
000016	1	car	563	482	596	506	1
000016	2	car	501	478	527	501	1
000017	1	car	565	480	598	504	1
000017	2	car	502	478	528	501	1
000018	1	car	567	478	601	503	1
000018	2	car	502	478	529	501	1
000019	1	car	569	478	604	503	1
000019	2	car	503	478	529	501	1
000020	1	car	571	478	608	504	1
000020	2	car	504	478	530	502	1
000021	1	car	573	478	611	505	1
000021	2	car	504	478	531	502	1
000022	1	car	576	479	615	506	1
000022	2	car	505	478	532	502	1
000023	1	car	578	479	618	507	1
000023	2	car	506	478	532	502	1
000024	1	car	580	479	622	508	1
000024	2	car	506	478	533	502	1
000025	1	car	583	480	625	509	1
000025	2	car	507	478	534	502	1
000026	1	car	585	480	629	510	1
000026	2	car	508	479	535	503	1
000027	1	car	587	480	632	511	1
000027	2	car	507	479	535	503	1
000028	1	car	590	481	636	512	1
000028	2	car	507	479	535	503	1
000029	1	car	592	481	639	513	1
000029	2	car	507	479	535	504	1
000030	1	car	594	481	643	514	1
000030	2	car	506	479	535	504	1
000031	1	car	597	482	646	515	1
000031	2	car	506	479	536	505	1
000032	1	car	599	482	650	516	1
000032	2	car	506	479	536	505	1
000033	1	car	601	482	653	517	1
000033	2	car	505	479	536	506	1
000034	1	car	604	483	657	518	1
000034	2	car	505	479	536	506	1
000034	4	car	419	481	460	518	0
000035	1	car	607	483	662	519	1
000035	2	car	505	479	537	507	1
000035	4	car	417	479	458	517	0
000036	1	car	610	483	668	521	1
000036	2	car	504	478	537	507	1
000036	4	car	415	478	456	517	0
000037	1	car	613	484	674	523	1
000037	2	car	504	478	537	507	1
000037	4	car	413	476	454	517	0
000038	1	car	616	480	679	520	1
000038	2	car	503	477	537	507	1
000038	4	car	411	475	452	517	0
000039	1	car	619	477	685	518	1
000039	2	car	503	477	537	507	1
000039	4	car	409	473	450	517	0
000040	1	car	622	473	691	516	1
000040	2	car	502	472	536	503	1
000040	4	car	407	472	449	517	0
000041	1	car	625	470	696	514	1
000041	2	car	501	468	536	499	1
000041	4	car	404	468	448	513	0
000042	1	car	628	466	702	512	1
000042	2	car	500	464	536	495	1
000042	4	car	401	464	448	510	0
000043	1	car	632	463	708	510	1
000043	2	car	500	460	536	492	1
000043	4	car	398	460	448	506	0
000044	1	car	636	462	714	510	1
000044	2	car	497	459	535	493	1
000044	4	car	395	456	448	503	0
000045	1	car	640	461	721	511	1
000045	2	car	495	458	535	494	1
000045	4	car	392	452	448	500	0
000046	1	car	644	461	727	512	1
000046	2	car	493	458	535	495	1
000046	4	car	387	451	445	500	0
000047	1	car	648	460	734	513	1
000047	2	car	491	457	534	496	1
000047	4	car	382	450	443	500	0
000048	1	car	653	460	741	514	1
000048	2	car	489	457	534	497	1
000048	4	car	377	450	441	500	0
000049	1	car	659	458	751	515	1
000049	2	car	487	456	534	498	1
000049	4	car	372	449	439	500	0
000050	1	car	666	457	761	516	1
000050	2	car	485	456	534	499	1
000050	4	car	367	449	437	500	0
000051	1	car	673	456	771	517	1
000051	2	car	482	454	533	498	1
000051	4	car	362	448	435	500	0
000051	5	car	614	463	657	496	0
000052	1	car	680	455	782	518	1
000052	2	car	480	452	533	498	1
000052	4	car	357	448	433	501	0
000052	5	car	615	463	658	496	0
000053	1	car	686	453	792	519	1
000053	2	car	478	450	533	498	1
000053	4	car	352	447	430	501	0
000053	5	car	617	464	660	497	0
000054	1	car	693	452	802	520	1
000054	2	car	476	449	532	498	1
000054	4	car	347	446	428	501	0
000054	5	car	618	464	661	497	0
000055	1	car	700	451	812	521	1
000055	2	car	474	447	532	498	1
000055	4	car	342	446	426	501	0
000055	5	car	620	465	663	498	0
000056	1	car	707	450	823	522	1
000056	2	car	472	445	532	498	1
000056	4	car	337	445	424	501	0
000056	5	car	621	466	664	499	0
000057	1	car	717	449	839	527	1
000057	2	car	470	444	532	498	1
000057	4	car	332	445	422	501	0
000057	5	car	623	466	666	499	0
000058	1	car	728	449	856	532	1
000058	2	car	467	445	531	501	1
000058	4	car	327	444	420	501	0
000058	5	car	624	467	667	500	0
000059	1	car	739	449	872	537	1
000059	2	car	464	447	530	504	1
000059	4	car	322	444	418	502	0
000059	5	car	626	468	669	501	0
000060	1	car	750	449	889	542	1
000060	2	car	461	449	529	507	1
000060	4	car	318	447	414	505	0
000060	5	car	627	468	670	501	0
000061	1	car	761	449	905	547	1
000061	2	car	458	450	528	511	1
000061	4	car	315	451	411	509	0
000061	5	car	629	469	672	502	0
000062	1	car	772	449	922	553	1
000062	2	car	455	452	527	514	1
000062	4	car	311	454	407	512	0
000062	5	car	630	469	673	502	0
000063	1	car	783	448	940	562	1
000063	2	car	452	454	526	517	1
000063	4	car	308	458	404	516	0
000063	5	car	632	470	675	503	0
000064	1	car	794	447	959	571	1
000064	2	car	449	455	525	521	1
000064	4	car	305	461	401	519	0
000064	5	car	633	471	676	504	0
000065	1	car	806	446	978	580	1
000065	2	car	446	457	524	524	1
000065	4	car	301	465	397	523	0
000065	5	car	635	471	678	504	0
000066	1	car	814	445	998	598	1
000066	2	car	443	459	523	527	1
000066	4	car	298	468	394	526	0
000066	5	car	636	472	679	505	0
000067	1	car	822	444	1018	617	1
000067	2	car	441	461	522	531	1
000067	4	car	295	472	391	530	0
000067	5	car	638	473	681	506	0
000068	1	car	830	443	1038	636	1
000068	2	car	430	458	520	533	1
000068	3	car	517	471	552	500	0
000068	4	car	288	471	387	530	0
000068	5	car	640	473	683	506	0
000069	1	car	839	442	1058	655	1
000069	2	car	420	455	519	536	1
000069	3	car	518	472	553	501	0
000069	4	car	282	470	384	530	0
000069	5	car	642	474	685	507	0
000070	1	car	842	438	1102	667	1
000070	2	car	409	452	518	538	1
000070	3	car	520	474	555	503	0
000070	4	car	275	469	381	530	0
000070	5	car	644	474	687	507	0
000071	1	car	846	434	1147	680	1
000071	2	car	399	449	517	541	1
000071	3	car	522	475	557	504	0
000071	4	car	269	468	378	530	0
000071	5	car	646	475	689	508	0
000072	1	car	849	430	1192	693	1
000072	2	car	388	446	515	544	1
000072	3	car	524	477	559	506	0
000072	4	car	262	467	374	530	0
000072	5	car	649	476	692	509	0
000073	2	car	378	443	514	546	1
000073	3	car	524	474	559	503	0
000073	4	car	256	466	371	530	0
000073	5	car	654	481	697	514	0
000074	2	car	367	440	513	549	1
000074	3	car	524	471	559	501	0
000074	4	car	249	465	368	530	0
000074	5	car	659	486	702	519	0
000075	2	car	357	437	512	552	1
000075	3	car	524	468	559	499	0
000075	5	car	665	491	708	524	0
000076	2	car	356	450	520	571	1
000076	3	car	532	481	567	513	0
000076	5	car	670	496	713	529	0
000077	2	car	355	464	528	590	1
000077	3	car	541	495	576	527	0
000077	5	car	675	501	718	534	0
000078	2	car	354	478	536	609	1
000078	3	car	550	508	584	541	0
000078	5	car	681	506	724	539	0
000079	2	car	353	492	545	629	1
000079	3	car	558	522	593	555	0
000079	5	car	688	513	731	546	0
000080	2	car	330	485	552	641	1
000080	3	car	567	535	601	569	0
000080	5	car	696	520	739	553	0
000081	2	car	307	479	560	654	1
000081	3	car	576	549	610	583	0
000081	5	car	704	528	747	561	0
000082	2	car	284	473	568	666	1
000082	3	car	577	545	611	579	0
000082	5	car	712	535	755	568	0
000083	2	car	262	466	575	679	1
000083	3	car	578	541	612	576	0
000083	5	car	720	542	763	575	0
000084	2	car	239	460	583	691	1
000084	3	car	579	537	613	573	0
000085	2	car	216	454	591	704	1
000085	3	car	585	538	619	575	0
000086	2	car	194	448	599	717	1
000086	3	car	591	540	625	577	0
000087	2	car	145	433	617	717	1
000088	2	car	96	418	636	717	1
000089	2	car	48	404	655	718	1
000090	2	car	60	419	683	718	1
000091	2	car	73	435	712	718	1
000092	2	car	86	450	741	718	1
000093	2	car	98	466	770	718	1
000094	2	car	111	481	799	718	1
000095	2	car	124	497	827	718	1
000096	2	car	137	512	856	718	1
000097	2	car	149	528	885	718	1
000098	2	car	162	543	914	718	1
000099	2	car	175	559	943	718	1
000100	2	car	188	575	972	718	1
