000001	1	car	430	172	620	323	1
000001	2	car	231	184	437	289	0
000001	3	car	3	179	337	481	1
000002	1	car	428	172	618	323	1
000002	2	car	231	183	439	288	0
000002	3	car	1	177	336	478	1
000003	1	car	426	172	616	323	1
000003	2	car	232	183	440	288	0
000003	3	car	1	177	336	476	1
000004	1	car	424	174	615	325	1
000004	2	car	234	183	442	288	0
000004	3	car	1	177	336	472	1
000005	1	car	423	174	613	325	1
000005	2	car	236	183	444	288	0
000005	3	car	1	177	336	471	1
000006	1	car	421	176	611	325	1
000006	2	car	238	183	446	288	0
000006	3	car	1	176	336	467	1
000007	1	car	419	176	609	327	1
000007	2	car	240	183	448	288	0
000007	3	car	1	176	336	465	1
000008	1	car	417	176	608	327	1
000008	2	car	241	183	449	286	0
000008	3	car	1	176	334	462	1
000009	1	car	416	177	606	327	1
000009	2	car	243	183	451	286	0
000009	3	car	1	176	334	460	1
000009	4	car	536	152	643	248	0
000010	1	car	414	177	604	328	1
000010	2	car	245	183	453	286	0
000010	3	car	1	174	334	456	1
000010	4	car	538	152	645	248	0
000011	1	car	412	179	602	328	1
000011	2	car	247	183	455	286	0
000011	3	car	1	174	334	455	1
000011	4	car	542	152	648	248	0
000012	1	car	410	179	600	328	1
000012	2	car	248	183	456	286	0
000012	3	car	1	174	334	451	1
000012	4	car	544	152	652	248	0
000013	1	car	408	181	599	330	1
000013	2	car	250	183	458	286	0
000013	3	car	1	174	334	449	1
000013	4	car	547	152	654	248	0
000014	1	car	408	177	606	328	1
000014	2	car	254	181	456	284	0
000014	3	car	1	172	336	446	1
000014	4	car	551	152	657	248	0
000015	1	car	408	174	615	328	1
000015	2	car	257	179	456	282	0
000015	3	car	3	172	339	442	1
000015	4	car	552	152	661	248	0
000016	1	car	408	170	622	327	1
000016	2	car	261	179	456	280	0
000016	3	car	3	170	343	439	1
000016	4	car	556	152	663	248	0
000017	1	car	408	168	631	327	1
000017	2	car	264	177	455	280	0
000017	3	car	5	170	344	435	1
000017	4	car	560	154	666	248	0
000018	1	car	407	168	629	327	1
000018	2	car	268	176	455	279	0
000018	3	car	5	170	348	432	1
000018	4	car	561	154	670	248	0
000019	1	car	405	170	627	328	1
000019	2	car	272	176	455	277	0
000019	3	car	7	168	352	428	1
000019	4	car	565	154	672	248	0
000020	1	car	403	170	625	328	1
000020	2	car	275	174	453	277	0
000020	3	car	7	168	355	424	1
000020	4	car	567	154	675	248	0
000021	1	car	401	172	624	330	1
000021	2	car	279	174	453	275	0
000021	3	car	8	167	357	423	1
000021	4	car	570	154	679	248	0
000022	1	car	400	172	622	330	1
000022	2	car	282	172	453	273	0
000022	3	car	8	167	360	419	1
000022	4	car	574	154	680	248	0
000023	1	car	398	174	620	332	1
000023	2	car	286	170	451	273	0
000023	3	car	10	167	364	416	1
000023	4	car	576	154	684	248	0
000024	1	car	396	176	618	334	1
000024	2	car	289	170	451	272	0
000024	3	car	10	165	368	412	1
000024	4	car	579	154	688	248	0
000025	1	car	396	174	618	334	1
000025	2	car	293	168	451	270	0
000025	3	car	12	165	369	408	1
000025	4	car	583	156	691	250	0
000026	1	car	396	174	618	334	1
000026	2	car	298	168	451	270	0
000026	3	car	12	163	373	405	1
000026	4	car	583	156	696	248	0
000027	1	car	396	172	620	334	1
000027	2	car	300	167	453	268	0
000027	3	car	14	163	376	401	1
000027	4	car	583	156	702	248	0
000028	1	car	396	172	620	336	1
000028	2	car	304	167	456	268	0
000028	3	car	16	163	380	400	1
000028	4	car	583	156	707	248	0
000029	1	car	396	170	620	336	1
000029	2	car	305	167	458	268	0
000029	3	car	17	161	380	396	1
000029	4	car	583	156	712	248	0
000030	1	car	396	170	622	336	1
000030	2	car	309	167	462	268	0
000030	3	car	21	161	382	394	1
000030	4	car	583	156	718	248	0
000031	1	car	396	168	622	337	1
000031	2	car	312	167	465	268	0
000031	3	car	24	160	382	392	1
000031	4	car	583	156	725	248	0
000032	1	car	396	168	622	337	1
000032	2	car	314	167	467	268	0
000032	3	car	26	160	384	391	1
000032	4	car	583	156	730	248	0
000033	1	car	396	168	624	337	1
000033	2	car	318	167	471	268	0
000033	3	car	30	158	384	389	1
000033	4	car	583	156	736	248	0
000034	1	car	396	167	624	339	1
000034	2	car	321	167	474	268	0
000034	3	car	33	158	385	387	1
000034	4	car	583	156	741	248	0
000035	1	car	396	167	624	339	1
000035	2	car	323	167	476	268	0
000035	3	car	35	158	385	385	1
000035	4	car	583	156	746	248	0
000036	1	car	396	165	625	339	1
000036	2	car	327	167	480	268	0
000036	3	car	39	156	387	384	1
000036	4	car	583	156	752	248	0
000037	1	car	396	165	625	339	1
000037	2	car	328	167	481	268	0
000037	3	car	42	156	387	380	1
000037	4	car	583	156	759	248	0
000038	1	car	396	163	627	341	1
000038	2	car	332	167	485	268	0
000038	3	car	46	154	389	378	1
000038	4	car	586	156	762	248	0
000039	1	car	396	163	627	341	1
000039	2	car	336	167	488	268	0
000039	3	car	48	154	389	376	1
000039	4	car	592	156	768	248	0
000040	1	car	396	163	627	341	1
000040	2	car	337	167	490	268	0
000040	3	car	51	154	391	375	1
000040	4	car	597	156	773	248	0
000041	1	car	396	161	629	343	1
000041	2	car	341	167	494	268	0
000041	3	car	55	152	391	373	1
000041	4	car	602	156	778	248	0
000042	1	car	396	161	629	343	1
000042	2	car	344	167	497	268	0
000042	3	car	56	152	392	371	1
000042	4	car	608	156	782	248	0
000043	1	car	396	160	629	343	1
000043	2	car	346	167	499	268	0
000043	3	car	60	151	392	369	1
000043	4	car	611	156	787	248	0
000044	1	car	396	160	631	344	1
000044	2	car	350	167	503	268	0
000044	3	car	64	151	394	368	1
000044	4	car	616	156	792	248	0
000045	1	car	396	158	631	344	1
000045	2	car	353	167	506	268	0
000045	3	car	67	151	396	366	1
000045	4	car	622	158	798	250	0
000046	1	car	396	158	631	344	1
000046	2	car	353	167	506	268	0
000046	3	car	72	149	398	364	1
000046	4	car	627	158	801	250	0
000047	1	car	396	158	632	344	1
000047	2	car	353	167	506	268	0
000047	3	car	78	149	401	364	1
000047	4	car	632	158	807	250	0
000048	1	car	396	156	632	346	1
000048	2	car	353	167	506	268	0
000048	3	car	85	147	405	362	1
000048	4	car	638	158	812	250	0
000049	1	car	396	156	632	346	1
000049	3	car	90	147	407	362	1
000049	4	car	641	158	817	250	0
000050	1	car	396	154	634	346	1
000050	3	car	97	147	410	360	1
000050	4	car	647	158	823	250	0
000051	1	car	396	154	634	348	1
000051	3	car	103	145	414	360	1
000051	4	car	652	158	826	250	0
000052	1	car	396	152	636	348	1
000052	3	car	110	145	417	359	1
000052	4	car	657	160	832	252	0
000053	1	car	396	152	636	348	1
000053	3	car	115	145	419	359	1
000053	4	car	663	160	837	252	0
000054	1	car	396	151	636	350	1
000054	3	car	122	144	423	357	1
000054	4	car	666	160	842	252	0
000055	1	car	396	151	638	350	1
000055	3	car	128	144	426	357	1
000055	4	car	672	160	846	252	0
000056	1	car	396	151	638	350	1
000056	3	car	135	144	430	357	1
000056	4	car	677	160	851	252	0
000057	1	car	396	149	638	350	1
000057	3	car	138	142	435	355	1
000057	4	car	682	160	856	252	0
000058	1	car	396	149	640	352	1
000058	3	car	142	142	440	355	1
000058	4	car	688	160	862	252	0
000059	1	car	396	147	640	352	1
000059	3	car	145	142	446	355	1
000059	4	car	693	161	867	254	0
000060	1	car	396	147	640	352	1
000060	3	car	149	140	451	355	1
000060	4	car	700	160	874	252	0
000061	1	car	396	145	641	353	1
000061	3	car	152	140	456	355	1
000061	4	car	707	160	881	252	0
000062	1	car	396	145	641	353	1
000062	3	car	156	140	462	353	1
000062	4	car	714	160	888	252	0
000063	1	car	396	145	641	353	1
000063	3	car	160	140	467	353	1
000063	4	car	721	160	896	252	0
000064	1	car	396	144	643	355	1
000064	3	car	163	138	472	353	1
000064	4	car	728	160	903	252	0
000065	1	car	396	144	643	355	1
000065	3	car	167	138	478	353	1
000065	4	car	736	160	910	252	0
000066	1	car	396	142	645	355	1
000066	3	car	170	138	483	353	1
000066	4	car	743	160	917	252	0
000067	1	car	396	142	645	355	1
000067	3	car	176	138	488	353	1
000067	4	car	750	160	924	252	0
000068	1	car	396	140	645	357	1
000068	3	car	183	136	487	352	1
000068	4	car	757	160	931	252	0
000069	1	car	396	140	647	357	1
000069	3	car	192	136	487	352	1
000069	4	car	762	160	936	252	0
000070	1	car	396	140	647	357	1
000070	3	car	199	136	487	352	1
000070	4	car	769	160	944	252	0
000071	1	car	396	138	647	359	1
000071	3	car	208	136	485	350	1
000071	4	car	775	160	949	252	0
000072	1	car	396	138	648	359	1
000072	3	car	215	136	485	350	1
000072	4	car	782	160	956	252	0
000073	1	car	396	136	648	359	1
000073	3	car	224	136	485	350	1
000073	4	car	789	160	963	252	0
000074	1	car	396	136	648	360	1
000074	3	car	225	136	488	350	1
000074	4	car	794	161	968	254	0
000075	1	car	396	135	650	360	1
000075	3	car	227	136	492	350	1
000075	4	car	801	161	976	254	0
000076	1	car	396	135	650	360	1
000076	3	car	231	138	497	352	1
000076	4	car	808	161	983	254	0
000077	1	car	396	135	652	362	1
000077	3	car	232	138	501	352	1
000077	4	car	814	161	988	254	0
000077	6	car	1059	163	1184	236	0
000078	1	car	385	135	652	362	1
000078	3	car	234	138	504	352	1
000078	4	car	821	161	995	254	0
000078	6	car	1059	163	1184	236	0
000079	1	car	376	136	652	364	1
000079	3	car	238	140	510	353	1
000079	4	car	828	163	1002	256	0
000079	6	car	1059	163	1184	236	0
000080	1	car	368	138	654	366	1
000080	3	car	232	140	504	353	1
000080	4	car	832	163	1006	256	0
000080	6	car	1059	163	1184	236	0
000081	1	car	359	140	654	366	1
000081	3	car	229	140	501	353	1
000081	4	car	835	163	1009	256	0
000081	6	car	1059	163	1184	236	0
000082	1	car	350	142	656	368	1
000082	3	car	224	140	496	353	1
000082	4	car	839	165	1013	257	0
000082	6	car	1059	163	1184	236	0
000083	1	car	341	144	656	369	1
000083	3	car	220	140	492	353	1
000083	4	car	842	165	1016	257	0
000083	6	car	1059	163	1184	236	0
000084	1	car	332	145	657	371	1
000084	3	car	215	142	487	355	1
000084	4	car	846	165	1020	257	0
000084	6	car	1059	163	1184	236	0
000085	1	car	323	147	657	371	1
000085	3	car	211	142	483	355	1
000085	4	car	849	167	1024	259	0
000085	6	car	1059	163	1184	236	0
000086	1	car	314	149	659	373	1
000086	3	car	206	142	478	355	1
000086	4	car	853	167	1027	259	0
000086	6	car	1059	163	1184	236	0
000087	1	car	305	151	659	375	1
000087	3	car	202	142	474	355	1
000087	4	car	856	167	1031	259	0
000087	6	car	1059	163	1184	236	0
000088	1	car	296	152	661	376	1
000088	3	car	199	144	471	357	1
000088	4	car	860	168	1034	261	0
000088	6	car	1059	163	1184	236	0
000089	1	car	275	152	648	384	1
000089	3	car	186	144	458	357	1
000089	4	car	862	167	1036	259	0
000089	6	car	1059	163	1184	236	0
000090	1	car	256	154	638	392	1
000090	3	car	176	144	448	357	1
000090	4	car	864	167	1040	259	0
000090	6	car	1059	163	1184	236	0
000091	1	car	234	156	627	401	1
000091	3	car	163	145	435	357	1
000091	4	car	867	167	1041	259	0
000091	6	car	1059	163	1184	236	0
000092	1	car	215	158	616	410	1
000092	3	car	152	145	424	357	1
000092	4	car	869	167	1045	259	0
000092	6	car	1059	163	1184	236	0
000093	1	car	193	160	606	419	1
000093	3	car	140	145	412	357	1
000093	4	car	872	165	1047	257	0
000093	6	car	1059	163	1184	236	0
000094	1	car	174	161	595	428	1
000094	4	car	874	165	1050	257	0
000094	6	car	1059	163	1184	236	0
000095	1	car	154	161	584	435	1
000095	4	car	876	165	1052	257	0
000095	5	car	782	158	878	254	0
000095	6	car	1059	163	1184	236	0
000096	1	car	133	163	574	444	1
000096	4	car	880	165	1056	257	0
000096	5	car	776	156	881	250	0
000096	6	car	1059	163	1178	234	0
000097	1	car	113	165	563	453	1
000097	4	car	881	163	1057	256	0
000097	5	car	771	154	885	248	0
000097	6	car	1059	163	1175	234	0
000098	1	car	92	167	552	462	1
000098	4	car	885	163	1061	256	0
000098	5	car	766	152	888	247	0
000098	6	car	1059	163	1171	234	0
000099	1	car	72	168	542	471	1
000099	4	car	887	163	1063	256	0
000099	5	car	760	151	892	245	0
000099	6	car	1059	163	1168	234	0
000100	1	car	53	170	531	480	1
000100	4	car	890	163	1066	256	0
000100	5	car	755	149	896	243	0
000100	6	car	1059	163	1164	234	0
