000001	1	motorbike	734	368	835	554	1
000001	2	motorbike	872	368	1018	561	0
000001	3	car	0	218	245	583	0
000001	4	motorbike	654	348	734	492	0
000001	5	motorbike	357	376	444	481	0
000001	6	motorbike	435	348	515	453	0
000001	7	motorbike	604	357	664	444	0
000001	8	person	716	232	828	455	1
000001	9	person	888	220	1006	421	0
000001	10	person	652	241	725	392	0
000001	11	person	364	252	440	412	0
000001	12	person	444	256	512	385	0
000001	15	person	604	268	656	369	0
000002	1	motorbike	732	371	837	552	1
000002	2	motorbike	876	368	1022	560	0
000002	3	car	0	218	243	581	0
000002	4	motorbike	654	348	732	492	0
000002	5	motorbike	355	375	442	481	0
000002	6	motorbike	433	348	513	453	0
000002	7	motorbike	602	355	663	442	0
000002	8	person	716	232	828	455	1
000002	9	person	888	220	1006	421	0
000002	10	person	652	240	725	391	0
000002	11	person	362	252	439	412	0
000002	12	person	444	256	512	385	0
000002	15	person	602	268	654	369	0
000003	1	motorbike	732	376	840	552	1
000003	2	motorbike	880	368	1027	558	0
000003	3	car	0	218	243	581	0
000003	4	motorbike	654	350	732	492	0
000003	5	motorbike	355	375	442	481	0
000003	6	motorbike	433	348	513	453	0
000003	7	motorbike	602	355	663	442	0
000003	8	person	716	232	830	455	1
000003	9	person	890	220	1008	421	0
000003	10	person	652	240	725	391	0
000003	11	person	362	252	439	412	0
000003	12	person	444	256	512	385	0
000003	15	person	602	268	654	369	0
000004	1	motorbike	732	382	842	551	1
000004	2	motorbike	883	369	1031	558	0
000004	3	car	0	218	241	581	0
000004	4	motorbike	654	350	732	492	0
000004	5	motorbike	355	375	442	483	0
000004	6	motorbike	433	348	513	453	0
000004	7	motorbike	602	355	663	442	0
000004	8	person	716	232	832	455	1
000004	9	person	892	222	1009	423	0
000004	10	person	654	240	727	391	0
000004	11	person	362	252	439	412	0
000004	12	person	444	256	512	385	0
000004	15	person	602	268	654	369	0
000005	1	motorbike	730	385	846	551	1
000005	2	motorbike	887	369	1036	556	0
000005	3	car	0	218	241	581	0
000005	4	motorbike	654	352	732	492	0
000005	5	motorbike	355	375	442	483	0
000005	6	motorbike	433	348	513	453	0
000005	7	motorbike	602	355	663	442	0
000005	8	person	718	232	832	455	1
000005	9	person	894	222	1011	423	0
000005	10	person	654	240	727	391	0
000005	11	person	362	252	439	412	0
000005	12	person	444	256	512	385	0
000005	15	person	602	268	654	369	0
000006	1	motorbike	730	391	848	549	1
000006	2	motorbike	890	369	1040	554	0
000006	3	car	0	218	240	581	0
000006	4	motorbike	654	352	732	492	0
000006	5	motorbike	355	375	442	483	0
000006	6	motorbike	433	348	513	453	0
000006	7	motorbike	602	355	663	442	0
000006	8	person	718	232	833	455	1
000006	9	person	896	222	1013	423	0
000006	10	person	654	240	727	391	0
000006	11	person	362	252	439	412	0
000006	12	person	444	256	512	385	0
000006	15	person	602	268	654	369	0
000007	1	motorbike	730	396	851	549	1
000007	2	motorbike	894	371	1045	554	0
000007	3	car	0	218	240	581	0
000007	4	motorbike	654	353	732	492	0
000007	5	motorbike	355	375	442	485	0
000007	6	motorbike	433	348	513	453	0
000007	7	motorbike	602	355	663	442	0
000007	8	person	718	232	835	455	1
000007	9	person	897	224	1015	424	0
000007	10	person	656	240	728	391	0
000007	11	person	360	252	437	412	0
000007	12	person	444	256	512	385	0
000007	15	person	602	268	654	369	0
000008	1	motorbike	725	391	849	547	1
000008	2	motorbike	894	371	1047	554	0
000008	3	car	0	218	238	581	0
000008	4	motorbike	654	355	732	492	0
000008	5	motorbike	355	375	442	485	0
000008	6	motorbike	433	348	513	453	0
000008	7	motorbike	602	355	663	442	0
000008	8	person	720	232	835	455	1
000008	9	person	899	224	1016	424	0
000008	10	person	656	240	728	391	0
000008	11	person	360	252	437	412	0
000008	12	person	444	256	512	385	0
000008	15	person	602	268	654	369	0
000009	1	motorbike	721	387	849	547	1
000009	2	motorbike	894	371	1048	554	0
000009	3	car	0	218	238	581	0
000009	4	motorbike	654	355	732	492	0
000009	5	motorbike	353	375	440	487	0
000009	6	motorbike	433	348	513	453	0
000009	7	motorbike	602	355	663	442	0
000009	8	person	720	232	837	455	1
000009	9	person	901	224	1018	424	0
000009	10	person	656	240	728	391	0
000009	11	person	360	252	437	412	0
000009	12	person	444	256	512	385	0
000009	15	person	602	268	654	369	0
000010	1	motorbike	716	382	849	547	1
000010	2	motorbike	896	371	1050	554	0
000010	3	car	0	218	236	581	0
000010	4	motorbike	654	357	732	492	0
000010	5	motorbike	353	375	440	487	0
000010	6	motorbike	433	348	513	453	0
000010	7	motorbike	602	355	663	442	0
000010	8	person	720	232	839	455	1
000010	9	person	903	225	1020	426	0
000010	10	person	657	240	730	391	0
000010	11	person	360	252	437	412	0
000010	12	person	444	256	512	385	0
000010	15	person	602	270	654	369	0
000011	1	motorbike	712	378	848	547	1
000011	2	motorbike	896	371	1052	554	0
000011	3	car	0	218	236	581	0
000011	4	motorbike	654	357	732	492	0
000011	5	motorbike	353	373	440	487	0
000011	6	motorbike	433	348	513	453	0
000011	7	motorbike	602	355	663	442	0
000011	8	person	720	232	840	455	1
000011	9	person	904	225	1022	426	0
000011	10	person	657	240	730	391	0
000011	11	person	360	252	437	412	0
000011	12	person	444	256	512	385	0
000011	15	person	602	270	654	369	0
000012	1	motorbike	707	373	848	547	1
000012	2	motorbike	896	371	1054	554	0
000012	3	car	0	218	234	581	0
000012	4	motorbike	654	359	732	492	0
000012	5	motorbike	353	373	440	488	0
000012	6	motorbike	433	348	513	453	0
000012	7	motorbike	602	355	663	442	0
000012	8	person	721	232	840	455	1
000012	9	person	906	225	1024	426	0
000012	10	person	657	240	730	391	0
000012	11	person	360	252	437	412	0
000012	12	person	444	256	512	385	0
000012	15	person	602	270	654	371	0
000013	1	motorbike	704	369	848	547	1
000013	2	motorbike	897	371	1056	556	0
000013	3	car	0	218	234	581	0
000013	4	motorbike	654	360	732	492	0
000013	5	motorbike	353	373	440	488	0
000013	6	motorbike	433	348	512	453	0
000013	7	motorbike	602	355	663	442	0
000013	8	person	721	232	842	455	1
000013	9	person	908	227	1025	428	0
000013	10	person	659	240	732	391	0
000013	11	person	359	252	435	412	0
000013	12	person	444	256	512	385	0
000013	15	person	602	270	654	371	0
000014	1	motorbike	704	369	848	547	1
000014	2	motorbike	890	369	1054	554	0
000014	3	car	0	218	232	581	0
000014	4	motorbike	654	359	732	492	0
000014	5	motorbike	353	373	440	488	0
000014	6	motorbike	433	348	512	453	0
000014	7	motorbike	602	355	663	442	0
000014	8	person	721	232	844	455	1
000014	9	person	908	227	1025	428	0
000014	10	person	659	240	732	391	0
000014	11	person	359	252	435	412	0
000014	12	person	444	256	512	385	0
000014	15	person	602	270	654	371	0
000015	1	motorbike	705	371	849	547	1
000015	2	motorbike	883	368	1052	554	0
000015	3	car	0	218	232	581	0
000015	4	motorbike	654	359	732	492	0
000015	5	motorbike	353	373	440	490	0
000015	6	motorbike	433	348	512	453	0
000015	7	motorbike	602	355	663	442	0
000015	8	person	723	232	844	455	1
000015	9	person	908	227	1025	428	0
000015	10	person	659	240	732	391	0
000015	11	person	359	252	435	412	0
000015	12	person	444	256	512	385	0
000015	15	person	602	270	654	371	0
000016	1	motorbike	705	373	849	549	1
000016	2	motorbike	876	366	1050	554	0
000016	3	car	0	218	231	581	0
000016	4	motorbike	654	359	732	492	0
000016	5	motorbike	353	373	440	490	0
000016	6	motorbike	433	348	512	455	0
000016	7	motorbike	602	355	663	442	0
000016	8	person	723	232	846	455	1
000016	9	person	908	227	1025	428	0
000016	10	person	659	240	732	391	0
000016	11	person	359	252	435	412	0
000016	12	person	444	256	512	385	0
000016	15	person	602	270	654	371	0
000017	1	motorbike	707	375	851	549	1
000017	2	motorbike	871	364	1048	554	0
000017	3	car	0	218	231	581	0
000017	4	motorbike	654	359	732	492	0
000017	5	motorbike	352	373	439	492	0
000017	6	motorbike	432	348	512	455	0
000017	7	motorbike	602	355	663	442	0
000017	8	person	723	232	848	455	1
000017	9	person	908	227	1025	428	0
000017	10	person	659	240	732	391	0
000017	11	person	359	252	435	412	0
000017	12	person	444	256	512	385	0
000017	15	person	602	270	654	371	0
000018	1	motorbike	707	375	853	549	1
000018	2	motorbike	864	368	1047	554	0
000018	3	car	0	218	229	581	0
000018	4	motorbike	654	357	732	492	0
000018	5	motorbike	352	373	439	492	0
000018	6	motorbike	432	348	512	455	0
000018	7	motorbike	602	355	663	442	0
000018	8	person	725	234	849	455	1
000018	9	person	908	227	1025	428	0
000018	10	person	659	240	732	391	0
000018	11	person	357	252	433	412	0
000018	12	person	444	256	512	385	0
000018	15	person	602	270	654	371	0
000019	1	motorbike	709	376	853	551	1
000019	2	motorbike	856	373	1045	554	0
000019	3	car	0	218	229	581	0
000019	4	motorbike	654	357	732	492	0
000019	5	motorbike	352	373	439	492	0
000019	6	motorbike	432	348	512	455	0
000019	7	motorbike	602	355	663	442	0
000019	8	person	725	234	849	455	1
000019	9	person	910	227	1027	428	0
000019	10	person	659	240	732	391	0
000019	11	person	357	252	433	412	0
000019	12	person	444	256	512	385	0
000019	15	person	602	272	654	371	0
000020	1	motorbike	709	378	855	551	1
000020	2	motorbike	851	378	1045	554	0
000020	3	car	0	218	227	581	0
000020	4	motorbike	654	357	732	492	0
000020	5	motorbike	352	371	439	494	0
000020	6	motorbike	432	348	512	455	0
000020	7	motorbike	602	355	663	442	0
000020	8	person	725	234	851	455	1
000020	9	person	910	227	1027	428	0
000020	10	person	659	240	732	391	0
000020	11	person	357	252	433	412	0
000020	12	person	444	256	512	385	0
000020	15	person	602	272	654	371	0
000021	1	motorbike	711	380	856	552	1
000021	2	motorbike	853	378	1047	554	0
000021	3	car	0	218	227	581	0
000021	4	motorbike	654	357	732	492	0
000021	5	motorbike	352	371	439	494	0
000021	6	motorbike	432	348	512	455	0
000021	7	motorbike	602	355	663	442	0
000021	8	person	725	234	853	455	1
000021	9	person	910	227	1027	428	0
000021	10	person	659	240	732	391	0
000021	11	person	357	252	433	412	0
000021	12	person	444	256	512	385	0
000021	15	person	602	272	654	371	0
000022	1	motorbike	711	380	856	552	1
000022	2	motorbike	856	378	1050	554	0
000022	3	car	0	218	225	581	0
000022	4	motorbike	654	355	732	492	0
000022	5	motorbike	352	371	439	494	0
000022	6	motorbike	432	348	512	455	0
000022	7	motorbike	602	355	663	442	0
000022	8	person	727	234	853	455	1
000022	9	person	910	227	1027	428	0
000022	10	person	659	240	732	391	0
000022	11	person	357	252	433	412	0
000022	12	person	444	256	512	385	0
000022	15	person	602	272	654	371	0
000023	1	motorbike	712	380	858	554	1
000023	2	motorbike	860	378	1054	556	0
000023	3	car	0	218	225	581	0
000023	4	motorbike	654	355	732	492	0
000023	5	motorbike	352	371	439	496	0
000023	6	motorbike	432	348	512	455	0
000023	7	motorbike	602	355	663	442	0
000023	8	person	727	234	855	455	1
000023	9	person	910	227	1027	428	0
000023	10	person	659	240	732	391	0
000023	11	person	357	252	433	412	0
000023	12	person	444	256	512	385	0
000023	15	person	602	272	654	373	0
000024	1	motorbike	712	382	858	554	1
000024	2	motorbike	864	378	1057	556	0
000024	3	car	0	218	225	581	0
000024	4	motorbike	654	355	732	492	0
000024	5	motorbike	350	371	437	496	0
000024	6	motorbike	432	350	510	455	0
000024	7	motorbike	602	353	661	442	0
000024	8	person	727	234	856	455	1
000024	9	person	912	227	1029	428	0
000024	10	person	659	240	732	391	0
000024	11	person	355	252	432	412	0
000024	12	person	444	256	512	385	0
000024	15	person	602	272	654	373	0
000025	1	motorbike	714	382	860	556	1
000025	2	motorbike	865	380	1059	556	0
000025	3	car	0	218	225	581	0
000025	4	motorbike	654	355	732	492	0
000025	5	motorbike	350	371	437	497	0
000025	6	motorbike	432	350	510	455	0
000025	7	motorbike	602	353	661	442	0
000025	8	person	728	234	856	455	1
000025	9	person	912	227	1029	428	0
000025	10	person	659	240	732	391	0
000025	11	person	355	252	432	412	0
000025	12	person	444	256	512	385	0
000025	15	person	602	272	654	373	0
000026	1	motorbike	714	382	862	558	1
000026	2	motorbike	869	380	1063	558	0
000026	3	car	0	218	225	581	0
000026	4	motorbike	654	353	732	492	0
000026	5	motorbike	350	371	437	497	0
000026	6	motorbike	432	350	510	455	0
000026	7	motorbike	602	353	661	442	0
000026	8	person	728	234	858	455	1
000026	9	person	912	227	1029	428	0
000026	10	person	659	240	732	391	0
000026	11	person	355	252	432	412	0
000026	12	person	444	256	512	385	0
000026	15	person	600	272	652	373	0
000027	1	motorbike	716	384	862	558	1
000027	2	motorbike	872	380	1066	558	0
000027	3	car	0	218	225	581	0
000027	4	motorbike	654	353	732	492	0
000027	5	motorbike	350	371	437	497	0
000027	6	motorbike	432	350	510	455	0
000027	7	motorbike	602	353	661	442	0
000027	8	person	728	234	860	456	1
000027	9	person	912	227	1029	428	0
000027	10	person	659	240	732	391	0
000027	11	person	355	252	432	412	0
000027	12	person	444	256	512	385	0
000027	15	person	600	272	652	373	0
000028	1	motorbike	716	384	864	560	1
000028	2	motorbike	876	380	1070	558	0
000028	3	car	0	218	225	581	0
000028	4	motorbike	654	353	732	492	0
000028	5	motorbike	350	371	437	499	0
000028	6	motorbike	432	350	510	455	0
000028	7	motorbike	602	353	661	442	0
000028	8	person	728	234	862	456	1
000028	9	person	912	227	1029	428	0
000028	10	person	659	240	732	391	0
000028	11	person	355	252	432	412	0
000028	12	person	444	256	512	385	0
000028	15	person	600	273	652	373	0
000029	1	motorbike	718	385	865	561	1
000029	2	motorbike	880	382	1073	560	0
000029	3	car	0	218	225	581	0
000029	4	motorbike	654	353	732	492	0
000029	5	motorbike	350	369	437	499	0
000029	6	motorbike	432	350	510	455	0
000029	7	motorbike	602	353	661	442	0
000029	8	person	730	234	862	456	1
000029	9	person	913	227	1031	428	0
000029	10	person	659	240	732	391	0
000029	11	person	355	252	432	412	0
000029	12	person	444	256	512	385	0
000029	15	person	600	273	652	373	0
000030	1	motorbike	718	382	865	561	1
000030	2	motorbike	888	378	1075	558	0
000030	3	car	0	218	225	581	0
000030	4	motorbike	654	352	732	492	0
000030	5	motorbike	350	369	437	499	0
000030	6	motorbike	432	350	510	455	0
000030	7	motorbike	602	353	661	442	0
000030	8	person	730	234	864	456	1
000030	9	person	913	224	1032	424	0
000030	10	person	659	240	732	391	0
000030	11	person	353	252	430	412	0
000030	12	person	444	256	512	385	0
000030	15	person	600	273	652	373	0
000031	1	motorbike	720	380	867	561	1
000031	2	motorbike	897	375	1077	556	0
000031	3	car	0	218	225	581	0
000031	4	motorbike	654	352	732	492	0
000031	5	motorbike	350	369	437	501	0
000031	6	motorbike	432	350	510	456	0
000031	7	motorbike	600	353	661	442	0
000031	8	person	730	234	865	456	1
000031	9	person	915	220	1034	423	0
000031	10	person	659	240	732	391	0
000031	11	person	353	252	430	412	0
000031	12	person	444	256	512	385	0
000031	15	person	600	273	652	373	0
000032	1	motorbike	720	378	869	563	1
000032	2	motorbike	908	371	1080	556	0
000032	3	car	0	218	225	581	0
000032	4	motorbike	654	352	732	492	0
000032	5	motorbike	348	369	435	501	0
000032	6	motorbike	430	350	510	456	0
000032	7	motorbike	600	353	661	442	0
000032	8	person	732	234	865	456	1
000032	9	person	917	218	1036	421	0
000032	10	person	659	240	732	391	0
000032	11	person	353	252	430	412	0
000032	12	person	444	256	512	385	0
000032	15	person	600	273	652	373	0
000033	1	motorbike	721	376	871	563	1
000033	2	motorbike	917	368	1082	554	0
000033	3	car	0	218	225	581	0
000033	4	motorbike	654	352	732	492	0
000033	5	motorbike	348	369	435	503	0
000033	6	motorbike	430	350	510	456	0
000033	7	motorbike	600	353	661	442	0
000033	8	person	732	234	867	456	1
000033	9	person	917	215	1040	419	0
000033	10	person	659	240	732	391	0
000033	11	person	353	252	430	412	0
000033	12	person	444	256	512	385	0
000033	15	person	600	273	652	373	0
000034	1	motorbike	723	375	872	565	1
000034	2	motorbike	928	366	1086	554	0
000034	3	car	0	218	225	581	0
000034	4	motorbike	656	352	732	492	0
000034	5	motorbike	348	369	435	503	0
000034	6	motorbike	430	350	510	456	0
000034	7	motorbike	600	353	661	442	0
000034	8	person	732	234	869	456	1
000034	9	person	919	211	1041	417	0
000034	10	person	659	240	732	391	0
000034	11	person	353	252	430	412	0
000034	12	person	444	256	512	385	0
000034	15	person	600	273	652	375	0
000035	1	motorbike	723	373	874	565	1
000035	2	motorbike	926	366	1088	552	0
000035	3	car	0	218	225	581	0
000035	4	motorbike	656	352	732	490	0
000035	5	motorbike	348	369	435	503	0
000035	6	motorbike	430	350	508	456	0
000035	7	motorbike	600	353	661	442	0
000035	8	person	734	236	871	456	1
000035	9	person	920	209	1043	416	0
000035	10	person	659	240	732	391	0
000035	11	person	352	252	428	412	0
000035	12	person	444	256	512	385	0
000035	15	person	600	273	652	375	0
000036	1	motorbike	723	373	876	565	1
000036	2	motorbike	926	368	1089	552	0
000036	3	car	0	218	225	581	0
000036	4	motorbike	656	352	732	490	0
000036	5	motorbike	348	369	435	504	0
000036	6	motorbike	430	350	508	456	0
000036	7	motorbike	600	353	661	442	0
000036	8	person	734	236	871	456	1
000036	9	person	920	206	1047	412	0
000036	10	person	659	240	732	391	0
000036	11	person	352	252	428	412	0
000036	12	person	444	256	512	385	0
000036	15	person	600	273	652	375	0
000037	1	motorbike	725	373	878	565	1
000037	2	motorbike	926	369	1091	552	0
000037	3	car	0	218	225	581	0
000037	4	motorbike	656	352	732	490	0
000037	5	motorbike	348	369	435	504	0
000037	6	motorbike	430	350	508	456	0
000037	7	motorbike	600	353	661	442	0
000037	8	person	734	236	872	456	1
000037	9	person	922	204	1048	410	0
000037	10	person	659	240	732	391	0
000037	11	person	352	252	428	412	0
000037	12	person	444	256	512	385	0
000037	15	person	600	275	652	375	0
000038	1	motorbike	725	373	880	565	1
000038	2	motorbike	924	371	1095	551	0
000038	3	car	0	218	225	581	0
000038	4	motorbike	656	352	732	490	0
000038	5	motorbike	348	368	435	504	0
000038	6	motorbike	430	350	508	456	0
000038	7	motorbike	600	353	661	442	0
000038	8	person	734	236	874	456	1
000038	9	person	924	200	1050	408	0
000038	10	person	659	240	732	391	0
000038	11	person	352	252	428	412	0
000038	12	person	444	256	512	385	0
000038	15	person	600	275	652	375	0
000039	1	motorbike	727	373	881	565	1
000039	2	motorbike	924	373	1096	551	0
000039	3	car	0	218	225	581	0
000039	4	motorbike	656	352	732	490	0
000039	5	motorbike	346	368	433	506	0
000039	6	motorbike	430	350	508	456	0
000039	7	motorbike	600	353	661	442	0
000039	8	person	736	236	874	456	1
000039	9	person	924	197	1054	407	0
000039	10	person	659	240	732	391	0
000039	11	person	352	252	428	412	0
000039	12	person	444	256	512	385	0
000039	15	person	600	275	652	375	0
000040	1	motorbike	727	373	885	567	1
000040	2	motorbike	924	375	1098	551	0
000040	3	car	0	218	225	581	0
000040	4	motorbike	656	353	732	490	0
000040	5	motorbike	346	368	433	506	0
000040	6	motorbike	430	350	508	456	0
000040	7	motorbike	600	353	661	442	0
000040	8	person	736	236	876	456	1
000040	9	person	926	195	1056	405	0
000040	10	person	659	240	732	391	0
000040	11	person	352	252	428	412	0
000040	12	person	444	256	512	385	0
000040	15	person	600	275	652	375	0
000041	1	motorbike	727	371	887	567	1
000041	2	motorbike	922	375	1100	549	0
000041	3	car	0	218	225	581	0
000041	4	motorbike	656	353	732	490	0
000041	5	motorbike	346	368	433	508	0
000041	6	motorbike	430	350	508	456	0
000041	7	motorbike	600	353	661	442	0
000041	8	person	736	236	878	456	1
000041	9	person	928	192	1057	403	0
000041	10	person	659	240	732	391	0
000041	11	person	350	252	426	412	0
000041	12	person	444	256	512	385	0
000041	15	person	600	275	652	375	0
000042	1	motorbike	728	371	888	567	1
000042	2	motorbike	922	376	1104	549	0
000042	3	car	0	218	225	581	0
000042	4	motorbike	656	353	732	490	0
000042	5	motorbike	346	368	433	508	0
000042	6	motorbike	430	350	508	456	0
000042	7	motorbike	600	353	661	442	0
000042	8	person	737	236	878	456	1
000042	9	person	929	190	1061	401	0
000042	10	person	659	240	732	391	0
000042	11	person	350	252	426	412	0
000042	12	person	444	256	512	385	0
000042	15	person	600	275	652	375	0
000043	1	motorbike	728	371	890	567	1
000043	2	motorbike	922	378	1105	549	0
000043	3	car	0	218	225	581	0
000043	4	motorbike	656	353	732	490	0
000043	5	motorbike	346	368	433	508	0
000043	6	motorbike	430	350	508	456	0
000043	7	motorbike	600	353	661	442	0
000043	8	person	737	236	880	456	1
000043	9	person	929	190	1059	400	0
000043	10	person	659	240	732	391	0
000043	11	person	350	252	426	412	0
000043	12	person	444	256	512	385	0
000043	15	person	600	275	652	375	0
000044	1	motorbike	730	371	892	567	1
000044	2	motorbike	920	380	1107	547	0
000044	3	car	0	218	225	581	0
000044	4	motorbike	656	353	732	490	0
000044	5	motorbike	346	368	433	510	0
000044	6	motorbike	430	350	508	456	0
000044	7	motorbike	600	353	661	442	0
000044	8	person	737	236	881	456	1
000044	9	person	929	190	1059	400	0
000044	10	person	659	240	732	391	0
000044	11	person	350	252	426	412	0
000044	12	person	444	256	512	385	0
000044	15	person	600	275	652	375	0
000045	1	motorbike	730	371	894	567	1
000045	2	motorbike	920	382	1109	547	0
000045	3	car	0	218	225	581	0
000045	4	motorbike	656	353	732	490	0
000045	5	motorbike	346	368	433	510	0
000045	6	motorbike	430	350	508	456	0
000045	7	motorbike	600	353	661	442	0
000045	8	person	737	236	883	456	1
000045	9	person	929	190	1057	400	0
000045	10	person	659	240	732	391	0
000045	11	person	350	252	426	412	0
000045	12	person	444	256	512	385	0
000045	15	person	600	275	652	376	0
000046	1	motorbike	732	371	897	568	1
000046	2	motorbike	920	384	1112	547	0
000046	3	car	0	218	225	581	0
000046	4	motorbike	657	355	734	490	0
000046	5	motorbike	346	368	433	512	0
000046	6	motorbike	430	352	508	458	0
000046	7	motorbike	600	352	659	440	0
000046	8	person	739	236	883	456	1
000046	9	person	929	190	1057	400	0
000046	10	person	659	240	732	391	0
000046	11	person	350	254	426	414	0
000046	12	person	444	256	512	385	0
000046	15	person	600	277	652	376	0
000047	1	motorbike	732	373	896	568	1
000047	2	motorbike	917	382	1109	544	0
000047	3	car	0	218	225	581	0
000047	4	motorbike	657	353	734	490	0
000047	5	motorbike	344	368	432	510	0
000047	6	motorbike	428	350	506	458	0
000047	7	motorbike	600	352	659	440	0
000047	8	person	739	236	885	456	1
000047	9	person	929	192	1057	400	0
000047	10	person	659	240	732	391	0
000047	11	person	350	254	426	414	0
000047	12	person	444	256	512	385	0
000047	15	person	600	277	652	376	0
000048	1	motorbike	732	376	894	568	1
000048	2	motorbike	913	380	1105	542	0
000048	3	car	0	218	225	581	0
000048	4	motorbike	657	353	734	490	0
000048	5	motorbike	344	368	432	510	0
000048	6	motorbike	428	350	506	458	0
000048	7	motorbike	600	352	659	440	0
000048	8	person	739	236	887	456	1
000048	9	person	929	192	1056	400	0
000048	10	person	659	240	732	391	0
000048	11	person	350	254	426	414	0
000048	12	person	444	256	512	385	0
000048	15	person	600	277	652	376	0
000049	1	motorbike	734	380	894	568	1
000049	2	motorbike	912	378	1104	540	0
000049	3	car	0	218	225	581	0
000049	4	motorbike	657	353	734	490	0
000049	5	motorbike	344	368	432	510	0
000049	6	motorbike	428	350	506	458	0
000049	7	motorbike	600	352	659	440	0
000049	8	person	741	236	887	456	1
000049	9	person	931	192	1056	398	0
000049	10	person	659	240	732	391	0
000049	11	person	350	254	426	414	0
000049	12	person	444	256	512	385	0
000049	15	person	600	277	652	376	0
000050	1	motorbike	734	382	892	568	1
000050	2	motorbike	908	376	1100	538	0
000050	3	car	0	218	225	581	0
000050	4	motorbike	657	353	734	490	0
000050	5	motorbike	344	368	432	510	0
000050	6	motorbike	428	350	506	458	0
000050	7	motorbike	600	352	659	440	0
000050	8	person	741	236	888	456	1
000050	9	person	931	192	1054	398	0
000050	10	person	659	240	732	391	0
000050	11	person	350	254	426	414	0
000050	12	person	444	256	512	385	0
000050	15	person	600	277	652	376	0
000051	1	motorbike	734	385	890	568	1
000051	2	motorbike	904	375	1096	536	0
000051	3	car	0	218	225	581	0
000051	4	motorbike	657	353	734	490	0
000051	5	motorbike	344	369	432	510	0
000051	6	motorbike	428	350	506	458	0
000051	7	motorbike	600	352	659	440	0
000051	8	person	741	236	890	456	1
000051	9	person	931	193	1054	398	0
000051	10	person	659	240	732	391	0
000051	11	person	350	254	426	414	0
000051	12	person	444	256	512	385	0
000051	15	person	599	277	650	376	0
000052	1	motorbike	736	389	890	570	1
000052	2	motorbike	903	375	1095	535	0
000052	3	car	0	218	225	581	0
000052	4	motorbike	657	353	734	490	0
000052	5	motorbike	344	369	432	510	0
000052	6	motorbike	428	350	506	458	0
000052	7	motorbike	600	352	659	440	0
000052	8	person	743	238	892	458	1
000052	9	person	931	193	1054	398	0
000052	10	person	659	240	732	391	0
000052	11	person	350	254	426	414	0
000052	12	person	444	256	512	385	0
000052	15	person	599	277	650	376	0
000053	1	motorbike	736	387	890	570	1
000053	2	motorbike	899	371	1089	531	0
000053	3	car	0	218	225	581	0
000053	4	motorbike	657	353	734	490	0
000053	5	motorbike	344	369	432	508	0
000053	6	motorbike	428	348	506	458	0
000053	7	motorbike	600	352	659	440	0
000053	8	person	746	238	896	458	1
000053	9	person	931	193	1052	398	0
000053	10	person	659	240	732	391	0
000053	11	person	350	254	426	414	0
000053	12	person	444	256	512	385	0
000053	15	person	599	277	650	376	0
000054	1	motorbike	737	387	890	570	1
000054	2	motorbike	897	369	1084	529	0
000054	3	car	0	218	225	581	0
000054	4	motorbike	657	353	734	490	0
000054	5	motorbike	344	369	432	508	0
000054	6	motorbike	428	348	506	458	0
000054	7	motorbike	600	352	659	440	0
000054	8	person	750	238	899	458	1
000054	9	person	931	193	1052	398	0
000054	10	person	659	240	732	391	0
000054	11	person	350	254	426	414	0
000054	12	person	444	256	512	385	0
000054	15	person	599	277	650	376	0
000055	1	motorbike	737	385	890	570	1
000055	2	motorbike	896	368	1079	526	0
000055	3	car	0	218	225	581	0
000055	4	motorbike	657	353	736	490	0
000055	5	motorbike	344	371	432	508	0
000055	6	motorbike	428	348	506	458	0
000055	7	motorbike	600	352	659	440	0
000055	8	person	753	240	903	460	1
000055	9	person	933	195	1052	398	0
000055	10	person	659	240	732	391	0
000055	11	person	350	254	426	414	0
000055	12	person	444	256	512	385	0
000055	15	person	599	279	650	376	0
000056	1	motorbike	739	385	890	572	1
000056	2	motorbike	894	364	1075	524	0
000056	3	car	0	218	225	581	0
000056	4	motorbike	657	353	736	490	0
000056	5	motorbike	344	371	432	508	0
000056	6	motorbike	428	348	506	458	0
000056	7	motorbike	600	352	659	440	0
000056	8	person	757	240	906	460	1
000056	9	person	928	199	1047	401	0
000056	10	person	659	240	732	391	0
000056	11	person	350	254	426	414	0
000056	12	person	444	256	512	385	0
000056	15	person	599	279	650	378	0
000057	1	motorbike	739	387	896	572	1
000057	2	motorbike	892	362	1070	520	0
000057	3	car	0	218	225	581	0
000057	4	motorbike	657	353	736	490	0
000057	5	motorbike	344	371	432	508	0
000057	6	motorbike	428	348	506	458	0
000057	7	motorbike	600	352	659	440	0
000057	8	person	760	241	910	462	1
000057	9	person	922	202	1041	405	0
000057	10	person	659	240	732	391	0
000057	11	person	350	254	426	414	0
000057	12	person	444	256	512	385	0
000057	15	person	599	279	650	378	0
000058	1	motorbike	741	389	903	572	1
000058	2	motorbike	890	360	1064	519	0
000058	3	car	0	218	225	581	0
000058	4	motorbike	657	353	736	490	0
000058	5	motorbike	344	371	432	508	0
000058	6	motorbike	428	348	506	458	0
000058	7	motorbike	600	352	659	440	0
000058	8	person	764	241	913	462	1
000058	9	person	917	206	1036	408	0
000058	10	person	659	240	732	391	0
000058	11	person	350	254	426	414	0
000058	12	person	444	256	512	385	0
000058	15	person	599	279	650	378	0
000059	1	motorbike	741	392	910	574	1
000059	2	motorbike	888	357	1061	515	0
000059	3	car	0	218	225	581	0
000059	4	motorbike	659	353	736	490	0
000059	5	motorbike	343	373	430	506	0
000059	6	motorbike	428	346	506	458	0
000059	7	motorbike	600	352	659	440	0
000059	8	person	768	241	917	462	1
000059	9	person	912	209	1031	412	0
000059	10	person	659	240	732	391	0
000059	11	person	350	254	426	414	0
000059	12	person	444	256	512	385	0
000059	15	person	599	279	650	378	0
000060	1	motorbike	743	394	915	574	1
000060	2	motorbike	887	355	1056	513	0
000060	3	car	0	218	225	581	0
000060	4	motorbike	659	353	736	490	0
000060	5	motorbike	343	373	430	506	0
000060	6	motorbike	428	346	506	458	0
000060	7	motorbike	599	352	659	440	0
000060	8	person	771	243	920	464	1
000060	10	person	659	240	732	391	0
000060	11	person	350	254	426	414	0
000060	12	person	444	256	512	385	0
000060	15	person	599	279	650	378	0
000061	1	motorbike	743	396	922	574	1
000061	2	motorbike	885	353	1050	510	0
000061	3	car	0	218	225	581	0
000061	4	motorbike	659	353	736	490	0
000061	5	motorbike	343	373	430	506	0
000061	6	motorbike	428	346	506	458	0
000061	7	motorbike	599	352	659	440	0
000061	8	person	775	243	924	464	1
000061	10	person	659	240	732	391	0
000061	11	person	350	254	426	414	0
000061	12	person	444	256	512	385	0
000061	15	person	599	279	650	378	0
000062	1	motorbike	744	400	929	576	1
000062	2	motorbike	883	352	1047	508	0
000062	3	car	0	218	225	581	0
000062	4	motorbike	659	353	736	490	0
000062	5	motorbike	343	373	430	506	0
000062	6	motorbike	428	346	506	458	0
000062	7	motorbike	599	352	659	440	0
000062	8	person	778	245	928	465	1
000062	10	person	659	240	732	391	0
000062	11	person	350	254	426	414	0
000062	12	person	444	256	512	385	0
000062	15	person	599	279	650	378	0
000063	1	motorbike	746	400	933	572	1
000063	2	motorbike	880	323	1038	503	0
000063	3	car	0	218	225	581	0
000063	4	motorbike	659	353	737	490	0
000063	5	motorbike	343	375	430	506	0
000063	6	motorbike	428	346	506	458	0
000063	7	motorbike	599	352	659	440	0
000063	8	person	782	245	931	465	1
000063	10	person	659	240	732	391	0
000063	11	person	350	254	426	414	0
000063	12	person	444	256	512	385	0
000063	15	person	599	279	650	378	0
000064	1	motorbike	748	400	936	568	1
000064	2	motorbike	878	295	1031	499	0
000064	3	car	0	218	225	581	0
000064	4	motorbike	659	353	737	490	0
000064	5	motorbike	343	375	430	506	0
000064	6	motorbike	428	346	506	458	0
000064	7	motorbike	599	352	659	440	0
000064	8	person	785	245	935	465	1
000064	10	person	659	240	732	391	0
000064	11	person	350	254	426	414	0
000064	12	person	444	256	512	385	0
000064	15	person	599	280	650	378	0
000065	1	motorbike	752	400	940	567	1
000065	2	motorbike	876	266	1022	494	0
000065	3	car	0	218	225	581	0
000065	4	motorbike	659	353	737	490	0
000065	5	motorbike	343	375	430	504	0
000065	6	motorbike	428	344	506	458	0
000065	7	motorbike	599	352	659	440	0
000065	8	person	789	247	938	467	1
000065	10	person	659	240	732	391	0
000065	11	person	350	254	426	414	0
000065	12	person	444	256	512	385	0
000065	15	person	599	280	650	378	0
000066	1	motorbike	753	400	944	563	1
000066	2	motorbike	874	238	1015	490	0
000066	3	car	0	218	225	581	0
000066	4	motorbike	659	353	737	490	0
000066	5	motorbike	343	375	430	504	0
000066	6	motorbike	428	344	506	458	0
000066	7	motorbike	599	352	659	440	0
000066	8	person	792	247	942	467	1
000066	10	person	659	240	732	391	0
000066	11	person	350	254	426	414	0
000066	12	person	444	256	512	385	0
000066	15	person	599	280	650	378	0
000067	1	motorbike	757	401	947	561	1
000067	3	car	0	218	225	581	0
000067	4	motorbike	659	353	737	490	0
000067	5	motorbike	343	376	430	504	0
000067	6	motorbike	428	344	506	458	0
000067	7	motorbike	599	352	659	440	0
000067	8	person	796	248	945	469	1
000067	10	person	659	240	732	391	0
000067	11	person	350	254	426	414	0
000067	12	person	444	256	512	385	0
000067	15	person	599	280	650	380	0
000068	1	motorbike	759	405	949	567	1
000068	3	car	0	218	225	581	0
000068	4	motorbike	659	353	737	490	0
000068	5	motorbike	343	376	430	504	0
000068	6	motorbike	428	344	506	458	0
000068	7	motorbike	599	350	657	440	0
000068	8	person	800	250	949	472	1
000068	10	person	659	240	732	391	0
000068	11	person	350	254	426	414	0
000068	12	person	444	256	512	385	0
000068	15	person	599	280	650	380	0
000069	1	motorbike	760	408	951	572	1
000069	3	car	0	218	225	581	0
000069	4	motorbike	659	353	737	490	0
000069	5	motorbike	343	376	430	504	0
000069	6	motorbike	428	344	506	458	0
000069	7	motorbike	599	350	657	440	0
000069	8	person	803	254	952	476	1
000069	10	person	659	240	732	391	0
000069	11	person	350	254	426	414	0
000069	12	person	444	256	512	385	0
000069	15	person	599	280	650	380	0
000070	1	motorbike	762	412	952	577	1
000070	3	car	0	218	225	581	0
000070	4	motorbike	659	353	737	490	0
000070	5	motorbike	343	376	430	504	0
000070	6	motorbike	428	344	506	458	0
000070	7	motorbike	599	350	657	440	0
000070	8	person	807	257	956	480	1
000070	10	person	659	240	732	391	0
000070	11	person	350	254	426	414	0
000070	12	person	444	256	512	385	0
000070	15	person	599	280	650	380	0
000071	1	motorbike	764	417	956	584	1
000071	3	car	0	218	225	581	0
000071	4	motorbike	661	353	739	492	0
000071	5	motorbike	343	378	430	504	0
000071	6	motorbike	428	344	506	460	0
000071	7	motorbike	599	350	657	440	0
000071	8	person	810	261	960	483	1
000071	10	person	659	240	732	391	0
000071	11	person	350	254	426	414	0
000071	12	person	444	256	512	385	0
000071	15	person	599	280	650	380	0
000072	1	motorbike	769	419	961	584	1
000072	3	car	0	218	225	581	0
000072	4	motorbike	661	353	739	492	0
000072	5	motorbike	341	378	428	503	0
000072	6	motorbike	426	343	504	460	0
000072	7	motorbike	599	350	657	440	0
000072	8	person	819	261	968	483	1
000072	10	person	659	240	732	391	0
000072	11	person	350	254	426	414	0
000072	12	person	444	256	512	385	0
000072	15	person	599	280	650	380	0
000073	1	motorbike	776	423	968	584	1
000073	3	car	0	218	225	581	0
000073	4	motorbike	661	353	739	492	0
000073	5	motorbike	341	380	428	503	0
000073	6	motorbike	426	343	504	460	0
000073	7	motorbike	599	350	657	440	0
000073	8	person	830	261	979	483	1
000073	10	person	659	240	732	391	0
000073	11	person	350	254	426	414	0
000073	12	person	444	256	512	385	0
000073	15	person	599	282	650	380	0
000074	1	motorbike	784	426	976	584	1
000074	3	car	0	218	225	581	0
000074	4	motorbike	661	355	739	492	0
000074	5	motorbike	341	382	428	503	0
000074	6	motorbike	426	343	504	460	0
000074	7	motorbike	599	350	657	440	0
000074	8	person	840	261	990	483	1
000074	10	person	659	240	732	391	0
000074	11	person	350	254	426	414	0
000074	12	person	444	256	512	385	0
000074	15	person	599	282	650	380	0
000075	1	motorbike	789	430	981	584	1
000075	3	car	0	218	225	581	0
000075	4	motorbike	661	355	739	492	0
000075	5	motorbike	341	382	428	503	0
000075	6	motorbike	426	343	504	460	0
000075	7	motorbike	599	350	657	440	0
000075	8	person	849	263	999	483	1
000075	10	person	659	240	732	391	0
000075	11	person	350	254	426	414	0
000075	12	person	444	256	512	385	0
000075	15	person	599	282	650	380	0
000076	1	motorbike	796	433	988	584	1
000076	3	car	0	218	225	581	0
000076	4	motorbike	661	355	739	492	0
000076	5	motorbike	341	384	428	503	0
000076	6	motorbike	426	343	503	460	0
000076	7	motorbike	599	350	657	440	0
000076	8	person	860	263	1009	485	1
000076	10	person	659	240	732	391	0
000076	11	person	350	254	426	414	0
000076	12	person	444	256	512	385	0
000076	13	person	784	286	846	380	0
000076	15	person	597	282	648	380	0
000077	1	motorbike	803	435	995	584	1
000077	3	car	0	218	225	581	0
000077	4	motorbike	661	357	739	492	0
000077	5	motorbike	341	385	428	503	0
000077	6	motorbike	426	343	503	460	0
000077	7	motorbike	599	350	657	440	0
000077	8	person	871	263	1020	485	1
000077	10	person	659	240	732	391	0
000077	11	person	350	254	426	414	0
000077	12	person	444	256	512	385	0
000077	13	person	784	286	846	380	0
000077	15	person	597	282	648	380	0
000078	1	motorbike	808	439	1000	584	1
000078	3	car	0	218	225	581	0
000078	4	motorbike	661	357	739	492	0
000078	5	motorbike	341	385	428	503	0
000078	6	motorbike	426	343	503	460	0
000078	7	motorbike	599	350	657	440	0
000078	8	person	880	264	1029	485	1
000078	10	person	659	240	732	391	0
000078	11	person	350	254	426	414	0
000078	12	person	444	256	512	385	0
000078	13	person	784	286	846	380	0
000078	15	person	597	282	648	382	0
000079	1	motorbike	816	442	1008	584	1
000079	3	car	0	218	225	581	0
000079	4	motorbike	661	357	739	492	0
000079	5	motorbike	341	387	428	503	0
000079	6	motorbike	426	343	503	460	0
000079	7	motorbike	599	350	657	440	0
000079	8	person	890	264	1040	485	1
000079	10	person	659	240	732	391	0
000079	11	person	350	254	426	414	0
000079	12	person	444	256	512	385	0
000079	13	person	784	286	846	380	0
000079	14	motorbike	784	359	849	444	0
000079	15	person	597	282	648	382	0
000080	1	motorbike	823	446	1015	584	1
000080	3	car	0	218	225	581	0
000080	4	motorbike	661	359	739	492	0
000080	5	motorbike	341	389	428	503	0
000080	6	motorbike	426	343	503	460	0
000080	7	motorbike	599	350	657	440	0
000080	8	person	901	264	1050	485	1
000080	10	person	659	240	732	391	0
000080	11	person	350	254	426	414	0
000080	12	person	444	256	512	385	0
000080	13	person	784	286	846	380	0
000080	14	motorbike	784	359	849	444	0
000080	15	person	597	282	648	382	0
000081	1	motorbike	830	449	1022	586	1
000081	3	car	0	218	225	581	0
000081	4	motorbike	661	357	739	492	0
000081	5	motorbike	339	387	426	501	0
000081	6	motorbike	426	343	503	460	0
000081	7	motorbike	599	350	657	440	0
000081	8	person	912	266	1061	487	1
000081	10	person	659	240	732	391	0
000081	11	person	350	254	426	414	0
000081	12	person	444	256	512	385	0
000081	13	person	784	286	846	380	0
000081	14	motorbike	784	359	849	444	0
000081	15	person	597	282	648	382	0
000082	1	motorbike	830	449	1022	586	1
000082	3	car	0	218	225	581	0
000082	4	motorbike	661	357	739	492	0
000082	5	motorbike	339	385	426	501	0
000082	6	motorbike	426	343	503	460	0
000082	7	motorbike	599	350	657	440	0
000082	8	person	917	263	1064	488	1
000082	10	person	659	240	732	391	0
000082	11	person	350	254	426	414	0
000082	12	person	444	256	512	385	0
000082	13	person	784	286	846	380	0
000082	14	motorbike	784	359	849	444	0
000082	15	person	597	284	648	382	0
000083	1	motorbike	830	449	1022	586	1
000083	3	car	0	218	225	581	0
000083	4	motorbike	661	357	739	492	0
000083	5	motorbike	339	384	426	501	0
000083	6	motorbike	426	343	503	460	0
000083	7	motorbike	599	350	657	440	0
000083	8	person	922	261	1070	490	1
000083	10	person	659	240	732	391	0
000083	11	person	350	254	426	414	0
000083	12	person	444	256	512	385	0
000083	13	person	784	286	846	380	0
000083	14	motorbike	784	359	849	444	0
000083	15	person	597	284	648	382	0
000084	1	motorbike	830	451	1022	586	1
000084	2	motorbike	869	348	947	462	0
000084	3	car	0	218	225	581	0
000084	4	motorbike	661	357	741	492	0
000084	5	motorbike	339	384	426	501	0
000084	6	motorbike	426	343	503	460	0
000084	7	motorbike	599	350	657	440	0
000084	8	person	929	259	1075	494	1
000084	10	person	659	240	732	391	0
000084	11	person	350	254	426	414	0
000084	12	person	444	256	512	385	0
000084	13	person	784	286	846	380	0
000084	14	motorbike	784	359	849	444	0
000084	15	person	597	284	648	382	0
000085	1	motorbike	832	451	1024	586	1
000085	2	motorbike	865	350	945	458	0
000085	3	car	0	218	225	581	0
000085	4	motorbike	661	357	741	492	0
000085	5	motorbike	339	382	426	501	0
000085	6	motorbike	426	343	503	460	0
000085	7	motorbike	599	350	657	440	0
000085	8	person	935	257	1079	496	1
000085	10	person	659	240	732	391	0
000085	11	person	350	254	426	414	0
000085	12	person	444	256	512	385	0
000085	13	person	784	286	846	380	0
000085	14	motorbike	784	359	849	444	0
000085	15	person	597	284	648	382	0
000086	1	motorbike	832	453	1024	586	1
000086	2	motorbike	864	352	944	456	0
000086	3	car	0	218	225	581	0
000086	4	motorbike	661	357	741	492	0
000086	5	motorbike	339	380	426	499	0
000086	6	motorbike	426	343	503	460	0
000086	7	motorbike	599	350	657	440	0
000086	8	person	940	256	1084	499	1
000086	10	person	659	240	732	391	0
000086	11	person	350	254	426	414	0
000086	12	person	444	256	512	385	0
000086	13	person	784	286	846	380	0
000086	14	motorbike	784	359	849	444	0
000086	15	person	597	284	648	382	0
000087	1	motorbike	832	453	1024	586	1
000087	2	motorbike	862	353	942	453	0
000087	3	car	0	218	225	581	0
000087	4	motorbike	661	357	741	492	0
000087	5	motorbike	339	378	426	499	0
000087	6	motorbike	426	343	503	460	0
000087	7	motorbike	599	350	657	440	0
000087	8	person	947	254	1089	501	1
000087	9	person	865	270	926	366	0
000087	10	person	659	240	732	391	0
000087	11	person	350	254	426	414	0
000087	12	person	444	256	512	385	0
000087	13	person	784	286	846	380	0
000087	14	motorbike	784	359	849	444	0
000087	15	person	597	284	648	382	0
000088	1	motorbike	832	455	1025	586	1
000088	2	motorbike	860	355	940	451	0
000088	3	car	0	218	225	581	0
000088	4	motorbike	663	357	743	494	0
000088	5	motorbike	339	378	426	499	0
000088	6	motorbike	426	344	503	462	0
000088	7	motorbike	599	350	657	440	0
000088	8	person	952	252	1093	504	1
000088	9	person	864	268	924	364	0
000088	10	person	659	240	732	391	0
000088	11	person	350	254	426	414	0
000088	12	person	444	256	512	385	0
000088	13	person	784	286	846	380	0
000088	14	motorbike	784	359	849	444	0
000088	15	person	597	284	648	382	0
000089	1	motorbike	833	455	1025	586	1
000089	2	motorbike	858	357	938	449	0
000089	3	car	0	218	225	581	0
000089	4	motorbike	663	357	743	494	0
000089	5	motorbike	339	376	426	499	0
000089	6	motorbike	426	344	503	462	0
000089	7	motorbike	599	350	657	440	0
000089	8	person	958	250	1098	506	1
000089	9	person	862	268	922	364	0
000089	10	person	659	240	732	391	0
000089	11	person	350	254	426	414	0
000089	12	person	444	256	512	385	0
000089	13	person	784	286	846	380	0
000089	14	motorbike	784	359	849	444	0
000089	15	person	597	284	648	384	0
000090	1	motorbike	833	456	1025	586	1
000090	2	motorbike	860	355	938	444	0
000090	3	car	0	218	225	581	0
000090	4	motorbike	663	357	743	494	0
000090	5	motorbike	339	375	426	499	0
000090	6	motorbike	426	344	503	462	0
000090	7	motorbike	597	348	656	439	0
000090	8	person	965	248	1104	510	1
000090	9	person	862	268	922	364	0
000090	10	person	659	240	732	391	0
000090	11	person	350	254	426	414	0
000090	12	person	444	256	512	385	0
000090	13	person	784	286	846	380	0
000090	14	motorbike	784	359	849	444	0
000090	15	person	597	284	648	384	0
000091	1	motorbike	833	456	1027	586	1
000091	2	motorbike	864	355	940	440	0
000091	3	car	0	218	225	581	0
000091	4	motorbike	663	357	743	494	0
000091	5	motorbike	339	373	426	497	0
000091	6	motorbike	426	344	503	462	0
000091	7	motorbike	597	348	656	437	0
000091	8	person	970	247	1107	512	1
000091	9	person	860	268	920	364	0
000091	10	person	659	240	732	391	0
000091	11	person	350	254	426	414	0
000091	12	person	444	256	512	385	0
000091	13	person	784	286	846	380	0
000091	14	motorbike	784	359	849	444	0
000091	15	person	597	286	648	384	0
000092	1	motorbike	833	458	1027	586	1
000092	2	motorbike	865	353	942	437	0
000092	3	car	0	218	225	581	0
000092	4	motorbike	663	357	744	494	0
000092	5	motorbike	339	373	426	497	0
000092	6	motorbike	426	344	503	462	0
000092	7	motorbike	595	346	656	435	0
000092	8	person	977	245	1112	515	1
000092	9	person	858	268	919	364	0
000092	10	person	659	240	732	391	0
000092	11	person	350	254	426	414	0
000092	12	person	444	256	512	385	0
000092	13	person	784	286	846	380	0
000092	14	motorbike	784	359	849	444	0
000092	15	person	597	286	648	384	0
000093	1	motorbike	835	458	1027	586	1
000093	2	motorbike	869	353	944	433	0
000093	3	car	0	218	225	581	0
000093	4	motorbike	663	357	744	494	0
000093	5	motorbike	339	371	426	497	0
000093	6	motorbike	426	344	503	462	0
000093	7	motorbike	595	346	656	435	0
000093	8	person	983	243	1118	517	1
000093	9	person	858	268	919	364	0
000093	10	person	659	240	732	391	0
000093	11	person	350	254	426	414	0
000093	12	person	444	256	512	385	0
000093	13	person	784	286	846	380	0
000093	14	motorbike	784	359	849	444	0
000093	15	person	597	286	648	384	0
000094	1	motorbike	835	460	1029	586	1
000094	2	motorbike	872	353	945	430	0
000094	3	car	0	218	225	581	0
000094	4	motorbike	663	357	744	494	0
000094	5	motorbike	339	369	426	497	0
000094	6	motorbike	426	344	503	462	0
000094	7	motorbike	595	344	654	433	0
000094	8	person	988	241	1121	520	1
000094	9	person	856	266	917	362	0
000094	10	person	659	240	732	391	0
000094	11	person	350	254	426	414	0
000094	12	person	444	256	512	385	0
000094	13	person	784	286	846	380	0
000094	14	motorbike	784	359	849	444	0
000094	15	person	597	286	648	384	0
000095	1	motorbike	835	460	1029	586	1
000095	2	motorbike	869	350	940	428	0
000095	3	car	0	218	225	581	0
000095	4	motorbike	663	357	744	494	0
000095	5	motorbike	339	368	426	497	0
000095	6	motorbike	426	344	503	462	0
000095	7	motorbike	593	344	654	432	0
000095	8	person	995	240	1127	522	1
000095	9	person	856	266	917	362	0
000095	10	person	659	240	732	391	0
000095	11	person	350	254	426	414	0
000095	12	person	444	256	512	385	0
000095	13	person	784	286	846	380	0
000095	14	motorbike	784	359	849	444	0
000095	15	person	597	286	648	384	0
000096	1	motorbike	835	462	1029	586	1
000096	2	motorbike	865	348	936	428	0
000096	3	car	0	218	225	581	0
000096	4	motorbike	664	357	746	496	0
000096	5	motorbike	339	368	426	497	0
000096	6	motorbike	426	346	504	464	0
000096	7	motorbike	593	343	654	430	0
000096	8	person	1000	238	1132	526	1
000096	9	person	855	266	915	362	0
000096	10	person	659	240	732	391	0
000096	11	person	350	254	426	414	0
000096	12	person	444	256	512	385	0
000096	13	person	784	286	846	380	0
000096	14	motorbike	784	359	849	444	0
000096	15	person	597	286	648	384	0
000097	1	motorbike	837	462	1031	586	1
000097	2	motorbike	862	346	933	428	0
000097	3	car	0	218	225	581	0
000097	4	motorbike	664	355	746	496	0
000097	5	motorbike	339	369	426	497	0
000097	6	motorbike	426	350	504	464	0
000097	7	motorbike	593	343	654	430	0
000097	8	person	1006	236	1136	528	1
000097	9	person	853	266	913	362	0
000097	10	person	659	240	732	391	0
000097	11	person	350	254	426	414	0
000097	12	person	444	256	512	385	0
000097	13	person	784	286	846	380	0
000097	14	motorbike	784	359	849	444	0
000097	15	person	597	286	648	384	0
000098	1	motorbike	837	464	1031	586	1
000098	2	motorbike	858	344	928	428	0
000098	3	car	0	218	225	581	0
000098	4	motorbike	664	355	746	496	0
000098	5	motorbike	339	373	426	497	0
000098	6	motorbike	426	353	504	464	0
000098	7	motorbike	593	346	654	432	0
000098	8	person	1013	234	1141	531	1
000098	9	person	853	266	913	362	0
000098	10	person	659	240	732	391	0
000098	11	person	350	254	426	414	0
000098	12	person	444	256	512	385	0
000098	13	person	784	286	846	380	0
000098	14	motorbike	784	359	849	444	0
000098	15	person	597	286	648	384	0
000099	1	motorbike	837	464	1031	586	1
000099	2	motorbike	855	343	924	428	0
000099	3	car	0	218	225	581	0
000099	4	motorbike	664	353	746	496	0
000099	5	motorbike	339	375	426	497	0
000099	6	motorbike	426	357	504	464	0
000099	7	motorbike	593	352	654	433	0
000099	8	person	1018	232	1146	533	1
000099	9	person	851	266	912	362	0
000099	10	person	659	240	732	391	0
000099	11	person	350	254	426	414	0
000099	12	person	444	256	512	385	0
000099	13	person	784	286	846	380	0
000099	14	motorbike	784	359	849	444	0
000099	15	person	597	286	648	384	0
000100	1	motorbike	839	465	1032	586	1
000100	2	motorbike	853	341	920	428	0
000100	3	car	0	218	225	581	0
000100	4	motorbike	666	353	748	496	0
000100	5	motorbike	339	378	426	497	0
000100	6	motorbike	426	362	506	464	0
000100	7	motorbike	595	357	656	435	0
000100	8	person	1025	231	1152	536	1
000100	9	person	851	266	912	362	0
000100	10	person	659	240	732	391	0
000100	11	person	350	254	426	414	0
000100	12	person	444	256	512	385	0
000100	13	person	784	286	846	380	0
000100	14	motorbike	784	359	849	444	0
000100	15	person	597	288	648	385	0
