000001	1	motorbike	584	252	807	556	1
000001	2	person	599	124	792	469	1
000001	3	car	90	197	270	284	0
000001	4	car	494	184	535	234	0
000001	8	motorbike	407	220	424	248	0
000001	9	person	403	211	424	238	0
000001	10	motorbike	426	211	448	256	0
000001	11	person	428	211	453	234	0
000001	12	car	407	195	449	238	0
000002	1	motorbike	588	252	810	556	1
000002	2	person	602	124	796	469	1
000002	3	car	94	197	273	284	0
000002	4	car	494	184	535	234	0
000002	8	motorbike	407	218	424	248	0
000002	9	person	403	209	424	238	0
000002	10	motorbike	426	211	448	256	0
000002	11	person	428	209	453	234	0
000002	12	car	407	193	449	238	0
000003	1	motorbike	593	254	816	558	1
000003	2	person	608	126	801	471	1
000003	3	car	99	197	279	284	0
000003	4	car	496	184	536	234	0
000003	8	motorbike	407	218	424	248	0
000003	9	person	403	209	424	238	0
000003	10	motorbike	426	211	448	256	0
000003	11	person	428	209	453	234	0
000003	12	car	407	193	449	238	0
000004	1	motorbike	599	256	821	560	1
000004	2	person	611	126	805	471	1
000004	3	car	104	197	284	284	0
000004	4	car	497	184	538	234	0
000004	8	motorbike	407	218	424	248	0
000004	9	person	403	209	424	238	0
000004	10	motorbike	426	211	448	256	0
000004	11	person	428	209	453	234	0
000004	12	car	407	193	449	238	0
000005	1	motorbike	602	256	824	560	1
000005	2	person	616	128	810	472	1
000005	3	car	108	199	288	286	0
000005	4	car	497	184	538	234	0
000005	8	motorbike	407	218	424	248	0
000005	9	person	403	209	424	238	0
000005	10	motorbike	428	211	449	256	0
000005	11	person	428	209	453	234	0
000005	12	car	407	193	451	238	0
000006	1	motorbike	608	257	830	561	1
000006	2	person	620	128	814	472	1
000006	3	car	113	199	293	286	0
000006	4	car	499	186	540	236	0
000006	8	motorbike	407	218	424	248	0
000006	9	person	403	209	424	238	0
000006	10	motorbike	428	211	449	256	0
000006	11	person	430	209	455	234	0
000006	12	car	408	193	451	238	0
000007	1	motorbike	613	259	835	563	1
000007	2	person	625	129	819	474	1
000007	3	car	119	199	298	286	0
000007	4	car	501	186	542	236	0
000007	8	motorbike	407	218	426	248	0
000007	9	person	405	209	426	238	0
000007	10	motorbike	428	211	449	256	0
000007	11	person	430	209	455	234	0
000007	12	car	408	193	451	238	0
000008	1	motorbike	616	259	839	563	1
000008	2	person	629	129	823	474	1
000008	3	car	122	199	302	286	0
000008	4	car	503	186	544	236	0
000008	8	motorbike	408	218	426	248	0
000008	9	person	405	209	426	238	0
000008	10	motorbike	428	211	449	256	0
000008	11	person	430	209	455	234	0
000008	12	car	408	193	453	238	0
000009	1	motorbike	622	261	844	565	1
000009	2	person	634	131	828	476	1
000009	3	car	128	200	307	288	0
000009	4	car	503	186	544	236	0
000009	8	motorbike	408	218	426	248	0
000009	9	person	405	209	426	238	0
000009	10	motorbike	430	211	451	256	0
000009	11	person	430	209	455	234	0
000009	12	car	408	193	453	238	0
000010	1	motorbike	627	263	849	567	1
000010	2	person	638	131	832	476	1
000010	3	car	133	200	312	288	0
000010	4	car	504	186	545	236	0
000010	8	motorbike	408	218	426	248	0
000010	9	person	405	209	426	238	0
000010	10	motorbike	430	211	451	256	0
000010	11	person	432	209	456	234	0
000010	12	car	408	193	453	238	0
000011	1	motorbike	631	263	853	567	1
000011	2	person	643	133	837	478	1
000011	3	car	136	200	316	288	0
000011	4	car	506	188	547	238	0
000011	8	motorbike	408	218	426	248	0
000011	9	person	405	209	426	238	0
000011	10	motorbike	430	211	451	256	0
000011	11	person	432	209	456	234	0
000011	12	car	410	193	455	240	0
000012	1	motorbike	636	264	858	568	1
000012	2	person	647	133	840	478	1
000012	3	car	142	200	321	288	0
000012	4	car	508	188	549	238	0
000012	8	motorbike	408	218	426	248	0
000012	9	person	405	209	428	238	0
000012	10	motorbike	432	211	451	256	0
000012	11	person	432	209	456	234	0
000012	12	car	410	193	455	240	0
000013	1	motorbike	641	266	864	570	1
000013	2	person	652	135	846	480	1
000013	3	car	147	202	327	289	0
000013	4	car	508	188	549	238	0
000013	8	motorbike	408	218	428	248	0
000013	9	person	407	209	428	238	0
000013	10	motorbike	432	211	453	256	0
000013	11	person	432	209	456	234	0
000013	12	car	410	193	455	240	0
000014	1	motorbike	645	266	867	570	1
000014	2	person	656	135	849	480	1
000014	3	car	151	202	330	289	0
000014	4	car	510	188	551	238	0
000014	8	motorbike	410	218	428	248	0
000014	9	person	407	209	428	238	0
000014	10	motorbike	432	211	453	256	0
000014	11	person	433	209	458	234	0
000014	12	car	410	193	456	240	0
000015	1	motorbike	650	268	872	572	1
000015	2	person	661	136	855	481	1
000015	3	car	156	202	336	289	0
000015	4	car	512	188	552	238	0
000015	8	motorbike	410	218	428	248	0
000015	9	person	407	209	428	238	0
000015	10	motorbike	432	211	453	256	0
000015	11	person	433	209	458	234	0
000015	12	car	410	193	456	240	0
000016	1	motorbike	656	270	878	574	1
000016	2	person	666	138	860	483	1
000016	3	car	161	204	341	291	0
000016	4	car	513	190	554	240	0
000016	5	motorbike	606	266	684	364	0
000016	6	person	620	224	684	321	0
000016	8	motorbike	410	218	428	248	0
000016	9	person	407	208	428	238	0
000016	10	motorbike	433	211	453	257	0
000016	11	person	433	208	458	236	0
000016	12	car	412	192	456	240	0
000017	1	motorbike	657	268	883	576	1
000017	2	person	670	136	867	487	1
000017	3	car	165	204	344	291	0
000017	4	car	513	188	554	238	0
000017	5	motorbike	608	264	686	364	0
000017	6	person	622	224	686	323	0
000017	8	motorbike	410	218	428	248	0
000017	9	person	407	208	430	238	0
000017	10	motorbike	433	211	455	257	0
000017	11	person	433	208	458	236	0
000017	12	car	412	192	458	240	0
000018	1	motorbike	661	266	888	577	1
000018	2	person	673	136	874	490	1
000018	3	car	168	204	350	291	0
000018	4	car	513	188	554	238	0
000018	5	motorbike	611	264	688	366	0
000018	6	person	624	224	688	325	0
000018	8	motorbike	410	218	428	248	0
000018	9	person	407	208	430	238	0
000018	10	motorbike	433	211	455	257	0
000018	11	person	435	208	460	236	0
000018	12	car	412	192	458	240	0
000019	1	motorbike	664	264	894	579	1
000019	2	person	677	135	881	494	1
000019	3	car	172	204	355	291	0
000019	4	car	513	188	554	238	0
000019	5	motorbike	613	264	691	366	0
000019	6	person	625	224	689	327	0
000019	8	motorbike	410	218	430	248	0
000019	9	person	408	208	430	238	0
000019	10	motorbike	435	211	455	257	0
000019	11	person	435	208	460	236	0
000019	12	car	412	192	458	240	0
000020	1	motorbike	668	263	899	581	1
000020	2	person	680	135	890	499	1
000020	3	car	176	204	360	291	0
000020	4	car	513	186	554	236	0
000020	5	motorbike	616	263	693	368	0
000020	6	person	627	224	691	328	0
000020	8	motorbike	412	218	430	250	0
000020	9	person	408	208	430	238	0
000020	10	motorbike	435	211	456	257	0
000020	11	person	435	208	460	236	0
000020	12	car	414	192	458	240	0
000021	1	motorbike	670	263	904	583	1
000021	2	person	686	135	897	503	1
000021	3	car	179	204	366	291	0
000021	4	car	513	186	554	236	0
000021	5	motorbike	618	263	696	369	0
000021	6	person	629	224	693	330	0
000021	8	motorbike	412	218	430	250	0
000021	9	person	408	208	430	238	0
000021	10	motorbike	435	211	456	257	0
000021	11	person	435	208	460	236	0
000021	12	car	414	192	460	241	0
000022	1	motorbike	673	261	912	584	1
000022	2	person	689	133	904	506	1
000022	3	car	184	204	369	291	0
000022	4	car	515	186	556	236	0
000022	5	motorbike	622	263	698	369	0
000022	6	person	631	224	695	334	0
000022	8	motorbike	412	218	430	250	0
000022	9	person	408	208	432	238	0
000022	10	motorbike	435	211	456	257	0
000022	11	person	437	208	462	236	0
000022	12	car	414	192	460	241	0
000023	1	motorbike	677	259	917	586	1
000023	2	person	693	133	913	512	1
000023	3	car	188	204	375	291	0
000023	4	car	515	184	556	234	0
000023	5	motorbike	624	261	702	371	0
000023	6	person	632	224	696	336	0
000023	8	motorbike	412	218	430	250	0
000023	9	person	408	208	432	238	0
000023	10	motorbike	437	211	456	257	0
000023	11	person	437	208	462	236	0
000023	12	car	414	192	460	241	0
000024	1	motorbike	680	257	922	588	1
000024	2	person	696	133	920	515	1
000024	3	car	192	204	380	291	0
000024	4	car	515	184	556	234	0
000024	5	motorbike	627	261	704	373	0
000024	6	person	634	224	698	337	0
000024	8	motorbike	412	218	432	250	0
000024	9	person	410	208	432	238	0
000024	10	motorbike	437	211	458	257	0
000024	11	person	437	208	462	236	0
000024	12	car	414	192	462	241	0
000025	1	motorbike	682	257	928	592	1
000025	2	person	702	131	928	519	1
000025	3	car	195	204	385	291	0
000025	4	car	515	184	556	234	0
000025	5	motorbike	629	261	707	373	0
000025	6	person	638	225	700	339	0
000025	8	motorbike	412	218	432	250	0
000025	9	person	410	208	432	238	0
000025	10	motorbike	437	211	458	257	0
000025	11	person	437	208	462	236	0
000025	12	car	416	192	462	241	0
000026	1	motorbike	686	256	933	593	1
000026	2	person	705	131	935	522	1
000026	3	car	199	204	391	291	0
000026	4	car	515	184	556	234	0
000026	5	motorbike	632	261	709	375	0
000026	6	person	640	225	702	341	0
000026	8	motorbike	412	218	432	250	0
000026	9	person	410	208	432	238	0
000026	10	motorbike	439	211	458	257	0
000026	11	person	439	208	464	236	0
000026	12	car	416	192	462	241	0
000027	1	motorbike	689	254	938	595	1
000027	2	person	709	131	944	528	1
000027	3	car	202	204	396	291	0
000027	4	car	515	183	556	232	0
000027	5	motorbike	634	259	712	376	0
000027	6	person	641	225	704	343	0
000027	8	motorbike	414	218	432	250	0
000027	9	person	410	208	433	238	0
000027	10	motorbike	439	211	458	257	0
000027	11	person	439	208	464	236	0
000027	12	car	416	192	464	241	0
000028	1	motorbike	693	252	945	597	1
000028	2	person	712	129	951	531	1
000028	3	car	208	204	400	291	0
000028	4	car	517	183	558	232	0
000028	5	motorbike	638	259	714	376	0
000028	6	person	643	225	705	346	0
000028	8	motorbike	414	218	432	250	0
000028	9	person	410	208	433	238	0
000028	10	motorbike	439	211	460	257	0
000028	11	person	439	208	464	236	0
000028	12	car	416	192	464	241	0
000029	1	motorbike	695	252	951	599	1
000029	2	person	718	129	958	535	1
000029	3	car	211	204	405	291	0
000029	4	car	517	183	558	232	0
000029	5	motorbike	640	259	718	378	0
000029	6	person	645	225	707	348	0
000029	8	motorbike	414	218	432	250	0
000029	9	person	410	208	433	238	0
000029	10	motorbike	439	211	460	257	0
000029	11	person	439	208	464	236	0
000029	12	car	416	192	464	241	0
000030	1	motorbike	698	250	956	600	1
000030	2	person	721	129	967	540	1
000030	3	car	215	204	410	291	0
000030	4	car	517	181	558	231	0
000030	5	motorbike	643	257	720	380	0
000030	6	person	647	225	709	350	0
000030	8	motorbike	414	216	433	250	0
000030	9	person	412	206	433	238	0
000030	10	motorbike	440	213	460	259	0
000030	11	person	440	206	465	238	0
000030	12	car	417	190	465	241	0
000031	1	motorbike	702	248	961	602	1
000031	2	person	725	128	974	544	1
000031	3	car	218	204	416	291	0
000031	4	car	517	181	558	231	0
000031	5	motorbike	645	257	723	380	0
000031	6	person	648	225	711	352	0
000031	8	motorbike	414	216	433	250	0
000031	9	person	412	206	433	238	0
000031	10	motorbike	440	213	460	259	0
000031	11	person	440	206	465	238	0
000031	12	car	417	190	465	243	0
000032	1	motorbike	705	247	967	604	1
000032	2	person	728	128	981	547	1
000032	3	car	222	204	421	291	0
000032	4	car	517	181	558	231	0
000032	5	motorbike	648	257	725	382	0
000032	6	person	650	225	712	353	0
000032	8	motorbike	414	216	433	250	0
000032	9	person	412	206	433	238	0
000032	10	motorbike	440	213	462	259	0
000032	11	person	440	206	465	238	0
000032	12	car	417	190	465	243	0
000033	1	motorbike	709	247	974	608	1
000033	2	person	734	128	990	552	1
000033	3	car	227	206	426	291	0
000033	4	car	519	181	560	231	0
000033	5	motorbike	652	257	728	384	0
000033	6	person	654	227	716	357	0
000033	8	motorbike	416	216	433	250	0
000033	9	person	412	206	435	238	0
000033	10	motorbike	440	213	462	259	0
000033	11	person	440	206	465	238	0
000033	12	car	417	190	467	243	0
000034	1	motorbike	712	248	983	609	1
000034	2	person	736	126	997	552	1
000034	3	car	231	204	432	289	0
000034	4	car	519	179	560	229	0
000034	5	motorbike	656	257	732	385	0
000034	6	person	656	225	721	359	0
000034	8	motorbike	416	216	433	250	0
000034	9	person	412	206	435	238	0
000034	10	motorbike	442	213	462	259	0
000034	11	person	442	206	467	238	0
000034	12	car	419	190	467	243	0
000035	1	motorbike	718	252	993	613	1
000035	2	person	739	126	1004	554	1
000035	3	car	236	204	437	289	0
000035	4	car	519	179	560	229	0
000035	5	motorbike	659	259	736	389	0
000035	6	person	659	225	727	360	0
000035	8	motorbike	416	216	433	250	0
000035	9	person	412	206	435	238	0
000035	10	motorbike	442	213	462	259	0
000035	11	person	442	206	467	238	0
000035	12	car	419	190	467	243	0
000036	1	motorbike	723	254	1004	615	1
000036	2	person	743	124	1011	556	1
000036	3	car	241	204	442	289	0
000036	4	car	520	179	561	229	0
000036	5	motorbike	664	261	741	392	0
000036	6	person	663	224	732	362	0
000036	8	motorbike	416	216	435	250	0
000036	9	person	414	206	435	238	0
000036	10	motorbike	442	213	464	259	0
000036	11	person	442	206	467	238	0
000036	12	car	419	190	467	243	0
000037	1	motorbike	727	257	1015	618	1
000037	2	person	746	124	1018	556	1
000037	3	car	245	204	448	289	0
000037	4	car	520	177	561	227	0
000037	5	motorbike	668	263	744	396	0
000037	6	person	666	224	737	364	0
000037	8	motorbike	416	216	435	250	0
000037	9	person	414	206	435	238	0
000037	10	motorbike	444	213	464	259	0
000037	11	person	442	206	467	238	0
000037	12	car	419	190	469	243	0
000038	1	motorbike	732	261	1024	620	1
000038	2	person	750	122	1025	558	1
000038	3	car	250	204	453	288	0
000038	4	car	520	177	561	227	0
000038	5	motorbike	673	263	750	398	0
000038	6	person	670	224	743	366	0
000038	8	motorbike	416	216	435	250	0
000038	9	person	414	206	437	238	0
000038	10	motorbike	444	213	464	259	0
000038	11	person	444	206	469	238	0
000038	12	car	419	190	469	243	0
000039	1	motorbike	737	263	1034	624	1
000039	2	person	753	122	1032	560	1
000039	3	car	256	204	458	288	0
000039	4	car	522	177	563	227	0
000039	5	motorbike	677	264	753	401	0
000039	6	person	673	222	748	368	0
000039	8	motorbike	417	216	435	252	0
000039	9	person	414	206	437	238	0
000039	10	motorbike	444	213	465	259	0
000039	11	person	444	206	469	238	0
000039	12	car	421	190	469	243	0
000040	1	motorbike	741	266	1045	625	1
000040	2	person	755	120	1040	560	1
000040	3	car	259	202	464	288	0
000040	4	car	522	176	563	225	0
000040	5	motorbike	682	266	759	405	0
000040	6	person	675	222	753	369	0
000040	8	motorbike	417	216	435	252	0
000040	9	person	414	206	437	238	0
000040	10	motorbike	444	213	465	259	0
000040	11	person	444	206	469	238	0
000040	12	car	421	190	471	243	0
000041	1	motorbike	746	268	1056	629	1
000041	2	person	759	120	1047	561	1
000041	3	car	264	202	469	288	0
000041	4	car	524	176	565	225	0
000041	5	motorbike	686	268	762	408	0
000041	6	person	679	220	759	371	0
000041	8	motorbike	417	216	437	252	0
000041	9	person	416	206	437	238	0
000041	10	motorbike	446	213	465	259	0
000041	11	person	444	206	469	238	0
000041	12	car	421	190	471	245	0
000042	1	motorbike	752	272	1064	631	1
000042	2	person	762	119	1054	563	1
000042	3	car	270	202	474	286	0
000042	4	car	524	176	565	225	0
000042	5	motorbike	691	268	768	410	0
000042	6	person	682	220	764	373	0
000042	8	motorbike	417	216	437	252	0
000042	9	person	416	206	437	238	0
000042	10	motorbike	446	213	465	259	0
000042	11	person	446	206	471	238	0
000042	12	car	421	190	471	245	0
000043	1	motorbike	755	275	1075	634	1
000043	2	person	766	119	1061	563	1
000043	3	car	273	202	480	286	0
000043	4	car	524	174	565	224	0
000043	5	motorbike	695	270	771	414	0
000043	6	person	686	220	769	375	0
000043	8	motorbike	417	216	437	252	0
000043	9	person	416	206	439	238	0
000043	10	motorbike	446	213	467	259	0
000043	11	person	446	206	471	238	0
000043	12	car	421	190	472	245	0
000044	1	motorbike	760	277	1086	636	1
000044	2	person	769	117	1068	565	1
000044	3	car	279	202	485	286	0
000044	4	car	526	174	567	224	0
000044	5	motorbike	700	272	776	417	0
000044	6	person	689	218	775	376	0
000044	8	motorbike	417	216	437	252	0
000044	9	person	416	204	439	238	0
000044	10	motorbike	448	213	467	261	0
000044	11	person	446	204	471	240	0
000044	12	car	423	188	472	245	0
000045	1	motorbike	766	280	1096	640	1
000045	2	person	773	117	1075	567	1
000045	3	car	284	202	490	286	0
000045	4	car	526	174	567	224	0
000045	5	motorbike	704	273	780	421	0
000045	6	person	693	218	780	378	0
000045	8	motorbike	417	216	437	252	0
000045	9	person	416	204	439	238	0
000045	10	motorbike	448	213	467	261	0
000045	11	person	446	204	471	240	0
000045	12	car	423	188	472	245	0
000046	1	motorbike	771	284	1107	643	1
000046	2	person	776	117	1084	568	1
000046	3	car	289	202	496	286	0
000046	4	car	528	174	568	224	0
000046	5	motorbike	709	275	785	424	0
000046	6	person	696	218	785	382	0
000046	8	motorbike	419	216	437	252	0
000046	9	person	416	204	439	238	0
000046	10	motorbike	448	213	467	261	0
000046	11	person	448	204	472	240	0
000046	12	car	423	188	474	245	0
000047	1	motorbike	773	284	1118	648	1
000047	2	person	780	113	1091	568	1
000047	3	car	293	202	499	286	0
000047	4	car	528	174	567	224	0
000047	5	motorbike	711	273	792	428	0
000047	6	person	700	218	791	385	0
000047	8	motorbike	419	216	439	252	0
000047	9	person	417	204	439	238	0
000047	10	motorbike	448	213	469	261	0
000047	11	person	448	204	472	240	0
000047	12	car	423	188	474	245	0
000048	1	motorbike	776	286	1130	656	1
000048	2	person	784	110	1100	568	1
000048	3	car	298	204	504	288	0
000048	4	car	528	174	567	224	0
000048	5	motorbike	714	272	801	433	0
000048	6	person	705	218	798	389	0
000048	8	motorbike	419	216	439	252	0
000048	9	person	417	204	440	238	0
000048	10	motorbike	449	213	469	261	0
000048	11	person	448	204	472	240	0
000048	12	car	423	188	474	245	0
000049	1	motorbike	780	288	1141	663	1
000049	2	person	787	106	1109	568	1
000049	3	car	304	206	510	289	0
000049	4	car	528	176	567	224	0
000049	5	motorbike	718	270	808	437	0
000049	6	person	711	218	805	392	0
000049	8	motorbike	419	216	439	252	0
000049	9	person	417	204	440	238	0
000049	10	motorbike	449	213	469	261	0
000049	11	person	448	204	472	240	0
000049	12	car	424	188	476	245	0
000050	1	motorbike	784	288	1153	670	1
000050	2	person	791	103	1118	568	1
000050	3	car	307	206	513	289	0
000050	4	car	528	176	567	224	0
000050	5	motorbike	721	268	817	442	0
000050	6	person	716	218	812	396	0
000050	8	motorbike	419	216	439	252	0
000050	9	person	417	204	440	238	0
000050	10	motorbike	449	213	469	261	0
000050	11	person	449	204	474	240	0
000050	12	car	424	188	476	245	0
000051	1	motorbike	785	289	1164	675	1
000051	2	person	794	99	1125	568	1
000051	3	car	312	208	519	291	0
000051	4	car	528	176	567	224	0
000051	5	motorbike	723	266	824	446	0
000051	6	person	720	218	819	401	0
000051	8	motorbike	419	216	439	252	0
000051	9	person	417	204	440	238	0
000051	10	motorbike	451	213	471	261	0
000051	11	person	449	204	474	240	0
000051	12	car	424	188	476	247	0
000052	1	motorbike	789	291	1176	682	1
000052	2	person	798	96	1134	568	1
000052	3	car	318	209	524	293	0
000052	4	car	528	177	567	224	0
000052	5	motorbike	727	264	833	451	0
000052	6	person	725	218	826	405	0
000052	8	motorbike	421	216	439	252	0
000052	9	person	417	204	440	238	0
000052	10	motorbike	451	213	471	261	0
000052	11	person	449	204	474	240	0
000052	12	car	424	188	476	247	0
000053	1	motorbike	792	291	1187	689	1
000053	2	person	801	92	1143	568	1
000053	3	car	321	209	528	293	0
000053	4	car	528	177	567	224	0
000053	5	motorbike	730	263	840	455	0
000053	6	person	730	218	833	408	0
000053	8	motorbike	421	216	440	252	0
000053	9	person	419	204	442	238	0
000053	10	motorbike	451	213	471	261	0
000053	11	person	449	204	474	240	0
000053	12	car	426	188	478	247	0
000054	1	motorbike	796	293	1200	696	1
000054	2	person	805	88	1152	568	1
000054	3	car	327	211	533	295	0
000054	4	car	528	177	567	224	0
000054	5	motorbike	734	261	849	460	0
000054	6	person	736	218	840	412	0
000054	8	motorbike	421	216	440	252	0
000054	9	person	419	204	442	238	0
000054	10	motorbike	451	213	471	261	0
000054	11	person	451	204	476	240	0
000054	12	car	426	188	478	247	0
000055	1	motorbike	800	295	1212	704	1
000055	2	person	808	87	1160	568	1
000055	3	car	332	213	538	296	0
000055	4	car	528	179	567	224	0
000055	5	motorbike	737	259	858	465	0
000055	6	person	741	220	848	417	0
000055	8	motorbike	421	216	440	252	0
000055	9	person	419	204	442	238	0
000055	10	motorbike	453	213	472	261	0
000055	11	person	451	204	476	240	0
000055	12	car	426	188	478	247	0
000056	1	motorbike	800	293	1216	704	1
000056	2	person	812	83	1168	574	1
000056	3	car	336	211	542	295	0
000056	4	car	528	177	567	222	0
000056	5	motorbike	743	259	865	465	0
000056	6	person	746	218	856	417	0
000056	8	motorbike	421	216	440	252	0
000056	9	person	419	204	442	238	0
000056	10	motorbike	453	213	472	261	0
000056	11	person	451	204	476	240	0
000056	12	car	426	188	480	247	0
000057	1	motorbike	801	291	1221	705	1
000057	2	person	816	80	1176	581	1
000057	3	car	341	211	545	295	0
000057	4	car	528	177	567	222	0
000057	5	motorbike	748	261	874	467	0
000057	6	person	752	218	867	419	0
000057	8	motorbike	421	216	440	252	0
000057	9	person	419	204	442	238	0
000057	10	motorbike	453	213	472	261	0
000057	11	person	451	204	476	240	0
000057	12	car	426	188	480	247	0
000058	1	motorbike	803	289	1226	705	1
000058	2	person	821	76	1185	586	1
000058	3	car	346	211	549	293	0
000058	4	car	529	177	568	220	0
000058	5	motorbike	755	263	883	469	0
000058	6	person	757	218	878	419	0
000058	12	car	428	186	480	247	0
000059	1	motorbike	805	288	1232	707	1
000059	2	person	824	72	1194	593	1
000059	3	car	352	209	552	293	0
000059	4	car	529	177	568	220	0
000059	5	motorbike	760	264	892	471	0
000059	6	person	764	216	887	421	0
000059	12	car	428	186	481	247	0
000060	1	motorbike	807	286	1235	709	1
000060	2	person	830	69	1203	600	1
000060	3	car	355	209	556	293	0
000060	4	car	531	176	568	218	0
000060	5	motorbike	766	266	899	472	0
000060	6	person	769	216	897	423	0
000060	12	car	428	186	481	247	0
000061	1	motorbike	808	284	1240	709	1
000061	2	person	833	65	1212	606	1
000061	3	car	360	209	560	291	0
000061	4	car	531	176	570	218	0
000061	5	motorbike	773	268	908	474	0
000061	6	person	775	216	908	423	0
000061	12	car	428	186	481	248	0
000062	1	motorbike	808	282	1246	711	1
000062	2	person	839	64	1219	613	1
000062	3	car	366	208	563	291	0
000062	4	car	533	176	570	216	0
000062	5	motorbike	778	270	917	474	0
000062	6	person	782	215	917	424	0
000062	12	car	428	186	483	248	0
000063	1	motorbike	810	280	1251	711	1
000063	2	person	842	60	1228	618	1
000063	3	car	371	208	567	289	0
000063	4	car	533	176	572	216	0
000063	5	motorbike	785	272	926	476	0
000063	6	person	787	215	928	424	0
000063	7	car	1	177	94	291	0
000063	12	car	430	186	483	248	0
000064	1	motorbike	812	279	1255	712	1
000064	2	person	848	56	1237	625	1
000064	3	car	375	208	570	289	0
000064	4	car	535	174	572	215	0
000064	5	motorbike	791	273	933	478	0
000064	6	person	792	215	938	426	0
000064	7	car	3	177	101	291	0
000064	12	car	430	186	483	248	0
000065	1	motorbike	814	277	1260	714	1
000065	2	person	851	53	1246	632	1
000065	3	car	380	206	574	289	0
000065	4	car	535	174	572	215	0
000065	5	motorbike	796	275	942	480	0
000065	6	person	800	213	947	428	0
000065	7	car	7	177	108	291	0
000065	12	car	430	186	485	248	0
000066	1	motorbike	816	275	1265	714	1
000066	2	person	856	49	1255	638	1
000066	3	car	385	206	577	288	0
000066	4	car	536	174	574	213	0
000066	5	motorbike	803	277	951	481	0
000066	6	person	805	213	958	428	0
000066	7	car	10	177	117	291	0
000066	12	car	430	186	485	248	0
000067	1	motorbike	817	273	1271	716	1
000067	2	person	860	46	1264	645	1
000067	3	car	391	206	581	288	0
000067	4	car	536	174	574	213	0
000067	5	motorbike	808	279	960	483	0
000067	6	person	810	213	968	430	0
000067	7	car	12	177	124	291	0
000067	12	car	432	186	485	248	0
000068	1	motorbike	819	273	1276	718	1
000068	2	person	865	44	1272	652	1
000068	3	car	396	206	586	288	0
000068	4	car	538	174	576	213	0
000068	5	motorbike	816	280	968	485	0
000068	6	person	817	213	979	432	0
000068	7	car	16	177	133	291	0
000068	12	car	432	186	485	248	0
000069	1	motorbike	826	273	1276	716	1
000069	2	person	871	44	1272	650	1
000069	3	car	400	206	588	288	0
000069	4	car	538	174	576	213	0
000069	5	motorbike	823	282	977	490	0
000069	6	person	824	211	990	435	0
000069	7	car	19	177	140	291	0
000069	12	car	432	186	487	248	0
000070	1	motorbike	835	273	1276	716	1
000070	2	person	876	44	1272	650	1
000070	3	car	405	206	590	288	0
000070	4	car	540	174	577	213	0
000070	5	motorbike	830	284	988	496	0
000070	6	person	833	211	1000	439	0
000070	7	car	21	177	147	291	0
000070	12	car	432	186	487	248	0
000071	1	motorbike	842	273	1276	716	1
000071	2	person	883	44	1272	650	1
000071	3	car	410	206	592	288	0
000071	4	car	540	174	577	213	0
000071	5	motorbike	837	286	999	501	0
000071	6	person	842	211	1011	442	0
000071	7	car	24	179	156	291	0
000071	12	car	432	186	487	250	0
000072	1	motorbike	851	273	1276	716	1
000072	2	person	888	44	1272	650	1
000072	3	car	416	206	593	288	0
000072	4	car	542	174	579	213	0
000072	5	motorbike	846	288	1008	506	0
000072	6	person	849	211	1022	448	0
000072	7	car	28	179	163	291	0
000072	12	car	433	184	488	250	0
000073	1	motorbike	860	273	1276	716	1
000073	2	person	896	44	1272	650	1
000073	3	car	421	206	595	288	0
000073	4	car	542	174	579	213	0
000073	5	motorbike	853	289	1018	512	0
000073	6	person	858	211	1032	451	0
000073	7	car	30	179	172	293	0
000073	12	car	433	184	488	250	0
000074	1	motorbike	867	273	1276	716	1
000074	2	person	901	44	1272	650	1
000074	3	car	424	206	597	288	0
000074	4	car	544	174	581	213	0
000074	5	motorbike	860	291	1029	517	0
000074	6	person	867	211	1043	455	0
000074	7	car	33	179	179	293	0
000074	12	car	433	184	488	250	0
000075	1	motorbike	876	273	1276	716	1
000075	2	person	908	44	1272	650	1
000075	3	car	430	206	599	288	0
000075	4	car	544	174	581	213	0
000075	5	motorbike	867	293	1038	522	0
000075	6	person	874	211	1054	458	0
000075	7	car	37	179	186	293	0
000075	12	car	433	184	490	250	0
000076	1	motorbike	883	273	1276	716	1
000076	2	person	913	44	1272	650	1
000076	3	car	435	208	602	288	0
000076	4	car	545	176	583	215	0
000076	5	motorbike	876	295	1048	528	0
000076	6	person	883	209	1064	464	0
000076	7	car	39	179	195	293	0
000076	12	car	433	184	490	250	0
000077	1	motorbike	892	273	1276	716	1
000077	2	person	920	44	1272	650	1
000077	3	car	440	208	604	288	0
000077	4	car	545	176	583	215	0
000077	5	motorbike	883	296	1059	533	0
000077	6	person	892	209	1075	467	0
000077	7	car	42	179	202	293	0
000077	12	car	435	184	490	250	0
000078	1	motorbike	901	273	1276	716	1
000078	2	person	926	44	1272	650	1
000078	3	car	446	208	606	288	0
000078	4	car	547	176	584	215	0
000078	5	motorbike	890	298	1068	538	0
000078	6	person	899	209	1086	471	0
000078	7	car	46	181	211	293	0
000078	12	car	435	184	492	250	0
000079	1	motorbike	908	273	1276	716	1
000079	2	person	933	44	1272	650	1
000079	3	car	449	208	608	288	0
000079	4	car	547	176	584	215	0
000079	5	motorbike	897	300	1079	544	0
000079	6	person	908	209	1096	474	0
000079	7	car	48	181	218	293	0
000079	8	motorbike	430	216	449	256	0
000079	9	person	428	202	451	241	0
000079	12	car	435	184	492	250	0
000080	1	motorbike	917	273	1276	716	1
000080	2	person	938	44	1272	650	1
000080	3	car	455	208	609	288	0
000080	4	car	549	176	586	215	0
000080	5	motorbike	906	302	1089	549	0
000080	6	person	917	209	1107	480	0
000080	7	car	51	181	225	293	0
000080	8	motorbike	430	216	449	256	0
000080	9	person	428	200	451	241	0
000080	12	car	435	184	492	250	0
000081	1	motorbike	924	273	1276	716	1
000081	2	person	945	44	1272	650	1
000081	3	car	460	208	611	288	0
000081	4	car	549	176	586	215	0
000081	5	motorbike	913	304	1098	554	0
000081	6	person	924	209	1118	483	0
000081	7	car	55	181	234	293	0
000081	8	motorbike	430	216	449	256	0
000081	9	person	428	200	451	241	0
000081	12	car	435	184	494	252	0
000082	1	motorbike	933	273	1276	716	1
000082	2	person	951	44	1272	650	1
000082	3	car	465	208	613	288	0
000082	4	car	551	176	588	215	0
000082	5	motorbike	920	305	1109	560	0
000082	6	person	933	209	1128	487	0
000082	7	car	56	181	241	295	0
000082	8	motorbike	430	216	449	256	0
000082	9	person	428	200	451	241	0
000082	12	car	437	184	494	252	0
000083	1	motorbike	942	273	1276	716	1
000083	2	person	958	44	1272	650	1
000083	3	car	471	209	616	289	0
000083	4	car	552	177	590	216	0
000083	5	motorbike	929	309	1120	565	0
000083	6	person	942	209	1139	492	0
000083	7	car	60	181	250	295	0
000083	8	motorbike	430	216	449	256	0
000083	9	person	428	200	451	241	0
000083	12	car	437	184	494	252	0
000084	1	motorbike	944	273	1276	716	1
000084	2	person	958	44	1272	650	1
000084	3	car	474	209	616	288	0
000084	4	car	552	177	590	216	0
000084	5	motorbike	929	309	1120	565	0
000084	6	person	942	209	1139	492	0
000084	7	car	64	181	257	295	0
000084	8	motorbike	430	216	449	256	0
000084	9	person	428	200	453	241	0
000084	12	car	437	184	494	252	0
000085	1	motorbike	947	275	1276	716	1
000085	2	person	958	44	1272	650	1
000085	3	car	480	209	618	286	0
000085	4	car	552	177	590	216	0
000085	5	motorbike	929	309	1120	565	0
000085	6	person	942	209	1139	492	0
000085	7	car	65	181	264	295	0
000085	8	motorbike	432	216	451	256	0
000085	9	person	430	200	453	241	0
000085	12	car	437	184	496	252	0
000086	1	motorbike	951	275	1276	716	1
000086	2	person	958	44	1272	650	1
000086	3	car	485	209	618	286	0
000086	4	car	552	177	590	216	0
000086	5	motorbike	929	309	1120	565	0
000086	6	person	942	209	1139	492	0
000086	7	car	69	183	273	295	0
000086	8	motorbike	432	216	451	256	0
000086	9	person	430	200	453	241	0
000086	12	car	439	183	496	252	0
000087	1	motorbike	954	277	1276	716	1
000087	2	person	958	44	1272	650	1
000087	3	car	490	209	620	284	0
000087	4	car	552	177	590	216	0
000087	5	motorbike	929	309	1120	565	0
000087	6	person	942	209	1139	492	0
000087	7	car	72	183	280	295	0
000087	8	motorbike	432	216	451	256	0
000087	9	person	430	200	453	241	0
000087	12	car	439	183	496	252	0
000088	1	motorbike	958	277	1276	716	1
000088	2	person	958	44	1272	650	1
000088	3	car	496	209	622	282	0
000088	4	car	552	177	590	216	0
000088	5	motorbike	929	309	1120	565	0
000088	6	person	942	209	1139	492	0
000088	7	car	74	183	289	295	0
000088	8	motorbike	432	216	451	256	0
000088	9	person	430	200	455	241	0
000088	12	car	439	183	497	252	0
000089	1	motorbike	960	279	1276	716	1
000089	2	person	958	44	1272	650	1
000089	3	car	499	209	622	282	0
000089	4	car	552	177	590	216	0
000089	5	motorbike	929	309	1120	565	0
000089	6	person	942	209	1139	492	0
000089	7	car	78	183	296	295	0
000089	8	motorbike	432	216	451	256	0
000089	9	person	430	200	455	241	0
000089	12	car	439	183	497	252	0
000090	1	motorbike	963	279	1276	716	1
000090	2	person	958	44	1272	650	1
000090	3	car	504	209	624	280	0
000090	4	car	552	177	590	216	0
000090	5	motorbike	929	309	1120	565	0
000090	6	person	942	209	1139	492	0
000090	7	car	81	183	304	295	0
000090	8	motorbike	433	216	453	257	0
000090	9	person	432	200	455	241	0
000090	10	motorbike	471	218	490	266	0
000090	11	person	467	200	494	247	0
000090	12	car	439	183	497	252	0
000091	1	motorbike	967	280	1276	716	1
000091	2	person	958	44	1272	650	1
000091	3	car	510	209	625	279	0
000091	4	car	552	177	590	216	0
000091	5	motorbike	929	309	1120	565	0
000091	6	person	942	209	1139	492	0
000091	7	car	83	183	312	296	0
000091	8	motorbike	433	216	453	257	0
000091	9	person	432	200	455	241	0
000091	10	motorbike	471	218	490	266	0
000091	11	person	467	200	494	247	0
000091	12	car	440	183	499	254	0
000092	1	motorbike	970	280	1276	716	1
000092	2	person	958	44	1272	650	1
000092	3	car	515	209	625	279	0
000092	4	car	552	177	590	216	0
000092	5	motorbike	929	309	1120	565	0
000092	6	person	942	209	1139	492	0
000092	7	car	87	183	320	296	0
000092	8	motorbike	433	216	453	257	0
000092	9	person	432	200	456	241	0
000092	10	motorbike	471	218	490	266	0
000092	11	person	467	200	494	247	0
000092	12	car	440	183	499	254	0
000093	1	motorbike	974	282	1276	716	1
000093	2	person	958	44	1272	650	1
000093	3	car	520	209	627	277	0
000093	4	car	552	177	590	216	0
000093	5	motorbike	929	309	1120	565	0
000093	6	person	942	209	1139	492	0
000093	7	car	90	184	328	296	0
000093	8	motorbike	433	216	453	257	0
000093	9	person	432	200	456	241	0
000093	10	motorbike	471	218	490	266	0
000093	11	person	467	200	494	247	0
000093	12	car	440	183	499	254	0
000094	1	motorbike	977	284	1278	718	1
000094	2	person	958	44	1272	650	1
000094	3	car	526	211	629	277	0
000094	4	car	552	177	590	216	0
000094	5	motorbike	929	309	1120	565	0
000094	6	person	942	209	1139	492	0
000094	7	car	92	184	336	296	0
000094	8	motorbike	433	216	453	257	0
000094	9	person	432	200	456	241	0
000094	10	motorbike	472	218	492	266	0
000094	11	person	469	200	496	247	0
000094	12	car	440	183	501	254	0
000095	1	motorbike	977	284	1278	718	1
000095	2	person	958	44	1272	650	1
000095	3	car	528	211	627	277	0
000095	4	car	552	177	590	216	0
000095	5	motorbike	929	309	1120	565	0
000095	6	person	942	209	1139	492	0
000095	7	car	96	184	343	296	0
000095	8	motorbike	435	216	455	257	0
000095	9	person	433	200	456	241	0
000095	10	motorbike	472	218	492	266	0
000095	11	person	469	200	496	247	0
000095	12	car	440	183	501	254	0
000096	1	motorbike	977	284	1278	718	1
000096	2	person	958	44	1272	650	1
000096	3	car	529	211	627	277	0
000096	4	car	552	177	590	216	0
000096	5	motorbike	929	309	1120	565	0
000096	6	person	942	209	1139	492	0
000096	7	car	99	184	352	296	0
000096	8	motorbike	435	216	455	257	0
000096	9	person	433	200	458	241	0
000096	10	motorbike	472	218	492	266	0
000096	11	person	469	200	496	247	0
000096	12	car	442	183	501	254	0
000097	1	motorbike	977	284	1278	718	1
000097	2	person	958	44	1272	650	1
000097	3	car	531	213	627	277	0
000097	4	car	552	177	590	216	0
000097	5	motorbike	929	309	1120	565	0
000097	6	person	942	209	1139	492	0
000097	7	car	101	184	359	296	0
000097	8	motorbike	435	216	455	257	0
000097	9	person	433	200	458	241	0
000097	10	motorbike	474	218	494	266	0
000097	11	person	471	200	497	247	0
000097	12	car	442	183	503	254	0
000098	1	motorbike	977	284	1278	718	1
000098	2	person	958	44	1272	650	1
000098	3	car	533	213	627	277	0
000098	4	car	552	177	590	216	0
000098	5	motorbike	929	309	1120	565	0
000098	6	person	942	209	1139	492	0
000098	7	car	104	184	368	296	0
000098	8	motorbike	435	216	455	257	0
000098	9	person	433	200	458	241	0
000098	10	motorbike	474	218	494	266	0
000098	11	person	471	200	497	247	0
000098	12	car	442	183	503	254	0
000099	1	motorbike	977	284	1278	718	1
000099	2	person	958	44	1272	650	1
000099	3	car	535	213	627	277	0
000099	4	car	552	177	590	216	0
000099	5	motorbike	929	309	1120	565	0
000099	6	person	942	209	1139	492	0
000099	7	car	108	184	375	296	0
000099	8	motorbike	435	216	455	257	0
000099	9	person	433	200	458	241	0
000099	10	motorbike	474	218	494	266	0
000099	11	person	471	200	497	247	0
000099	12	car	442	183	503	254	0
000100	1	motorbike	977	284	1278	718	1
000100	2	person	958	44	1272	650	1
000100	3	car	536	215	627	279	0
000100	4	car	552	177	590	216	0
000100	5	motorbike	929	309	1120	565	0
000100	6	person	942	209	1139	492	0
000100	7	car	112	186	384	298	0
000100	8	motorbike	437	216	456	259	0
000100	9	person	435	200	460	243	0
000100	10	motorbike	476	220	496	268	0
000100	11	person	472	200	499	248	0
000100	12	car	444	183	504	256	0
