000001	1	car	444	472	800	670	1
000001	2	car	8	396	211	634	0
000002	1	car	440	472	796	670	1
000002	2	car	8	396	211	632	0
000003	1	car	437	472	792	670	1
000003	2	car	8	396	213	632	0
000004	1	car	433	472	789	670	1
000004	2	car	8	396	215	632	0
000005	1	car	430	472	785	670	1
000005	2	car	8	396	215	632	0
000006	1	car	426	472	782	670	1
000006	2	car	8	396	216	632	0
000007	1	car	423	472	778	670	1
000007	2	car	8	396	218	632	0
000008	1	car	419	469	775	666	1
000008	2	car	7	396	216	632	0
000009	1	car	417	467	773	664	1
000009	2	car	7	396	216	632	0
000010	1	car	416	464	771	661	1
000010	2	car	7	396	216	632	0
000011	1	car	414	462	769	659	1
000011	2	car	7	396	216	632	0
000012	1	car	412	460	768	657	1
000012	2	car	7	396	215	632	0
000013	1	car	410	456	766	654	1
000013	2	car	7	398	215	634	0
000014	1	car	408	455	764	652	1
000014	2	car	7	398	215	634	0
000015	1	car	407	453	762	650	1
000015	2	car	7	398	215	634	0
000016	1	car	398	453	753	650	1
000016	2	car	7	398	213	634	0
000017	1	car	391	453	746	650	1
000017	2	car	7	398	213	634	0
000018	1	car	384	453	739	650	1
000018	2	car	7	400	213	636	0
000019	1	car	376	453	732	650	1
000019	2	car	7	400	213	636	0
000020	1	car	369	453	725	650	1
000020	2	car	5	400	211	636	0
000021	1	car	362	453	718	650	1
000021	2	car	5	400	211	636	0
000022	1	car	355	455	711	652	1
000022	2	car	5	400	211	636	0
000023	1	car	352	453	707	650	1
000023	2	car	5	401	211	638	0
000024	1	car	350	451	705	648	1
000024	2	car	5	401	211	638	0
000025	1	car	348	449	704	647	1
000025	2	car	5	401	209	638	0
000026	1	car	346	448	702	645	1
000026	2	car	5	401	209	638	0
000027	1	car	344	446	700	643	1
000027	2	car	5	401	209	638	0
000028	1	car	343	446	698	643	1
000028	2	car	5	401	209	638	0
000029	1	car	337	446	682	641	1
000029	2	car	5	403	208	640	0
000030	1	car	332	448	668	640	1
000030	2	car	5	403	208	640	0
000031	1	car	327	449	652	638	1
000031	2	car	5	403	208	640	0
000032	1	car	321	451	638	638	1
000032	2	car	5	403	208	640	0
000032	3	motorbike	835	460	862	504	1
000033	1	car	318	449	634	636	1
000033	2	car	3	403	206	640	0
000033	3	motorbike	826	460	853	504	1
000034	1	car	314	449	631	636	1
000034	2	car	3	405	206	641	0
000034	3	motorbike	819	460	846	504	1
000035	1	car	312	449	629	636	1
000035	2	car	3	405	206	641	0
000035	3	motorbike	812	460	839	504	1
000036	1	car	312	449	622	629	1
000036	2	car	3	405	206	641	0
000036	3	motorbike	803	460	833	503	1
000037	1	car	312	449	615	624	1
000037	2	car	3	405	204	641	0
000037	3	motorbike	796	460	828	503	1
000038	1	car	312	449	608	616	1
000038	2	car	3	405	204	641	0
000038	3	motorbike	787	462	824	501	1
000039	1	car	312	449	600	611	1
000039	2	car	3	407	204	643	0
000039	3	motorbike	780	462	819	501	1
000040	1	car	312	449	595	606	1
000040	2	car	3	407	204	643	0
000040	3	motorbike	773	464	816	501	1
000041	1	car	305	449	588	606	1
000041	2	car	3	407	204	643	0
000041	3	motorbike	762	464	805	501	1
000042	1	car	298	449	581	606	1
000042	2	car	3	407	202	643	0
000042	3	motorbike	752	464	794	501	1
000043	1	car	291	449	574	606	1
000043	2	car	3	407	202	643	0
000043	3	motorbike	741	465	784	503	1
000044	1	car	284	449	567	606	1
000044	2	car	3	407	202	643	0
000044	3	motorbike	730	465	773	503	1
000045	1	car	277	449	560	606	1
000045	2	car	3	408	202	645	0
000045	3	motorbike	721	467	764	504	1
000046	1	car	273	448	551	604	1
000046	2	car	1	408	200	645	0
000046	3	motorbike	707	465	753	504	1
000047	1	car	270	446	542	602	1
000047	2	car	1	408	200	645	0
000047	3	motorbike	695	464	743	504	1
000048	1	car	266	446	533	600	1
000048	2	car	1	408	200	645	0
000048	3	motorbike	682	462	732	506	1
000049	1	car	263	444	524	599	1
000049	2	car	1	408	200	645	0
000049	3	motorbike	668	460	721	506	1
000050	1	car	259	444	515	597	1
000050	2	car	1	410	199	647	0
000050	3	motorbike	656	458	711	506	1
000051	1	car	256	442	506	595	1
000051	2	car	1	410	199	647	0
000051	3	motorbike	643	456	700	508	1
000052	1	car	254	442	497	595	1
000052	2	car	1	410	199	647	0
000052	3	motorbike	629	455	689	508	1
000053	1	car	250	442	487	590	1
000053	2	car	1	410	199	647	0
000053	3	motorbike	616	453	679	508	1
000054	1	car	247	442	476	586	1
000054	2	car	1	410	197	647	0
000054	3	motorbike	604	453	668	510	1
000055	1	car	243	444	465	581	1
000055	2	car	1	412	197	648	0
000055	3	motorbike	590	451	659	510	1
000056	1	car	240	444	455	577	1
000056	2	car	1	412	197	648	0
000056	3	motorbike	577	449	650	512	1
000057	1	car	238	446	446	574	1
000057	2	car	1	412	197	648	0
000057	3	motorbike	563	448	641	513	1
000058	1	car	231	440	439	568	1
000058	2	car	1	412	197	648	0
000058	3	motorbike	551	446	632	515	1
000059	1	car	224	437	432	565	1
000059	2	car	0	412	195	648	0
000059	3	motorbike	536	449	618	515	1
000059	4	car	849	442	901	499	0
000060	1	car	216	433	424	561	1
000060	2	car	0	412	195	648	0
000060	3	motorbike	522	455	604	517	1
000060	4	car	848	440	899	497	0
000061	1	car	211	433	419	561	1
000061	2	car	0	414	195	650	0
000061	3	motorbike	508	460	590	519	1
000061	4	car	846	440	899	497	0
000062	1	car	206	433	414	561	1
000062	2	car	0	414	195	650	0
000062	3	motorbike	494	464	576	519	1
000062	4	car	844	440	899	497	0
000063	1	car	200	433	408	561	1
000063	2	car	0	414	193	650	0
000063	3	motorbike	480	469	561	520	1
000063	4	car	842	440	899	497	0
000064	1	car	195	433	403	561	1
000064	2	car	0	414	193	650	0
000064	3	motorbike	465	474	547	522	1
000064	4	car	842	440	897	496	0
000065	1	car	190	433	398	561	1
000065	2	car	0	414	193	650	0
000065	3	motorbike	451	480	535	524	1
000065	4	car	840	440	897	496	0
000066	1	car	186	433	389	556	1
000066	2	car	0	416	193	652	0
000066	3	motorbike	435	480	519	524	1
000066	4	car	839	440	897	496	0
000067	1	car	184	435	382	551	1
000067	2	car	0	416	192	652	0
000067	3	motorbike	421	481	504	526	1
000067	4	car	837	440	897	496	0
000068	1	car	183	435	375	547	1
000068	2	car	0	416	192	652	0
000068	3	motorbike	405	483	488	528	1
000068	4	car	837	440	897	496	0
000069	1	car	179	437	366	542	1
000069	2	car	0	416	192	652	0
000069	3	motorbike	391	483	474	528	1
000069	4	car	835	440	896	496	0
000070	1	car	177	437	359	536	1
000070	2	car	0	416	192	652	0
000070	3	motorbike	375	485	458	529	1
000070	4	car	833	440	894	496	0
000071	1	car	176	439	352	533	1
000071	2	car	0	417	192	654	0
000071	3	motorbike	360	487	444	531	1
000071	4	car	832	440	892	496	0
000072	1	car	163	437	339	531	1
000072	2	car	0	417	192	654	0
000072	3	motorbike	348	485	432	529	1
000072	4	car	832	440	892	496	0
000073	1	car	152	435	328	529	1
000073	2	car	0	417	192	654	0
000073	3	motorbike	336	485	419	529	1
000073	4	car	830	440	890	496	0
000074	1	car	140	433	316	528	1
000074	2	car	0	417	192	654	0
000074	3	motorbike	323	483	407	528	1
000074	4	car	828	440	888	496	0
000075	1	car	129	433	305	528	1
000075	2	car	0	417	192	654	0
000075	3	motorbike	312	483	396	528	1
000075	4	car	828	440	888	496	0
000076	1	car	124	432	296	526	1
000076	2	car	0	417	192	654	0
000076	3	motorbike	304	481	387	526	1
000076	4	car	826	440	887	496	0
000077	1	car	120	432	289	526	1
000077	2	car	0	417	192	654	0
000077	3	motorbike	295	481	378	526	1
000077	4	car	824	440	885	496	0
000078	1	car	117	432	282	524	1
000078	2	car	0	417	192	654	0
000078	3	motorbike	286	481	369	526	1
000078	4	car	824	442	885	497	0
000079	1	car	113	430	275	524	1
000079	2	car	0	417	192	654	0
000079	3	motorbike	277	481	360	526	1
000079	4	car	824	442	887	496	0
000080	1	car	110	430	268	522	1
000080	2	car	0	417	192	654	0
000080	3	motorbike	268	481	352	526	1
000080	4	car	824	442	888	496	0
000081	1	car	106	430	261	522	1
000081	2	car	0	417	192	654	0
000081	3	motorbike	259	481	343	526	1
000081	4	car	824	442	890	496	0
000082	1	car	103	430	254	522	1
000082	2	car	0	417	192	654	0
000082	3	motorbike	250	481	334	526	1
000082	4	car	824	442	892	496	0
000083	1	car	97	430	248	522	1
000083	2	car	0	417	192	654	0
000083	3	motorbike	250	481	334	526	1
000083	4	car	826	442	896	496	0
000084	1	car	94	430	245	522	1
000084	2	car	0	417	192	654	0
000084	3	motorbike	252	481	336	526	1
000084	4	car	824	442	894	494	0
000085	1	car	90	430	241	522	1
000085	2	car	0	417	192	654	0
000085	3	motorbike	254	481	337	526	1
000085	4	car	823	442	894	494	0
000086	1	car	87	430	238	522	1
000086	2	car	0	417	192	654	0
000086	3	motorbike	254	481	337	526	1
000086	4	car	821	442	892	494	0
000087	1	car	83	430	234	522	1
000087	2	car	0	417	192	654	0
000087	3	motorbike	256	481	339	526	1
000087	4	car	819	442	892	494	0
000088	1	car	80	430	231	522	1
000088	2	car	0	417	192	654	0
000088	3	motorbike	257	483	341	528	1
000088	4	car	817	442	892	494	0
000089	1	car	80	430	225	520	1
000089	2	car	0	417	192	654	0
000089	3	motorbike	257	483	341	528	1
000089	4	car	816	442	890	494	0
000090	1	car	80	430	222	520	1
000090	2	car	0	417	192	654	0
000090	3	motorbike	257	483	341	528	1
000090	4	car	814	442	890	494	0
000091	1	car	80	430	218	520	1
000091	2	car	0	417	192	654	0
000091	3	motorbike	257	483	341	528	1
000091	4	car	812	442	888	494	0
000092	1	car	80	430	215	520	1
000092	2	car	0	417	192	654	0
000092	3	motorbike	257	483	341	528	1
000092	4	car	810	442	888	494	0
000093	1	car	80	430	211	519	1
000093	2	car	0	417	192	654	0
000093	3	motorbike	257	483	341	528	1
000093	4	car	808	442	888	494	0
000094	1	car	80	430	208	519	1
000094	2	car	0	417	192	654	0
000094	3	motorbike	257	483	341	528	1
000094	4	car	807	442	887	494	0
000095	1	car	80	430	204	519	1
000095	2	car	0	417	192	654	0
000095	3	motorbike	257	483	341	528	1
000095	4	car	805	442	885	494	0
000096	1	car	80	430	200	519	1
000096	2	car	0	417	192	654	0
000096	3	motorbike	257	483	341	528	1
000096	4	car	803	442	883	494	0
000097	1	car	76	428	197	517	1
000097	2	car	0	417	192	654	0
000097	3	motorbike	257	483	341	528	1
000097	4	car	803	442	883	494	0
000098	1	car	72	428	193	517	1
000098	2	car	0	417	192	654	0
000098	3	motorbike	257	483	341	528	1
000098	4	car	801	442	881	494	0
000099	1	car	69	428	190	517	1
000099	2	car	0	417	192	654	0
000099	3	motorbike	257	483	341	528	1
000099	4	car	800	442	880	494	0
000100	1	car	67	428	188	517	1
000100	2	car	0	417	192	654	0
000100	3	motorbike	257	483	341	528	1
000100	4	car	800	442	880	494	0
