000001	1	car	682	304	876	368	0
000001	2	car	1013	284	1217	355	0
000001	6	bus	570	297	640	353	0
000001	7	car	478	332	518	368	0
000001	8	car	424	328	467	372	0
000002	1	car	671	304	866	369	0
000002	2	car	1014	283	1218	354	0
000002	6	bus	570	297	640	353	0
000002	7	car	478	332	518	368	0
000002	8	car	424	328	467	372	0
000003	1	car	661	304	857	370	0
000003	2	car	1015	283	1219	354	0
000003	6	bus	570	297	640	353	0
000003	7	car	478	332	518	368	0
000003	8	car	424	328	467	372	0
000004	1	car	651	305	848	371	0
000004	2	car	1016	283	1220	354	0
000004	6	bus	570	297	640	353	0
000004	7	car	478	332	518	368	0
000004	8	car	424	328	467	372	0
000005	1	car	641	305	839	372	0
000005	2	car	1018	282	1222	354	0
000005	6	bus	570	297	640	353	0
000005	7	car	478	332	518	368	0
000005	8	car	424	328	467	372	0
000006	1	car	631	306	830	374	0
000006	2	car	1019	282	1223	354	0
000006	6	bus	570	297	640	353	0
000006	7	car	478	332	518	368	0
000006	8	car	424	328	467	372	0
000007	1	car	621	306	820	375	0
000007	2	car	1020	282	1224	353	0
000007	6	bus	570	297	640	353	0
000007	7	car	478	332	518	368	0
000007	8	car	424	328	467	372	0
000008	1	car	611	306	811	376	0
000008	2	car	1022	281	1226	353	0
000008	6	bus	570	297	640	353	0
000008	7	car	478	332	518	368	0
000008	8	car	424	328	467	372	0
000009	1	car	601	307	802	377	0
000009	2	car	1023	281	1227	353	0
000009	6	bus	570	297	640	353	0
000009	7	car	478	332	518	368	0
000009	8	car	424	328	467	372	0
000010	1	car	591	307	793	378	0
000010	2	car	1024	281	1228	353	0
000010	6	bus	570	297	640	353	0
000010	7	car	478	332	518	368	0
000010	8	car	424	328	467	372	0
000011	1	car	581	308	784	380	0
000011	2	car	1026	281	1230	353	0
000011	6	bus	570	297	640	353	0
000011	7	car	478	332	518	368	0
000011	8	car	424	328	467	372	0
000012	1	car	570	308	774	381	0
000012	2	car	1027	280	1231	352	0
000012	6	bus	570	297	640	353	0
000012	7	car	478	332	518	368	0
000012	8	car	424	328	467	372	0
000013	1	car	560	308	765	382	0
000013	2	car	1028	280	1232	352	0
000013	6	bus	570	297	640	353	0
000013	7	car	478	332	518	368	0
000013	8	car	424	328	467	372	0
000014	1	car	550	309	756	383	0
000014	2	car	1029	280	1233	352	0
000014	6	bus	570	297	640	353	0
000014	7	car	478	332	518	368	0
000014	8	car	424	328	467	372	0
000015	1	car	540	309	747	384	0
000015	2	car	1031	279	1235	352	0
000015	6	bus	570	297	640	353	0
000015	7	car	478	332	518	368	0
000015	8	car	424	328	467	372	0
000016	1	car	530	310	738	386	0
000016	2	car	1032	279	1236	352	0
000016	7	car	478	332	518	368	0
000016	8	car	424	328	467	372	0
000017	1	car	520	310	728	387	0
000017	2	car	1033	279	1237	351	0
000017	7	car	478	332	518	368	0
000017	8	car	424	328	467	372	0
000018	1	car	510	310	719	388	0
000018	2	car	1035	278	1239	351	0
000018	7	car	478	332	518	368	0
000018	8	car	424	328	467	372	0
000019	1	car	500	311	710	389	0
000019	2	car	1036	278	1240	351	0
000019	7	car	478	332	518	368	0
000019	8	car	424	328	467	372	0
000020	1	car	490	311	701	390	0
000020	2	car	1037	278	1241	351	0
000020	7	car	478	332	518	368	0
000020	8	car	424	328	467	372	0
000021	1	car	480	312	692	392	0
000021	2	car	1039	278	1243	351	0
000021	8	car	424	328	467	372	0
000022	1	car	465	312	681	393	0
000022	2	car	1041	278	1245	351	0
000022	8	car	424	328	467	372	0
000023	1	car	451	312	670	394	0
000023	2	car	1044	278	1248	351	0
000023	8	car	424	328	467	372	0
000024	1	car	437	312	659	396	0
000024	2	car	1046	278	1250	351	0
000024	8	car	424	328	467	372	0
000025	1	car	422	313	648	397	0
000025	2	car	1049	278	1253	351	0
000025	3	motorbike	1006	299	1056	343	1
000025	8	car	424	328	467	372	0
000026	1	car	408	313	637	399	0
000026	2	car	1051	278	1255	351	0
000026	3	motorbike	996	300	1047	344	1
000027	1	car	394	313	626	400	0
000027	2	car	1054	278	1258	351	0
000027	3	motorbike	986	301	1038	345	1
000028	1	car	379	313	615	401	0
000028	2	car	1056	278	1260	351	0
000028	3	motorbike	977	302	1029	346	1
000029	1	car	365	314	604	403	0
000029	2	car	1059	278	1263	351	0
000029	3	motorbike	967	303	1020	347	1
000030	1	car	351	314	593	404	0
000030	2	car	1061	278	1265	351	0
000030	3	motorbike	957	304	1011	348	1
000031	1	car	336	314	582	406	0
000031	2	car	1064	278	1268	351	0
000031	3	motorbike	948	305	1002	349	1
000031	6	bus	570	297	640	353	0
000032	1	car	322	314	571	407	0
000032	2	car	1066	278	1270	351	0
000032	3	motorbike	938	306	993	350	1
000032	6	bus	570	297	640	353	0
000033	1	car	308	315	561	409	0
000033	2	car	1069	278	1273	352	0
000033	3	motorbike	928	307	984	351	1
000033	6	bus	570	297	640	353	0
000034	1	car	295	316	548	410	0
000034	2	car	1072	277	1274	351	0
000034	3	motorbike	919	308	975	352	1
000034	6	bus	570	297	640	353	0
000035	1	car	283	318	536	412	0
000035	2	car	1075	277	1275	351	0
000035	3	motorbike	909	309	966	353	1
000035	6	bus	570	297	640	353	0
000036	1	car	270	320	523	414	0
000036	2	car	1078	277	1276	351	0
000036	3	motorbike	899	310	957	354	1
000036	6	bus	570	297	640	353	0
000037	1	car	258	322	511	416	0
000037	2	car	1081	277	1277	351	0
000037	3	motorbike	890	311	948	355	1
000037	6	bus	570	297	640	353	0
000038	1	car	245	323	499	417	0
000038	2	car	1084	277	1278	351	0
000038	3	motorbike	880	312	939	356	1
000038	6	bus	570	297	640	353	0
000039	1	car	233	325	486	419	0
000039	2	car	1087	277	1279	351	0
000039	3	motorbike	871	314	930	357	1
000039	6	bus	570	297	640	353	0
000040	1	car	220	327	474	421	0
000040	2	car	1089	276	1278	350	0
000040	3	motorbike	861	315	920	358	1
000040	6	bus	570	297	640	353	0
000040	7	car	478	332	518	368	0
000041	1	car	208	329	462	423	0
000041	2	car	1092	275	1278	349	0
000041	3	motorbike	852	316	911	359	1
000041	6	bus	570	297	640	353	0
000041	7	car	478	332	518	368	0
000042	1	car	186	329	445	428	0
000042	2	car	1095	275	1278	349	0
000042	3	motorbike	843	318	902	361	1
000042	6	bus	570	297	640	353	0
000042	7	car	478	332	518	368	0
000043	1	car	165	329	429	433	0
000043	2	car	1098	274	1278	348	0
000043	3	motorbike	834	319	893	362	1
000043	6	bus	570	297	640	353	0
000043	7	car	478	332	518	368	0
000043	8	car	424	328	467	372	0
000044	1	car	144	329	413	438	0
000044	2	car	1101	273	1278	347	0
000044	3	motorbike	825	320	884	363	1
000044	6	bus	570	297	640	353	0
000044	7	car	478	332	518	368	0
000044	8	car	424	328	467	372	0
000045	1	car	123	329	397	443	0
000045	2	car	1104	273	1278	347	0
000045	3	motorbike	816	322	875	365	1
000045	6	bus	570	297	640	353	0
000045	7	car	478	332	518	368	0
000045	8	car	424	328	467	372	0
000046	1	car	109	329	379	445	0
000046	2	car	1106	273	1278	347	0
000046	3	motorbike	805	322	864	365	1
000046	6	bus	570	297	640	353	0
000046	7	car	478	332	518	368	0
000046	8	car	424	328	467	372	0
000047	1	car	95	330	362	447	0
000047	2	car	1109	273	1278	347	0
000047	3	motorbike	794	323	853	366	1
000047	6	bus	570	297	640	353	0
000047	7	car	478	332	518	368	0
000047	8	car	424	328	467	372	0
000048	1	car	82	331	344	450	0
000048	2	car	1111	273	1278	347	0
000048	3	motorbike	783	324	842	367	1
000048	6	bus	570	297	640	353	0
000048	7	car	478	332	518	368	0
000048	8	car	424	328	467	372	0
000049	1	car	68	331	327	452	0
000049	2	car	1114	273	1278	347	0
000049	3	motorbike	772	325	831	368	1
000049	6	bus	570	297	640	353	0
000049	7	car	478	332	518	368	0
000049	8	car	424	328	467	372	0
000050	1	car	54	332	309	454	0
000050	2	car	1116	273	1278	347	0
000050	3	motorbike	761	326	820	369	1
000050	6	bus	570	297	640	353	0
000050	7	car	478	332	518	368	0
000050	8	car	424	328	467	372	0
000051	1	car	41	333	292	457	0
000051	2	car	1119	273	1278	347	0
000051	3	motorbike	750	327	809	370	1
000051	6	bus	570	297	640	353	0
000051	7	car	478	332	518	368	0
000051	8	car	424	328	467	372	0
000052	1	car	27	333	274	459	0
000052	2	car	1121	273	1278	347	0
000052	3	motorbike	739	328	798	371	1
000052	6	bus	570	297	640	353	0
000052	7	car	478	332	518	368	0
000052	8	car	424	328	467	372	0
000053	1	car	13	334	257	461	0
000053	2	car	1124	273	1278	347	0
000053	3	motorbike	728	329	787	372	1
000053	4	motorbike	258	352	303	400	0
000053	6	bus	570	297	640	353	0
000053	7	car	478	332	518	368	0
000053	8	car	424	328	467	372	0
000054	1	car	0	335	240	464	0
000054	2	car	1127	274	1279	348	0
000054	3	motorbike	717	330	776	373	1
000054	4	motorbike	262	351	308	399	0
000054	6	bus	570	297	640	353	0
000054	7	car	478	332	518	368	0
000054	8	car	424	328	467	372	0
000055	1	car	0	334	223	463	0
000055	2	car	1130	273	1278	347	0
000055	3	motorbike	709	330	765	373	1
000055	4	motorbike	266	351	313	398	0
000055	6	bus	570	297	640	353	0
000055	7	car	478	332	518	368	0
000055	8	car	424	328	467	372	0
000056	1	car	0	334	207	463	0
000056	2	car	1133	272	1278	346	0
000056	3	motorbike	702	331	755	374	1
000056	4	motorbike	270	350	318	397	0
000056	6	bus	570	297	640	353	0
000056	7	car	478	332	518	368	0
000056	8	car	424	328	467	372	0
000057	1	car	0	334	191	463	0
000057	2	car	1136	271	1278	345	0
000057	3	motorbike	695	332	744	375	1
000057	4	motorbike	274	350	324	396	0
000057	6	bus	570	297	640	353	0
000057	7	car	478	332	518	368	0
000057	8	car	424	328	467	372	0
000058	1	car	0	334	174	463	0
000058	2	car	1139	270	1278	344	0
000058	3	motorbike	687	332	734	376	1
000058	4	motorbike	278	350	329	395	0
000058	6	bus	570	297	640	353	0
000058	7	car	478	332	518	368	0
000058	8	car	424	328	467	372	0
000059	1	car	0	334	158	463	0
000059	2	car	1142	269	1278	343	0
000059	3	motorbike	680	333	723	377	1
000059	4	motorbike	282	349	334	394	0
000059	6	bus	570	297	640	353	0
000059	7	car	478	332	518	368	0
000059	8	car	424	328	467	372	0
000060	1	car	0	334	142	463	0
000060	2	car	1145	268	1278	342	0
000060	3	motorbike	673	334	713	378	1
000060	4	motorbike	286	349	339	393	0
000060	6	bus	570	297	640	353	0
000060	7	car	478	332	518	368	0
000060	8	car	424	328	467	372	0
000061	2	car	1149	267	1278	341	0
000061	3	motorbike	666	335	703	379	1
000061	4	motorbike	291	349	345	393	0
000061	6	bus	570	297	640	353	0
000061	7	car	478	332	518	368	0
000061	8	car	424	328	467	372	0
000062	2	car	1151	267	1278	341	0
000062	3	motorbike	657	335	694	380	1
000062	4	motorbike	298	349	352	393	0
000062	6	bus	570	297	640	353	0
000062	7	car	478	332	518	368	0
000062	8	car	424	328	467	372	0
000063	2	car	1154	267	1278	341	0
000063	3	motorbike	649	335	685	382	1
000063	4	motorbike	305	349	359	393	0
000063	6	bus	570	297	640	353	0
000063	7	car	478	332	518	368	0
000063	8	car	424	328	467	372	0
000064	2	car	1157	267	1278	341	0
000064	3	motorbike	640	335	676	384	1
000064	4	motorbike	312	349	366	393	0
000064	6	bus	570	297	640	353	0
000064	7	car	478	332	518	368	0
000064	8	car	424	328	467	372	0
000065	2	car	1159	267	1278	341	0
000065	3	motorbike	632	335	667	386	1
000065	4	motorbike	319	349	373	393	0
000065	6	bus	570	297	640	353	0
000065	7	car	478	332	518	368	0
000065	8	car	424	328	467	372	0
000066	2	car	1162	268	1278	342	0
000066	3	motorbike	624	335	658	388	1
000066	4	motorbike	326	350	380	394	0
000066	6	bus	570	297	640	353	0
000066	7	car	478	332	518	368	0
000066	8	car	424	328	467	372	0
000067	2	car	1165	268	1278	342	0
000067	3	motorbike	612	335	652	388	1
000067	4	motorbike	331	349	386	393	0
000067	5	motorbike	1060	301	1110	333	0
000067	6	bus	570	297	640	353	0
000067	7	car	478	332	518	368	0
000067	8	car	424	328	467	372	0
000068	2	car	1167	268	1278	342	0
000068	3	motorbike	601	336	646	389	1
000068	4	motorbike	337	348	392	393	0
000068	5	motorbike	1050	301	1100	333	0
000068	6	bus	570	297	640	353	0
000068	7	car	478	332	518	368	0
000068	8	car	424	328	467	372	0
000069	2	car	1170	268	1278	342	0
000069	3	motorbike	590	336	641	389	1
000069	4	motorbike	342	347	398	393	0
000069	5	motorbike	1041	302	1091	334	0
000069	6	bus	570	297	640	353	0
000069	7	car	478	332	518	368	0
000069	8	car	424	328	467	372	0
000070	2	car	1173	269	1278	343	0
000070	3	motorbike	578	337	635	390	1
000070	4	motorbike	348	346	405	393	0
000070	5	motorbike	1031	302	1082	335	0
000070	6	bus	570	297	640	353	0
000070	7	car	478	332	518	368	0
000070	8	car	424	328	467	372	0
000071	2	car	1175	269	1278	343	0
000071	3	motorbike	567	337	630	390	1
000071	4	motorbike	353	345	411	392	0
000071	5	motorbike	1022	303	1072	335	0
000071	6	bus	570	297	640	353	0
000071	7	car	478	332	518	368	0
000071	8	car	424	328	467	372	0
000072	2	car	1178	269	1278	343	0
000072	3	motorbike	556	338	624	391	1
000072	4	motorbike	359	344	417	392	0
000072	5	motorbike	1012	303	1063	336	0
000072	6	bus	570	297	640	353	0
000072	7	car	478	332	518	368	0
000072	8	car	424	328	467	372	0
000073	2	car	1181	269	1278	343	0
000073	3	motorbike	544	339	618	391	1
000073	4	motorbike	364	343	423	392	0
000073	5	motorbike	1003	304	1054	337	0
000073	6	bus	570	297	640	353	0
000073	7	car	478	332	518	368	0
000073	8	car	424	328	467	372	0
000074	2	car	1183	269	1278	343	0
000074	3	motorbike	533	339	613	392	1
000074	4	motorbike	370	342	430	392	0
000074	5	motorbike	994	305	1045	338	0
000074	6	bus	570	297	640	353	0
000074	7	car	478	332	518	368	0
000074	8	car	424	328	467	372	0
000075	2	car	1186	270	1278	344	0
000075	3	motorbike	522	340	607	392	1
000075	4	motorbike	375	341	436	391	0
000075	5	motorbike	984	305	1035	338	0
000075	6	bus	570	297	640	353	0
000075	7	car	478	332	518	368	0
000075	8	car	424	328	467	372	0
000076	2	car	1189	270	1278	344	0
000076	3	motorbike	510	340	602	393	1
000076	4	motorbike	381	340	442	391	0
000076	5	motorbike	975	306	1026	339	0
000076	6	bus	570	297	640	353	0
000076	7	car	478	332	518	368	0
000076	8	car	424	328	467	372	0
000077	2	car	1191	270	1278	344	0
000077	3	motorbike	499	341	596	393	1
000077	4	motorbike	386	339	448	391	0
000077	5	motorbike	965	306	1017	340	0
000077	6	bus	570	297	640	353	0
000077	7	car	478	332	518	368	0
000078	2	car	1194	270	1278	344	0
000078	3	motorbike	488	342	591	394	1
000078	4	motorbike	392	338	455	391	0
000078	5	motorbike	956	307	1007	340	0
000078	6	bus	570	297	640	353	0
000078	7	car	478	332	518	368	0
000079	2	car	1197	271	1279	345	0
000079	3	motorbike	483	343	581	396	1
000079	4	motorbike	398	337	461	391	0
000079	5	motorbike	946	307	998	341	0
000079	6	bus	570	297	640	353	0
000079	7	car	478	332	518	368	0
000080	2	car	1199	270	1278	344	0
000080	3	motorbike	479	345	571	398	1
000080	4	motorbike	404	337	467	391	0
000080	5	motorbike	937	308	989	342	0
000080	6	bus	570	297	640	353	0
000080	7	car	478	332	518	368	0
000081	2	car	1202	270	1278	344	0
000081	3	motorbike	475	347	561	401	1
000081	4	motorbike	410	337	473	391	0
000081	5	motorbike	928	309	980	343	0
000081	6	bus	570	297	640	353	0
000082	2	car	1205	269	1278	343	0
000082	3	motorbike	467	347	553	401	1
000082	4	motorbike	417	337	480	391	0
000082	5	motorbike	918	310	970	344	0
000082	6	bus	570	297	640	353	0
000083	2	car	1208	269	1278	343	0
000083	3	motorbike	460	347	546	401	1
000083	4	motorbike	424	337	488	391	0
000083	5	motorbike	909	311	961	345	0
000083	6	bus	570	297	640	353	0
000084	2	car	1211	268	1278	342	0
000084	3	motorbike	453	347	539	401	1
000084	5	motorbike	899	312	951	346	0
000084	6	bus	570	297	640	353	0
000085	3	motorbike	446	348	532	402	1
000085	5	motorbike	890	313	942	347	0
000085	6	bus	570	297	640	353	0
000086	3	motorbike	439	349	525	403	1
000086	5	motorbike	880	314	932	348	0
000086	6	bus	570	297	640	353	0
000087	3	motorbike	433	350	519	404	1
000087	5	motorbike	871	315	923	349	0
000087	6	bus	570	297	640	353	0
000088	3	motorbike	427	351	512	405	1
000088	5	motorbike	862	316	914	350	0
000088	6	bus	570	297	640	353	0
000089	3	motorbike	421	352	506	406	1
000089	4	motorbike	466	334	544	388	0
000089	5	motorbike	853	317	905	351	0
000089	6	bus	570	297	640	353	0
000090	3	motorbike	415	353	499	407	1
000090	4	motorbike	472	333	550	388	0
000090	5	motorbike	844	317	896	351	0
000090	6	bus	570	297	640	353	0
000091	3	motorbike	409	355	493	409	1
000091	4	motorbike	479	333	557	388	0
000091	5	motorbike	836	317	888	351	0
000091	6	bus	570	297	640	353	0
000092	3	motorbike	404	358	488	408	1
000092	4	motorbike	486	333	564	388	0
000092	5	motorbike	828	317	880	351	0
000092	6	bus	570	297	640	353	0
000093	3	motorbike	399	362	483	407	1
000093	4	motorbike	492	333	570	388	0
000093	5	motorbike	820	317	872	351	0
000093	6	bus	570	297	640	353	0
000094	3	motorbike	394	366	478	406	1
000094	4	motorbike	499	333	577	388	0
000094	5	motorbike	812	317	864	351	0
000094	6	bus	570	297	640	353	0
000095	3	motorbike	390	370	473	405	1
000095	4	motorbike	506	333	584	388	0
000095	5	motorbike	803	318	855	352	0
000095	6	bus	570	297	640	353	0
000096	3	motorbike	389	369	472	406	1
000096	4	motorbike	515	332	593	387	0
000096	5	motorbike	795	318	847	352	0
000096	6	bus	570	297	640	353	0
000096	7	car	478	332	518	368	0
000096	8	car	424	328	467	372	0
000097	3	motorbike	389	369	472	407	1
000097	4	motorbike	525	331	603	386	0
000097	5	motorbike	787	318	839	352	0
000097	6	bus	570	297	640	353	0
000097	7	car	478	332	518	368	0
000097	8	car	424	328	467	372	0
000098	3	motorbike	389	369	471	408	1
000098	4	motorbike	535	331	613	386	0
000098	5	motorbike	779	318	831	352	0
000098	6	bus	570	297	640	353	0
000098	7	car	478	332	518	368	0
000098	8	car	424	328	467	372	0
000099	3	motorbike	389	369	471	409	1
000099	4	motorbike	545	330	623	385	0
000099	5	motorbike	771	318	823	352	0
000099	6	bus	570	297	640	353	0
000099	7	car	478	332	518	368	0
000099	8	car	424	328	467	372	0
000100	3	motorbike	389	369	471	411	1
000100	4	motorbike	555	330	633	385	0
000100	5	motorbike	763	319	815	353	0
000100	6	bus	570	297	640	353	0
000100	7	car	478	332	518	368	0
000100	8	car	424	328	467	372	0
