000001	1	car	921	322	1268	654	0
000001	2	car	10	143	129	498	0
000001	3	car	127	214	224	330	1
000001	4	car	348	238	421	362	0
000001	5	motorbike	438	323	500	398	1
000001	6	motorbike	587	355	649	440	0
000001	7	motorbike	267	302	359	431	0
000001	8	person	244	205	355	337	0
000001	9	person	442	244	513	348	1
000001	10	person	573	263	672	391	0
000001	11	person	874	276	927	398	0
000002	1	car	934	327	1268	658	0
000002	2	car	10	143	129	497	0
000002	3	car	127	212	224	329	1
000002	4	car	346	237	419	360	0
000002	5	motorbike	438	322	500	396	1
000002	6	motorbike	587	355	649	440	0
000002	7	motorbike	267	300	359	429	0
000002	8	person	244	203	355	336	0
000002	9	person	442	242	513	346	1
000002	10	person	573	261	672	389	0
000002	11	person	881	274	934	396	0
000003	1	car	948	334	1268	661	0
000003	2	car	10	143	130	497	0
000003	3	car	127	212	224	329	1
000003	4	car	345	237	417	360	0
000003	5	motorbike	440	322	502	396	1
000003	6	motorbike	589	355	651	440	0
000003	7	motorbike	268	300	360	429	0
000003	8	person	245	203	357	336	0
000003	9	person	442	242	513	346	1
000003	10	person	573	261	672	389	0
000003	11	person	888	274	941	396	0
000004	1	car	962	341	1268	667	0
000004	2	car	10	143	132	497	0
000004	3	car	129	212	226	329	1
000004	4	car	343	237	415	360	0
000004	5	motorbike	440	322	502	396	1
000004	6	motorbike	590	355	652	440	0
000004	7	motorbike	268	300	360	429	0
000004	8	person	247	203	359	336	0
000004	9	person	442	242	513	346	1
000004	10	person	573	261	672	389	0
000004	11	person	895	272	948	394	0
000005	1	car	976	348	1268	670	0
000005	2	car	10	143	134	497	0
000005	3	car	129	212	226	329	1
000005	4	car	341	237	414	360	0
000005	5	motorbike	442	320	504	394	1
000005	6	motorbike	592	357	654	442	0
000005	7	motorbike	270	300	362	429	0
000005	8	person	249	203	360	336	0
000005	9	person	442	242	513	346	1
000005	10	person	573	261	672	389	0
000005	11	person	902	272	955	394	0
000006	1	car	990	355	1268	674	0
000006	2	car	10	143	136	497	0
000006	3	car	130	212	228	329	1
000006	4	car	339	237	412	360	0
000006	5	motorbike	444	320	506	394	1
000006	6	motorbike	594	357	656	442	0
000006	7	motorbike	270	300	362	429	0
000006	8	person	249	203	360	336	0
000006	9	person	444	242	514	346	1
000006	10	person	575	261	674	389	0
000006	11	person	909	272	962	394	0
000007	1	car	1003	362	1268	679	0
000007	2	car	10	143	138	497	0
000007	3	car	130	212	228	329	1
000007	4	car	337	237	410	360	0
000007	5	motorbike	444	320	506	394	1
000007	6	motorbike	596	357	658	442	0
000007	7	motorbike	272	300	364	429	0
000007	8	person	251	203	362	336	0
000007	9	person	444	242	514	346	1
000007	10	person	575	261	674	389	0
000007	11	person	916	270	969	392	0
000008	1	car	1017	369	1268	683	0
000008	2	car	10	143	139	497	0
000008	3	car	132	212	230	329	1
000008	4	car	336	237	408	360	0
000008	5	motorbike	445	318	507	392	1
000008	6	motorbike	598	357	660	442	0
000008	7	motorbike	274	300	366	429	0
000008	8	person	253	203	364	336	0
000008	9	person	444	242	514	346	1
000008	10	person	575	261	674	389	0
000008	11	person	923	270	976	392	0
000009	1	car	1031	376	1270	686	0
000009	2	car	10	143	139	497	0
000009	3	car	132	212	230	329	1
000009	4	car	334	237	406	360	0
000009	5	motorbike	445	318	507	392	1
000009	6	motorbike	598	359	660	444	0
000009	7	motorbike	274	300	366	429	0
000009	8	person	254	203	366	336	0
000009	9	person	444	242	514	346	1
000009	10	person	575	261	674	389	0
000009	11	person	932	268	985	391	0
000010	1	car	1045	383	1270	691	0
000010	2	car	10	143	141	497	0
000010	3	car	132	212	230	329	1
000010	4	car	332	235	405	359	0
000010	5	motorbike	447	318	509	392	1
000010	6	motorbike	599	359	661	444	0
000010	7	motorbike	276	299	368	428	0
000010	8	person	256	203	368	336	0
000010	9	person	445	242	516	346	1
000010	10	person	576	261	675	389	0
000010	11	person	939	268	992	391	0
000011	1	car	1059	391	1270	695	0
000011	2	car	10	143	143	497	0
000011	3	car	134	212	231	329	1
000011	4	car	330	235	403	359	0
000011	5	motorbike	449	316	511	391	1
000011	6	motorbike	601	359	663	444	0
000011	7	motorbike	276	299	368	428	0
000011	8	person	256	203	368	336	0
000011	9	person	445	242	516	346	1
000011	10	person	576	261	675	389	0
000011	11	person	946	268	999	391	0
000012	1	car	1072	398	1270	698	0
000012	2	car	10	143	145	497	0
000012	3	car	134	212	231	329	1
000012	4	car	329	235	401	359	0
000012	5	motorbike	449	316	511	391	1
000012	6	motorbike	603	359	665	444	0
000012	7	motorbike	277	299	369	428	0
000012	8	person	258	203	369	336	0
000012	9	person	445	242	516	346	1
000012	10	person	576	261	675	389	0
000012	11	person	953	267	1006	389	0
000013	1	car	1086	405	1270	704	0
000013	2	car	10	143	146	497	0
000013	3	car	136	212	233	329	1
000013	4	car	327	235	399	359	0
000013	5	motorbike	451	316	513	391	1
000013	6	motorbike	605	360	667	445	0
000013	7	motorbike	277	299	369	428	0
000013	8	person	260	201	371	334	0
000013	9	person	445	242	516	346	1
000013	10	person	576	260	675	387	0
000013	11	person	960	267	1013	389	0
000014	1	car	1100	412	1270	707	0
000014	2	car	10	143	148	497	0
000014	3	car	136	212	233	329	1
000014	4	car	325	235	398	359	0
000014	5	motorbike	451	314	513	389	1
000014	6	motorbike	606	360	668	445	0
000014	7	motorbike	279	299	371	428	0
000014	8	person	261	201	373	334	0
000014	9	person	447	242	518	346	1
000014	10	person	576	260	675	387	0
000014	11	person	967	265	1020	387	0
000015	1	car	1114	419	1270	711	0
000015	2	car	10	143	150	497	0
000015	3	car	138	212	235	329	1
000015	4	car	323	235	396	359	0
000015	5	motorbike	452	314	514	389	1
000015	6	motorbike	608	360	670	445	0
000015	7	motorbike	281	299	373	428	0
000015	8	person	263	201	375	334	0
000015	9	person	447	242	518	346	1
000015	10	person	578	260	677	387	0
000015	11	person	974	265	1028	387	0
000016	2	car	10	143	150	497	0
000016	3	car	138	212	235	329	1
000016	4	car	322	235	394	359	0
000016	5	motorbike	454	314	516	389	1
000016	6	motorbike	610	362	672	447	0
000016	7	motorbike	281	299	373	428	0
000016	8	person	263	201	375	334	0
000016	9	person	447	242	518	346	1
000016	10	person	578	260	677	387	0
000016	11	person	983	265	1036	387	0
000017	2	car	10	143	152	497	0
000017	3	car	139	212	237	329	1
000017	4	car	320	235	392	359	0
000017	5	motorbike	454	313	516	387	1
000017	6	motorbike	608	362	670	447	0
000017	7	motorbike	283	299	375	428	0
000017	8	person	265	201	376	334	0
000017	9	person	447	242	518	346	1
000017	10	person	578	260	677	387	0
000017	11	person	994	263	1047	394	0
000018	2	car	10	143	153	497	0
000018	3	car	139	212	237	329	1
000018	4	car	320	235	392	359	0
000018	5	motorbike	454	313	516	387	1
000018	6	motorbike	606	364	668	449	0
000018	7	motorbike	283	297	375	426	0
000018	8	person	267	201	378	334	0
000018	9	person	449	242	520	346	1
000018	10	person	578	260	677	387	0
000018	11	person	1006	261	1058	401	0
000019	2	car	10	143	155	497	0
000019	3	car	139	212	237	329	1
000019	4	car	318	233	391	357	0
000019	5	motorbike	454	311	516	385	1
000019	6	motorbike	605	364	667	449	0
000019	7	motorbike	284	297	376	426	0
000019	8	person	268	201	380	334	0
000019	9	person	449	242	520	346	1
000019	10	person	580	260	679	387	0
000019	11	person	1019	261	1070	408	0
000020	2	car	10	143	157	497	0
000020	3	car	141	212	238	329	1
000020	4	car	316	233	389	357	0
000020	5	motorbike	454	311	516	385	1
000020	6	motorbike	603	366	665	451	0
000020	7	motorbike	286	297	378	426	0
000020	8	person	270	201	382	334	0
000020	9	person	449	242	520	346	1
000020	10	person	580	260	679	387	0
000020	11	person	1029	260	1081	415	0
000021	2	car	10	143	159	497	0
000021	3	car	141	212	238	329	1
000021	4	car	314	233	387	357	0
000021	5	motorbike	454	309	516	383	1
000021	6	motorbike	601	366	663	451	0
000021	7	motorbike	286	297	378	426	0
000021	8	person	270	201	382	334	0
000021	9	person	449	240	520	345	1
000021	10	person	580	260	679	387	0
000021	11	person	1042	260	1093	422	0
000022	2	car	10	143	161	497	0
000022	3	car	143	212	240	329	1
000022	4	car	313	233	385	357	0
000022	5	motorbike	454	309	516	383	1
000022	6	motorbike	599	368	661	452	0
000022	7	motorbike	288	297	380	426	0
000022	8	person	272	201	383	334	0
000022	9	person	451	240	521	345	1
000022	10	person	580	260	679	387	0
000022	11	person	1054	258	1104	429	0
000023	2	car	10	143	161	497	0
000023	3	car	143	212	240	329	1
000023	4	car	311	233	383	357	0
000023	5	motorbike	456	307	518	382	1
000023	6	motorbike	599	369	661	454	0
000023	7	motorbike	288	297	380	426	0
000023	8	person	274	201	385	334	0
000023	9	person	451	240	521	345	1
000023	10	person	582	260	681	387	0
000023	11	person	1066	258	1116	437	0
000024	2	car	10	143	162	497	0
000024	3	car	145	212	242	329	1
000024	4	car	309	233	382	357	0
000024	5	motorbike	456	307	518	382	1
000024	6	motorbike	601	371	663	456	0
000024	7	motorbike	290	297	382	426	0
000024	8	person	276	199	387	332	0
000024	9	person	451	240	521	345	1
000024	10	person	583	260	683	387	0
000024	11	person	1079	260	1128	438	0
000025	2	car	10	143	164	497	0
000025	3	car	145	212	242	329	1
000025	4	car	307	233	380	357	0
000025	5	motorbike	456	306	518	380	1
000025	6	motorbike	603	373	665	458	0
000025	7	motorbike	290	297	382	426	0
000025	8	person	276	199	387	332	0
000025	9	person	451	240	521	345	1
000025	10	person	585	260	684	387	0
000025	11	person	1093	261	1143	440	0
000026	2	car	10	143	166	497	0
000026	3	car	146	212	244	329	1
000026	4	car	306	233	378	357	0
000026	5	motorbike	456	306	518	380	1
000026	6	motorbike	605	375	667	460	0
000026	7	motorbike	291	295	383	424	0
000026	8	person	277	199	389	332	0
000026	9	person	452	240	523	345	1
000026	10	person	589	260	688	387	0
000026	11	person	1107	265	1157	444	0
000027	2	car	10	143	168	497	0
000027	3	car	146	212	244	329	1
000027	4	car	304	231	376	355	0
000027	5	motorbike	456	306	518	380	1
000027	6	motorbike	606	376	668	461	0
000027	7	motorbike	293	295	385	424	0
000027	8	person	279	199	391	332	0
000027	9	person	452	240	523	345	1
000027	10	person	590	260	690	387	0
000027	11	person	1121	267	1171	445	0
000028	2	car	10	143	169	497	0
000028	3	car	146	212	244	329	1
000028	4	car	302	231	375	355	0
000028	5	motorbike	456	304	518	378	1
000028	6	motorbike	608	378	670	463	0
000028	7	motorbike	293	295	385	424	0
000028	8	person	281	199	392	332	0
000028	9	person	452	240	523	345	1
000028	10	person	594	260	693	387	0
000028	11	person	1135	270	1185	449	0
000029	2	car	10	143	171	497	0
000029	3	car	148	212	245	329	1
000029	4	car	300	231	373	355	0
000029	5	motorbike	456	304	518	378	1
000029	6	motorbike	610	380	672	465	0
000029	7	motorbike	295	295	387	424	0
000029	8	person	283	199	394	332	0
000029	9	person	452	240	523	345	1
000029	10	person	596	260	695	387	0
000029	11	person	1150	272	1199	451	0
000030	2	car	10	143	171	495	0
000030	3	car	148	212	245	329	1
000030	4	car	299	231	371	355	0
000030	5	motorbike	458	302	520	376	1
000030	6	motorbike	612	383	674	468	0
000030	7	motorbike	295	295	387	424	0
000030	8	person	283	199	394	332	0
000030	9	person	454	240	525	345	1
000030	10	person	599	260	698	387	0
000030	11	person	1164	276	1213	454	0
000031	2	car	10	143	173	495	0
000031	3	car	150	212	247	329	1
000031	4	car	297	231	369	355	0
000031	5	motorbike	458	302	520	376	1
000031	6	motorbike	613	385	675	470	0
000031	7	motorbike	297	295	389	424	0
000031	8	person	284	199	396	332	0
000031	9	person	454	240	525	345	1
000031	10	person	601	260	700	387	0
000031	11	person	1178	277	1227	456	0
000032	2	car	10	143	175	495	0
000032	3	car	150	212	247	329	1
000032	4	car	295	231	368	355	0
000032	5	motorbike	458	300	520	375	1
000032	6	motorbike	615	387	677	472	0
000032	7	motorbike	297	295	389	424	0
000032	8	person	286	199	398	332	0
000032	9	person	454	240	525	345	1
000032	10	person	605	261	704	389	0
000033	2	car	10	143	176	495	0
000033	3	car	152	212	249	329	1
000033	4	car	293	231	366	355	0
000033	5	motorbike	458	300	520	375	1
000033	6	motorbike	617	389	679	474	0
000033	7	motorbike	299	295	391	424	0
000033	8	person	288	199	399	332	0
000033	9	person	454	240	525	345	1
000033	10	person	606	261	706	389	0
000034	2	car	10	143	178	495	0
000034	3	car	152	212	249	329	1
000034	4	car	291	231	364	355	0
000034	5	motorbike	458	299	520	373	1
000034	6	motorbike	619	391	681	475	0
000034	7	motorbike	300	293	392	422	0
000034	8	person	290	199	401	332	0
000034	9	person	456	240	527	345	1
000034	10	person	610	261	709	389	0
000035	2	car	10	143	180	495	0
000035	3	car	153	212	251	329	1
000035	5	motorbike	458	299	520	373	1
000035	6	motorbike	621	392	683	477	0
000035	7	motorbike	300	293	392	422	0
000035	8	person	290	199	401	332	0
000035	9	person	456	240	527	345	1
000035	10	person	612	261	711	389	0
000036	2	car	10	143	182	495	0
000036	3	car	157	212	254	329	1
000036	5	motorbike	458	297	520	371	1
000036	6	motorbike	622	396	684	481	0
000036	7	motorbike	302	293	394	422	0
000036	8	person	291	198	403	330	0
000036	9	person	456	240	527	345	1
000036	10	person	615	261	714	389	0
000037	2	car	10	143	182	495	0
000037	3	car	161	212	258	329	1
000037	5	motorbike	460	297	521	371	1
000037	6	motorbike	622	396	688	481	0
000037	7	motorbike	302	293	394	422	0
000037	8	person	293	198	405	330	0
000037	9	person	456	240	527	345	1
000037	10	person	617	261	716	389	0
000038	2	car	10	143	184	495	0
000038	3	car	164	212	261	329	1
000038	5	motorbike	460	297	521	371	1
000038	6	motorbike	624	396	691	483	0
000038	7	motorbike	304	293	396	422	0
000038	8	person	295	198	406	330	0
000038	9	person	458	240	529	345	1
000038	10	person	621	261	720	389	0
000039	2	car	10	143	185	495	0
000039	3	car	168	214	265	330	1
000039	5	motorbike	460	295	521	369	1
000039	6	motorbike	626	396	695	484	0
000039	7	motorbike	306	293	398	422	0
000039	8	person	297	198	408	330	0
000039	9	person	458	240	529	345	1
000039	10	person	622	261	721	389	0
000040	2	car	10	143	187	495	0
000040	3	car	173	214	270	330	1
000040	5	motorbike	460	295	521	369	1
000040	6	motorbike	628	396	698	486	0
000040	7	motorbike	306	293	398	422	0
000040	8	person	297	198	408	330	0
000040	9	person	458	238	529	343	1
000040	10	person	626	261	725	389	0
000041	2	car	10	143	189	495	0
000041	3	car	176	214	274	330	1
000041	5	motorbike	460	293	521	368	1
000041	6	motorbike	629	396	704	486	0
000041	7	motorbike	307	293	399	422	0
000041	8	person	299	198	410	330	0
000041	9	person	458	238	529	343	1
000041	10	person	628	263	727	391	0
000042	2	car	10	143	191	495	0
000042	3	car	180	215	277	332	1
000042	5	motorbike	460	293	521	368	1
000042	6	motorbike	629	396	707	488	0
000042	7	motorbike	307	291	399	421	0
000042	8	person	300	198	412	330	0
000042	9	person	460	238	530	343	1
000042	10	person	631	263	730	391	0
000043	2	car	10	143	192	495	0
000043	3	car	184	215	281	332	1
000043	5	motorbike	460	291	521	366	1
000043	6	motorbike	631	396	711	490	0
000043	7	motorbike	309	291	401	421	0
000043	8	person	302	198	414	330	0
000043	9	person	460	238	530	343	1
000043	10	person	633	263	732	391	0
000044	2	car	10	143	192	495	0
000044	3	car	187	215	284	332	1
000044	5	motorbike	461	291	523	366	1
000044	6	motorbike	633	396	714	491	0
000044	7	motorbike	309	291	401	421	0
000044	8	person	302	198	414	330	0
000044	9	person	460	238	530	343	1
000044	10	person	637	263	736	391	0
000045	2	car	10	143	194	495	0
000045	3	car	192	215	290	332	1
000045	5	motorbike	461	290	523	364	1
000045	6	motorbike	635	396	720	491	0
000045	7	motorbike	311	291	403	421	0
000045	8	person	304	198	415	330	0
000045	9	person	460	238	530	343	1
000045	10	person	638	263	737	391	0
000046	2	car	10	143	196	495	0
000046	3	car	196	217	293	334	1
000046	5	motorbike	461	290	523	364	1
000046	6	motorbike	637	396	723	493	0
000046	7	motorbike	313	291	405	421	0
000046	8	person	306	198	417	330	0
000046	9	person	461	238	532	343	1
000046	10	person	642	263	741	391	0
000047	2	car	10	143	198	495	0
000047	3	car	199	217	297	334	1
000047	5	motorbike	461	288	523	362	1
000047	6	motorbike	638	398	727	495	0
000047	7	motorbike	313	291	405	421	0
000047	8	person	307	196	419	329	0
000047	9	person	461	238	532	343	1
000047	10	person	644	263	743	391	0
000048	2	car	10	143	199	495	0
000048	3	car	203	217	300	334	1
000048	5	motorbike	461	288	523	362	1
000048	6	motorbike	638	398	730	497	0
000048	7	motorbike	314	291	406	421	0
000048	8	person	309	196	421	329	0
000048	9	person	461	238	532	343	1
000048	10	person	647	263	746	391	0
000049	2	car	10	143	201	495	0
000049	3	car	207	219	304	336	1
000049	5	motorbike	461	288	523	362	1
000049	6	motorbike	640	398	734	498	0
000049	7	motorbike	314	291	406	421	0
000049	8	person	309	196	421	329	0
000049	9	person	461	238	532	343	1
000049	10	person	649	263	748	391	0
000050	2	car	10	143	203	495	0
000050	3	car	212	219	309	336	1
000050	5	motorbike	461	286	523	360	1
000050	6	motorbike	642	398	739	498	0
000050	7	motorbike	316	290	408	419	0
000050	8	person	311	196	422	329	0
000050	9	person	463	238	534	343	1
000050	10	person	652	265	752	392	0
000051	2	car	10	143	203	495	0
000051	3	car	215	219	313	336	1
000051	5	motorbike	463	286	525	360	1
000051	6	motorbike	644	398	743	500	0
000051	7	motorbike	316	290	408	419	0
000051	8	person	313	196	424	329	0
000051	9	person	463	238	534	343	1
000051	10	person	654	265	753	392	0
000052	2	car	10	143	205	495	0
000052	3	car	219	219	316	336	1
000052	5	motorbike	463	284	525	359	1
000052	6	motorbike	645	398	746	502	0
000052	7	motorbike	318	290	410	419	0
000052	8	person	314	196	426	329	0
000052	9	person	463	238	534	343	1
000052	10	person	658	265	757	392	0
000053	2	car	10	143	207	495	0
000053	3	car	222	221	320	337	1
000053	5	motorbike	463	284	525	359	1
000053	6	motorbike	645	398	750	504	0
000053	7	motorbike	320	290	412	419	0
000053	8	person	316	196	428	329	0
000053	9	person	463	238	534	343	1
000053	10	person	660	265	759	392	0
000054	2	car	10	143	208	495	0
000054	3	car	226	221	323	337	1
000054	5	motorbike	463	283	525	357	1
000054	6	motorbike	647	398	755	504	0
000054	7	motorbike	320	290	412	419	0
000054	8	person	316	196	428	329	0
000054	9	person	465	238	536	343	1
000054	10	person	663	265	762	392	0
000055	2	car	10	143	210	495	0
000055	3	car	231	221	329	337	1
000055	5	motorbike	463	283	525	357	1
000055	6	motorbike	649	398	759	506	0
000055	7	motorbike	322	290	414	419	0
000055	8	person	318	196	429	329	0
000055	9	person	465	238	536	343	1
000055	10	person	665	265	764	392	0
000056	2	car	10	143	212	495	0
000056	3	car	235	222	332	339	1
000056	5	motorbike	463	281	525	355	1
000056	6	motorbike	651	398	762	507	0
000056	7	motorbike	322	290	414	419	0
000056	8	person	320	196	431	329	0
000056	9	person	465	238	536	343	1
000056	10	person	668	265	767	392	0
000057	2	car	10	143	214	495	0
000057	3	car	238	222	336	339	1
000057	5	motorbike	463	281	525	355	1
000057	6	motorbike	652	398	766	509	0
000057	7	motorbike	323	290	415	419	0
000057	8	person	322	196	433	329	0
000057	9	person	465	238	536	343	1
000057	10	person	670	265	769	392	0
000058	2	car	10	143	215	495	0
000058	3	car	242	222	339	339	1
000058	5	motorbike	465	281	527	355	1
000058	6	motorbike	654	399	771	511	0
000058	7	motorbike	325	290	417	419	0
000058	8	person	323	196	435	329	0
000058	9	person	467	238	537	343	1
000058	10	person	674	267	773	394	0
000059	2	car	10	143	217	493	0
000059	5	motorbike	468	283	530	355	1
000059	6	motorbike	660	401	776	513	0
000059	7	motorbike	327	290	419	419	0
000059	8	person	325	196	437	329	0
000059	9	person	468	238	537	341	1
000059	10	person	677	267	776	394	0
000060	2	car	10	143	221	493	0
000060	5	motorbike	472	284	534	355	1
000060	6	motorbike	665	403	782	514	0
000060	7	motorbike	330	290	422	419	0
000060	8	person	327	196	438	329	0
000060	9	person	472	240	539	341	1
000060	10	person	683	268	782	396	0
000061	2	car	10	143	224	493	0
000061	5	motorbike	475	286	537	357	1
000061	6	motorbike	672	405	789	516	0
000061	7	motorbike	334	290	426	419	0
000061	8	person	329	196	440	329	0
000061	9	person	475	242	541	341	1
000061	10	person	686	270	785	398	0
000062	2	car	10	143	226	493	0
000062	5	motorbike	479	288	541	357	1
000062	6	motorbike	677	406	794	518	0
000062	7	motorbike	336	290	428	419	0
000062	8	person	330	196	442	329	0
000062	9	person	479	244	543	341	1
000062	10	person	691	270	790	398	0
000063	2	car	10	143	230	493	0
000063	5	motorbike	483	290	544	357	1
000063	6	motorbike	684	408	801	520	0
000063	7	motorbike	339	290	431	419	0
000063	8	person	332	196	444	329	0
000063	9	person	483	245	544	339	1
000063	10	person	695	272	794	399	0
000064	2	car	10	143	233	493	0
000064	5	motorbike	486	291	548	359	1
000064	6	motorbike	690	412	806	523	0
000064	7	motorbike	343	290	435	419	0
000064	8	person	336	196	447	329	0
000064	9	person	486	247	546	339	1
000064	10	person	700	274	799	401	0
000065	2	car	10	143	235	493	0
000065	5	motorbike	490	293	552	359	1
000065	6	motorbike	697	414	813	525	0
000065	7	motorbike	345	290	437	419	0
000065	8	person	337	196	449	329	0
000065	9	person	490	249	546	339	1
000065	10	person	704	274	803	401	0
000066	2	car	10	143	238	493	0
000066	5	motorbike	493	295	555	360	1
000066	6	motorbike	702	415	819	527	0
000066	7	motorbike	348	290	440	419	0
000066	8	person	339	196	451	329	0
000066	9	person	493	251	548	339	1
000066	10	person	709	276	808	403	0
000067	2	car	10	143	242	493	0
000067	5	motorbike	497	297	559	360	1
000067	6	motorbike	709	417	826	529	0
000067	7	motorbike	352	290	444	419	0
000067	8	person	341	196	452	329	0
000067	9	person	497	253	550	337	1
000067	10	person	713	277	812	405	0
000068	2	car	10	143	244	493	0
000068	5	motorbike	500	299	562	360	1
000068	6	motorbike	714	419	831	530	0
000068	7	motorbike	353	290	445	419	0
000068	8	person	343	196	454	329	0
000068	9	person	500	254	552	337	1
000068	10	person	718	277	817	405	0
000069	2	car	10	143	247	493	0
000069	5	motorbike	504	300	566	362	1
000069	6	motorbike	720	421	836	532	0
000069	7	motorbike	357	290	449	419	0
000069	8	person	345	196	456	329	0
000069	9	person	504	256	553	337	1
000069	10	person	721	279	821	406	0
000070	2	car	10	143	251	493	0
000070	5	motorbike	507	302	569	362	1
000070	6	motorbike	727	424	844	536	0
000070	7	motorbike	360	290	452	419	0
000070	8	person	348	196	460	329	0
000070	9	person	507	258	555	337	1
000070	10	person	727	281	826	408	0
000071	2	car	10	143	253	493	0
000071	5	motorbike	511	306	573	364	1
000071	6	motorbike	732	426	849	537	0
000071	7	motorbike	362	290	454	419	0
000071	8	person	350	196	461	329	0
000071	9	person	511	260	557	337	1
000071	10	person	730	281	829	408	0
000072	2	car	10	143	256	493	0
000072	5	motorbike	516	306	578	364	1
000072	6	motorbike	739	428	856	539	0
000072	7	motorbike	366	290	458	419	0
000072	8	person	352	196	463	329	0
000072	9	person	518	260	564	337	1
000072	10	person	736	283	835	410	0
000073	2	car	10	143	260	493	0
000073	5	motorbike	523	306	585	364	1
000073	6	motorbike	744	429	861	541	0
000073	7	motorbike	369	290	461	419	0
000073	8	person	353	196	465	329	0
000073	9	person	525	260	571	337	1
000073	10	person	739	284	838	412	0
000074	2	car	10	143	261	493	0
000074	5	motorbike	529	307	590	366	1
000074	6	motorbike	752	431	868	543	0
000074	7	motorbike	371	290	463	419	0
000074	8	person	355	196	467	329	0
000074	9	person	532	260	578	337	1
000074	10	person	744	284	844	412	0
000075	2	car	10	143	265	493	0
000075	5	motorbike	536	307	598	366	1
000075	6	motorbike	757	433	874	544	0
000075	7	motorbike	375	290	467	419	0
000075	8	person	357	196	468	329	0
000075	9	person	539	260	585	337	1
000075	10	person	748	286	847	414	0
000076	2	car	10	143	268	493	0
000076	3	car	472	263	569	380	1
000076	4	car	332	233	405	357	0
000076	5	motorbike	541	307	603	366	1
000076	6	motorbike	764	437	881	548	0
000076	7	motorbike	378	291	470	421	0
000076	8	person	360	198	472	330	0
000076	9	person	546	261	592	339	1
000076	10	person	753	288	852	415	0
000077	2	car	10	143	270	493	0
000077	3	car	475	261	573	378	1
000077	4	car	332	233	406	357	0
000077	5	motorbike	548	309	610	368	1
000077	6	motorbike	771	435	893	553	0
000077	7	motorbike	382	293	474	422	0
000077	8	person	364	198	475	330	0
000077	9	person	553	261	599	339	1
000077	10	person	760	286	865	421	0
000078	2	car	10	143	274	493	0
000078	3	car	481	261	578	378	1
000078	4	car	334	235	410	357	0
000078	5	motorbike	555	309	617	368	1
000078	6	motorbike	780	433	905	559	0
000078	7	motorbike	385	297	477	426	0
000078	8	person	369	199	481	332	0
000078	9	person	560	261	606	339	1
000078	10	person	769	284	877	426	0
000079	2	car	10	143	277	493	0
000079	3	car	486	260	583	376	1
000079	4	car	334	235	412	359	0
000079	5	motorbike	560	309	622	368	1
000079	6	motorbike	789	431	918	564	0
000079	7	motorbike	391	299	483	428	0
000079	8	person	373	199	484	332	0
000079	9	person	567	261	613	339	1
000079	10	person	778	284	890	433	0
000080	2	car	10	143	279	493	0
000080	3	car	490	260	587	376	1
000080	4	car	336	237	415	359	0
000080	5	motorbike	567	311	629	369	1
000080	6	motorbike	796	431	930	571	0
000080	7	motorbike	394	302	486	431	0
000080	8	person	378	201	490	334	0
000080	9	person	575	261	621	339	1
000080	10	person	787	283	902	438	0
000081	2	car	10	143	283	493	0
000081	3	car	495	260	592	376	1
000081	4	car	337	237	417	360	0
000081	5	motorbike	573	311	635	369	1
000081	6	motorbike	805	429	943	576	0
000081	7	motorbike	399	306	491	435	0
000081	8	person	382	201	493	334	0
000081	9	person	582	263	628	341	1
000081	10	person	796	283	914	445	0
000082	2	car	10	143	286	493	0
000082	3	car	500	258	598	375	1
000082	4	car	337	238	421	360	0
000082	5	motorbike	580	311	642	369	1
000082	6	motorbike	813	428	955	582	0
000082	7	motorbike	403	307	495	437	0
000082	8	person	387	203	498	336	0
000082	9	person	589	263	635	341	1
000082	10	person	805	281	927	451	0
000083	2	car	10	143	288	493	0
000083	3	car	504	258	601	375	1
000083	4	car	339	238	422	362	0
000083	5	motorbike	585	313	647	371	1
000083	6	motorbike	821	426	967	587	0
000083	7	motorbike	406	311	498	440	0
000083	8	person	391	203	502	336	0
000083	9	person	596	263	642	341	1
000083	10	person	813	279	939	456	0
000084	2	car	10	143	291	493	0
000084	3	car	509	256	606	373	1
000084	4	car	339	240	426	362	0
000084	5	motorbike	592	313	654	371	1
000084	6	motorbike	829	426	980	594	0
000084	7	motorbike	412	313	504	442	0
000084	8	person	396	205	507	337	0
000084	9	person	603	263	649	341	1
000084	10	person	822	279	951	463	0
000085	2	car	10	143	295	493	0
000085	3	car	514	256	612	373	1
000085	4	car	341	240	428	364	0
000085	5	motorbike	599	314	661	373	1
000085	6	motorbike	838	424	992	599	0
000085	7	motorbike	415	316	507	445	0
000085	8	person	399	205	511	337	0
000085	9	person	610	265	656	343	1
000085	10	person	831	277	964	468	0
000086	2	car	10	143	297	493	0
000086	3	car	518	256	615	373	1
000086	4	car	343	242	431	364	0
000086	5	motorbike	608	316	670	375	1
000086	6	motorbike	845	422	1005	605	0
000086	7	motorbike	421	320	513	449	0
000086	8	person	405	207	516	339	0
000086	9	person	619	267	665	345	1
000086	10	person	840	277	976	475	0
000087	2	car	10	143	300	493	0
000087	3	car	523	254	621	371	1
000087	4	car	343	242	433	366	0
000087	5	motorbike	619	318	681	376	1
000087	6	motorbike	854	421	1017	610	0
000087	7	motorbike	424	322	516	451	0
000087	8	person	408	207	520	339	0
000087	9	person	628	270	674	348	1
000087	10	person	849	276	989	481	0
000088	2	car	10	143	304	493	0
000088	3	car	529	254	626	371	1
000088	4	car	345	244	437	366	0
000088	5	motorbike	629	320	691	378	1
000088	6	motorbike	863	421	1029	617	0
000088	7	motorbike	428	325	520	454	0
000088	8	person	414	208	525	341	0
000088	9	person	638	272	684	350	1
000088	10	person	858	274	1001	486	0
000089	2	car	10	143	306	493	0
000089	3	car	532	253	629	369	1
000089	4	car	345	244	438	368	0
000089	5	motorbike	638	323	700	382	1
000089	6	motorbike	870	419	1042	622	0
000089	7	motorbike	433	327	525	456	0
000089	8	person	417	208	529	341	0
000089	9	person	647	276	693	353	1
000089	10	person	867	274	1013	493	0
000090	2	car	10	143	309	493	0
000090	3	car	537	253	635	369	1
000090	4	car	346	245	442	368	0
000090	5	motorbike	649	325	711	383	1
000090	6	motorbike	879	417	1054	628	0
000090	7	motorbike	437	330	529	460	0
000090	8	person	422	210	534	343	0
000090	9	person	658	277	704	355	1
000090	10	person	875	272	1026	498	0
000091	2	car	10	143	313	493	0
000091	3	car	543	253	640	369	1
000091	4	car	348	247	445	369	0
000091	5	motorbike	660	327	721	385	1
000091	6	motorbike	888	417	1066	635	0
000091	7	motorbike	442	334	534	463	0
000091	8	person	428	212	539	345	0
000091	9	person	667	281	713	359	1
000091	10	person	884	272	1040	506	0
000092	2	car	12	146	314	486	0
000092	3	car	546	251	644	368	1
000092	4	car	352	245	449	368	0
000092	5	motorbike	670	329	732	387	1
000092	6	motorbike	904	422	1082	640	0
000092	7	motorbike	444	332	536	461	0
000092	8	person	431	212	543	345	0
000092	9	person	677	283	723	360	1
000092	10	person	898	272	1054	506	0
000093	2	car	15	150	318	479	0
000093	3	car	552	249	649	366	1
000093	4	car	355	244	452	366	0
000093	5	motorbike	679	332	741	391	1
000093	6	motorbike	920	429	1098	647	0
000093	7	motorbike	447	332	539	461	0
000093	8	person	435	214	546	346	0
000093	9	person	686	286	732	364	1
000093	10	person	913	272	1068	506	0
000094	2	car	19	153	322	474	0
000094	3	car	555	247	652	364	1
000094	4	car	360	242	458	364	0
000094	5	motorbike	690	334	752	392	1
000094	6	motorbike	937	437	1116	654	0
000094	7	motorbike	449	332	541	461	0
000094	8	person	438	215	550	348	0
000094	9	person	697	288	743	366	1
000094	10	person	928	272	1084	506	0
000095	2	car	23	157	325	467	0
000095	3	car	560	245	658	362	1
000095	4	car	364	240	461	362	0
000095	5	motorbike	700	336	762	394	1
000095	6	motorbike	953	442	1132	660	0
000095	7	motorbike	452	332	544	461	0
000095	8	person	442	217	553	350	0
000095	9	person	706	291	752	369	1
000095	10	person	943	272	1098	506	0
000096	2	car	26	162	327	460	0
000096	3	car	564	245	661	362	1
000096	4	car	369	240	467	362	0
000096	5	motorbike	711	339	773	398	1
000096	6	motorbike	969	449	1148	667	0
000096	7	motorbike	454	330	546	460	0
000096	8	person	447	217	559	350	0
000096	9	person	716	295	762	373	1
000096	10	person	957	272	1112	506	0
000097	2	car	30	166	330	454	0
000097	3	car	569	244	667	360	1
000097	4	car	369	240	467	362	0
000097	5	motorbike	711	339	773	398	1
000097	6	motorbike	987	456	1166	674	0
000097	7	motorbike	458	330	550	460	0
000097	8	person	451	219	562	352	0
000097	9	person	723	293	766	371	1
000097	10	person	973	272	1128	506	0
000098	2	car	33	169	334	447	0
000098	3	car	573	242	670	359	1
000098	4	car	369	240	467	362	0
000098	5	motorbike	711	339	773	398	1
000098	6	motorbike	1003	461	1181	679	0
000098	7	motorbike	460	330	552	460	0
000098	8	person	454	221	566	353	0
000098	9	person	732	291	769	369	1
000098	10	person	987	272	1143	506	0
000099	2	car	37	173	337	440	0
000099	3	car	578	240	675	357	1
000099	4	car	369	240	467	362	0
000099	5	motorbike	711	339	773	398	1
000099	6	motorbike	1019	468	1197	686	0
000099	7	motorbike	463	330	555	460	0
000099	8	person	458	222	569	355	0
000099	9	person	739	290	773	368	1
000099	10	person	1001	272	1157	506	0
000100	2	car	40	178	341	435	0
000100	3	car	583	240	681	357	1
000100	4	car	369	240	467	362	0
000100	5	motorbike	711	339	773	398	1
000100	6	motorbike	1036	475	1215	693	0
000100	7	motorbike	467	330	559	460	0
000100	8	person	463	224	575	357	0
000100	9	person	748	290	778	366	1
000100	10	person	1017	274	1173	507	0
