000001	1	car	361	397	481	504	1
000001	2	motorbike	469	418	507	483	1
000001	3	person	813	342	868	522	0
000001	4	person	637	382	681	471	0
000001	5	person	592	393	628	469	0
000001	6	person	19	373	88	463	0
000001	7	person	99	387	151	472	0
000001	8	motorbike	4	459	97	622	0
000001	9	motorbike	94	451	174	568	0
000001	10	motorbike	165	403	232	526	0
000001	11	car	211	430	300	492	0
000002	1	car	366	394	486	501	1
000002	2	motorbike	475	417	513	481	1
000002	3	person	823	336	879	516	0
000002	4	person	643	381	687	469	0
000002	5	person	600	391	636	468	0
000002	6	person	19	373	88	463	0
000002	7	person	99	387	151	472	0
000002	8	motorbike	4	459	97	622	0
000002	9	motorbike	94	451	174	568	0
000002	10	motorbike	157	402	225	525	0
000002	11	car	207	427	298	490	0
000003	1	car	370	393	490	499	1
000003	2	motorbike	481	415	519	480	1
000003	3	person	834	331	889	511	0
000003	4	person	651	381	694	469	0
000003	5	person	607	391	643	468	0
000003	6	person	13	370	73	460	0
000003	7	person	93	384	145	469	0
000003	8	motorbike	3	459	82	622	0
000003	9	motorbike	87	453	166	570	0
000003	10	motorbike	150	400	217	523	0
000003	11	car	202	426	298	490	0
000004	1	car	376	390	496	496	1
000004	2	motorbike	487	414	525	478	1
000004	3	person	844	327	900	507	0
000004	4	person	657	379	700	468	0
000004	5	person	615	391	651	468	0
000004	6	person	9	367	60	457	0
000004	7	person	87	381	139	466	0
000004	8	motorbike	1	459	69	622	0
000004	9	motorbike	81	454	160	571	0
000004	10	motorbike	142	399	210	522	0
000004	11	car	198	424	298	490	0
000005	1	car	381	388	501	495	1
000005	2	motorbike	493	412	531	477	1
000005	3	person	855	322	910	502	0
000005	4	person	664	379	708	468	0
000005	5	person	622	391	658	468	0
000005	6	person	4	364	46	454	0
000005	7	person	81	378	133	463	0
000005	8	motorbike	0	459	55	622	0
000005	9	motorbike	75	456	154	573	0
000005	10	motorbike	136	399	204	522	0
000005	11	car	193	423	298	490	0
000006	1	car	387	387	507	493	1
000006	2	motorbike	499	412	537	477	1
000006	4	person	672	379	715	468	0
000006	5	person	631	391	667	468	0
000006	7	person	76	375	129	460	0
000006	9	motorbike	69	457	148	574	0
000006	10	motorbike	129	397	196	520	0
000006	11	car	190	421	298	490	0
000007	1	car	388	385	508	492	1
000007	2	motorbike	502	409	540	474	1
000007	4	person	679	375	723	468	0
000007	5	person	636	388	672	465	0
000007	7	person	64	370	117	456	0
000007	9	motorbike	57	453	136	580	0
000007	10	motorbike	121	396	189	519	0
000007	11	car	186	418	298	489	0
000008	1	car	390	384	510	490	1
000008	2	motorbike	505	406	543	471	1
000008	4	person	688	370	732	468	0
000008	5	person	642	387	678	463	0
000008	7	person	54	367	106	453	0
000008	9	motorbike	45	448	124	586	0
000008	10	motorbike	115	396	183	519	0
000008	11	car	181	417	298	489	0
000009	1	car	393	382	513	489	1
000009	2	motorbike	510	405	547	469	1
000009	4	person	697	366	739	468	0
000009	5	person	646	384	682	460	0
000009	7	person	42	363	94	448	0
000009	9	motorbike	34	445	112	594	0
000009	10	motorbike	108	394	175	517	0
000009	11	car	177	415	298	489	0
000010	1	car	394	381	514	487	1
000010	2	motorbike	513	402	550	466	1
000010	4	person	706	361	748	468	0
000010	5	person	652	382	688	459	0
000010	7	person	31	360	84	445	0
000010	9	motorbike	22	441	100	600	0
000010	10	motorbike	100	393	168	516	0
000010	11	car	172	414	298	489	0
000011	1	car	397	379	517	486	1
000011	2	motorbike	517	400	555	465	1
000011	4	person	715	357	757	468	0
000011	5	person	658	381	694	457	0
000011	11	car	169	412	298	489	0
000011	12	car	355	402	414	468	0
000012	1	car	400	375	520	481	1
000012	2	motorbike	520	396	558	460	1
000012	4	person	724	351	765	465	0
000012	5	person	666	376	702	453	0
000012	11	car	169	408	301	487	0
000012	12	car	355	399	414	465	0
000013	1	car	403	372	523	478	1
000013	2	motorbike	525	391	562	456	1
000013	4	person	733	345	774	463	0
000013	5	person	673	373	709	450	0
000013	11	car	169	403	304	487	0
000013	12	car	355	396	414	462	0
000014	1	car	408	369	528	475	1
000014	2	motorbike	529	387	567	451	1
000014	4	person	742	339	783	460	0
000014	5	person	681	370	717	447	0
000014	11	car	169	399	307	487	0
000014	12	car	355	393	414	459	0
000015	1	car	411	366	531	472	1
000015	2	motorbike	534	382	571	447	1
000015	4	person	751	333	792	459	0
000015	5	person	688	367	724	444	0
000015	11	car	169	394	312	487	0
000015	12	car	355	391	414	457	0
000016	1	car	415	363	535	469	1
000016	2	motorbike	538	379	576	444	1
000016	4	person	760	327	801	457	0
000016	5	person	697	364	733	441	0
000016	11	car	159	391	309	484	0
000016	12	car	355	388	414	454	0
000017	1	car	414	364	534	471	1
000017	2	motorbike	538	381	576	445	1
000017	4	person	769	325	811	460	0
000017	5	person	702	364	738	444	0
000017	11	car	148	390	306	481	0
000017	12	car	355	385	414	451	0
000018	1	car	414	366	534	472	1
000018	2	motorbike	540	384	577	448	1
000018	4	person	778	325	823	465	0
000018	5	person	708	364	742	447	0
000018	11	car	139	388	304	480	0
000018	12	car	357	384	415	450	0
000019	1	car	414	367	534	474	1
000019	2	motorbike	541	387	579	451	1
000019	4	person	789	325	834	468	0
000019	5	person	712	364	748	450	0
000019	11	car	124	393	297	486	0
000019	12	car	351	388	414	453	0
000020	1	car	414	370	534	477	1
000020	2	motorbike	541	390	579	454	1
000020	4	person	798	325	846	472	0
000020	5	person	718	364	753	453	0
000020	11	car	111	397	291	493	0
000020	12	car	346	393	412	457	0
000021	1	car	414	372	534	478	1
000021	2	motorbike	543	393	580	457	1
000021	4	person	808	325	858	477	0
000021	5	person	723	366	759	457	0
000021	11	car	97	402	283	499	0
000021	12	car	340	397	411	462	0
000022	1	car	412	373	532	480	1
000022	2	motorbike	544	396	582	460	1
000022	4	person	817	324	868	480	0
000022	5	person	729	366	763	460	0
000022	11	car	84	406	277	507	0
000022	12	car	336	402	411	466	0
000023	1	car	412	376	532	483	1
000023	2	motorbike	544	399	582	463	1
000023	4	person	826	324	880	484	0
000023	5	person	733	366	768	463	0
000023	11	car	70	411	271	514	0
000023	12	car	331	406	409	471	0
000024	1	car	412	378	532	484	1
000024	2	motorbike	546	402	583	466	1
000024	4	person	837	324	891	487	0
000024	5	person	739	366	774	466	0
000024	11	car	57	415	264	520	0
000024	12	car	325	411	408	475	0
000025	1	car	412	379	532	486	1
000025	2	motorbike	547	405	585	469	1
000025	4	person	846	324	903	492	0
000025	5	person	744	366	778	469	0
000025	11	car	43	420	258	528	0
000025	12	car	321	415	406	480	0
000026	1	car	412	382	532	489	1
000026	2	motorbike	549	408	586	472	1
000026	5	person	750	367	784	474	0
000026	11	car	30	426	252	535	0
000026	12	car	316	420	406	484	0
000027	1	car	409	384	529	490	1
000027	2	motorbike	546	409	583	474	1
000027	5	person	753	367	790	477	0
000027	11	car	25	424	235	534	0
000027	12	car	306	420	406	483	0
000028	1	car	406	385	526	492	1
000028	2	motorbike	543	411	580	475	1
000028	5	person	757	367	796	480	0
000028	11	car	21	423	220	532	0
000028	12	car	295	420	406	483	0
000029	1	car	403	387	523	493	1
000029	2	motorbike	540	412	577	477	1
000029	5	person	762	369	802	483	0
000029	11	car	18	421	205	531	0
000029	12	car	286	420	406	483	0
000030	1	car	400	388	520	495	1
000030	2	motorbike	537	415	574	480	1
000030	5	person	766	369	808	486	0
000030	11	car	13	420	190	529	0
000030	12	car	276	420	406	483	0
000031	1	car	397	390	517	496	1
000031	2	motorbike	534	417	571	481	1
000031	5	person	771	369	814	489	0
000031	11	car	10	420	175	528	0
000031	12	car	267	420	406	483	0
000032	1	car	394	393	514	499	1
000032	2	motorbike	531	418	568	483	1
000032	5	person	774	370	820	492	0
000032	11	car	7	421	162	532	0
000032	12	car	256	424	396	487	0
000033	1	car	391	394	511	501	1
000033	2	motorbike	528	420	565	484	1
000033	5	person	778	370	826	495	0
000033	11	car	6	424	150	537	0
000033	12	car	246	429	385	492	0
000034	1	car	388	396	508	502	1
000034	2	motorbike	525	423	562	487	1
000034	5	person	783	370	832	498	0
000034	11	car	4	426	138	543	0
000034	12	car	235	435	375	498	0
000035	1	car	385	397	505	504	1
000035	2	motorbike	522	424	559	489	1
000035	5	person	787	372	838	501	0
000035	11	car	3	429	126	547	0
000035	12	car	225	439	364	502	0
000036	1	car	382	399	502	505	1
000036	2	motorbike	519	426	556	490	1
000036	5	person	792	372	844	504	0
000036	12	car	216	445	355	508	0
000037	1	car	381	402	501	508	1
000037	2	motorbike	516	429	553	493	1
000037	5	person	796	373	852	508	0
000037	12	car	202	444	342	510	0
000038	1	car	375	400	495	507	1
000038	2	motorbike	510	427	547	492	1
000038	5	person	802	369	858	513	0
000038	12	car	190	442	328	511	0
000039	1	car	370	400	490	507	1
000039	2	motorbike	505	427	543	492	1
000039	5	person	810	364	864	517	0
000039	12	car	177	441	316	514	0
000040	1	car	366	399	486	505	1
000040	2	motorbike	501	426	538	490	1
000040	5	person	817	360	870	522	0
000040	12	car	165	439	303	516	0
000041	1	car	361	399	481	505	1
000041	2	motorbike	495	426	532	490	1
000041	5	person	825	357	877	526	0
000041	12	car	153	439	291	519	0
000042	1	car	355	399	475	505	1
000042	2	motorbike	490	424	528	489	1
000042	5	person	832	349	888	526	0
000042	12	car	130	433	277	519	0
000043	1	car	351	397	471	504	1
000043	2	motorbike	486	424	523	489	1
000043	5	person	840	343	900	528	0
000043	12	car	108	429	265	520	0
000044	1	car	346	397	466	504	1
000044	2	motorbike	481	424	519	489	1
000044	5	person	847	337	912	529	0
000044	12	car	87	424	253	522	0
000045	1	car	342	397	462	504	1
000045	2	motorbike	475	423	513	487	1
000045	5	person	855	331	924	529	0
000045	12	car	64	420	240	523	0
000046	1	car	337	396	457	502	1
000046	2	motorbike	471	423	508	487	1
000046	5	person	862	325	936	531	0
000046	12	car	42	415	228	525	0
000047	1	car	331	396	451	502	1
000047	2	motorbike	466	421	504	486	1
000047	12	car	21	411	216	526	0
000047	13	car	487	412	546	474	0
000047	14	car	207	427	280	495	0
000048	1	car	327	396	447	502	1
000048	2	motorbike	460	421	498	486	1
000048	12	car	16	415	201	529	0
000048	13	car	484	414	543	475	0
000048	14	car	195	430	268	498	0
000049	1	car	322	394	442	501	1
000049	2	motorbike	456	420	493	484	1
000049	12	car	13	420	186	534	0
000049	13	car	481	415	540	477	0
000049	14	car	183	433	256	501	0
000050	1	car	318	394	438	501	1
000050	2	motorbike	451	420	489	484	1
000050	12	car	10	424	171	538	0
000050	13	car	478	417	537	478	0
000050	14	car	171	436	244	504	0
000051	1	car	313	394	433	501	1
000051	2	motorbike	447	420	484	484	1
000051	12	car	7	429	156	543	0
000051	13	car	475	418	534	480	0
000051	14	car	159	439	232	507	0
000052	1	car	310	393	430	499	1
000052	2	motorbike	442	420	480	484	1
000052	12	car	4	433	142	547	0
000052	13	car	474	420	532	481	0
000052	14	car	148	444	222	511	0
000053	1	car	309	393	429	499	1
000053	2	motorbike	438	420	475	484	1
000053	12	car	4	433	126	546	0
000053	13	car	471	420	529	481	0
000053	14	car	123	442	210	508	0
000054	1	car	306	393	426	499	1
000054	2	motorbike	433	420	471	484	1
000054	12	car	4	433	109	546	0
000054	13	car	468	420	526	481	0
000054	14	car	99	441	198	507	0
000055	1	car	304	393	424	499	1
000055	2	motorbike	429	420	466	484	1
000055	13	car	466	420	525	481	0
000055	14	car	75	439	186	505	0
000056	1	car	303	393	423	499	1
000056	2	motorbike	424	420	462	484	1
000056	13	car	463	420	522	481	0
000056	14	car	60	435	175	507	0
000057	1	car	300	391	420	498	1
000057	2	motorbike	420	421	457	486	1
000057	13	car	462	420	520	481	0
000057	14	car	46	432	166	508	0
000058	1	car	298	391	418	498	1
000058	2	motorbike	415	421	453	486	1
000058	13	car	459	420	517	481	0
000058	14	car	31	429	156	510	0
000059	1	car	297	391	417	498	1
000059	2	motorbike	411	421	448	486	1
000059	13	car	457	420	516	481	0
000059	14	car	18	426	147	511	0
000060	1	car	294	391	414	498	1
000060	2	motorbike	406	421	444	486	1
000060	13	car	454	420	513	481	0
000060	14	car	13	429	127	514	0
000061	1	car	292	391	412	498	1
000061	2	motorbike	402	421	439	486	1
000061	13	car	451	420	510	481	0
000061	14	car	9	432	109	517	0
000062	1	car	291	391	411	498	1
000062	2	motorbike	399	423	436	487	1
000062	13	car	450	420	508	481	0
000063	1	car	289	390	409	496	1
000063	2	motorbike	396	424	433	487	1
000063	13	car	447	420	505	481	0
000064	1	car	288	390	408	496	1
000064	2	motorbike	393	426	430	487	1
000064	13	car	445	420	504	481	0
000065	1	car	288	390	408	496	1
000065	2	motorbike	390	427	427	487	1
000065	13	car	442	420	501	481	0
000066	1	car	286	388	406	495	1
000066	2	motorbike	387	429	424	487	1
000066	13	car	441	420	499	481	0
000067	1	car	286	388	406	495	1
000067	2	motorbike	384	430	421	487	1
000067	13	car	438	420	496	481	0
000068	1	car	285	388	405	495	1
000068	2	motorbike	381	433	418	487	1
000068	13	car	436	420	495	481	0
000069	1	car	285	388	405	495	1
000069	2	motorbike	381	435	423	487	1
000069	13	car	435	418	493	480	0
000070	1	car	283	387	403	493	1
000070	2	motorbike	382	436	427	489	1
000070	13	car	433	417	492	478	0
000071	1	car	283	387	403	493	1
000071	2	motorbike	384	439	433	489	1
000071	13	car	433	417	492	478	0
000072	1	car	282	387	402	493	1
000072	2	motorbike	385	441	438	490	1
000072	13	car	432	415	490	477	0
000073	1	car	282	387	402	493	1
000073	2	motorbike	385	444	444	490	1
000073	13	car	430	415	489	477	0
000074	1	car	280	385	400	492	1
000074	2	motorbike	387	445	448	492	1
000074	13	car	430	414	489	475	0
000074	15	car	481	411	531	456	0
000075	1	car	280	385	400	492	1
000075	2	motorbike	388	448	454	492	1
000075	13	car	429	412	487	474	0
000075	15	car	480	411	532	454	0
000076	1	car	279	385	399	492	1
000076	2	motorbike	390	450	459	493	1
000076	13	car	427	412	486	474	0
000076	15	car	480	411	534	454	0
000077	1	car	279	385	399	492	1
000077	2	motorbike	391	453	465	495	1
000077	13	car	427	411	486	472	0
000077	15	car	480	411	537	454	0
000078	1	car	277	384	397	490	1
000078	2	motorbike	393	453	466	495	1
000078	13	car	426	411	484	472	0
000078	15	car	480	411	538	454	0
000079	1	car	276	384	396	490	1
000079	2	motorbike	396	453	469	495	1
000079	13	car	426	409	484	471	0
000079	15	car	480	411	541	454	0
000080	1	car	276	384	396	490	1
000080	2	motorbike	397	453	471	495	1
000080	13	car	424	409	483	471	0
000080	15	car	480	411	543	453	0
000081	1	car	274	384	394	490	1
000081	2	motorbike	400	453	474	495	1
000081	13	car	423	408	481	469	0
000081	15	car	480	411	544	453	0
000082	1	car	274	384	394	490	1
000082	2	motorbike	403	453	477	495	1
000082	13	car	423	406	481	468	0
000082	15	car	480	411	547	453	0
000083	1	car	273	382	393	489	1
000083	2	motorbike	405	453	478	495	1
000083	13	car	421	406	480	468	0
000083	15	car	480	411	549	453	0
000084	1	car	271	382	391	489	1
000084	2	motorbike	408	453	481	495	1
000084	13	car	420	405	478	466	0
000084	15	car	480	411	552	453	0
000085	1	car	271	382	391	489	1
000085	2	motorbike	409	454	483	496	1
000085	13	car	420	405	478	466	0
000085	15	car	481	409	553	451	0
000086	1	car	270	382	390	489	1
000086	2	motorbike	412	454	486	496	1
000086	13	car	418	403	477	465	0
000086	15	car	483	408	555	450	0
000087	1	car	270	382	390	489	1
000087	2	motorbike	415	454	489	496	1
000087	13	car	418	403	477	465	0
000087	15	car	484	406	556	448	0
000088	1	car	268	381	388	487	1
000088	2	motorbike	417	454	490	496	1
000088	13	car	418	403	477	465	0
000088	15	car	486	405	558	447	0
000089	1	car	267	381	387	487	1
000089	2	motorbike	420	454	493	496	1
000089	13	car	418	403	477	465	0
000089	15	car	487	405	559	447	0
000090	1	car	267	381	387	487	1
000090	2	motorbike	421	454	495	496	1
000090	13	car	418	403	477	465	0
000090	15	car	492	403	564	445	0
000091	1	car	265	381	385	487	1
000091	2	motorbike	424	454	498	496	1
000091	13	car	418	403	477	465	0
000091	15	car	496	403	568	445	0
000092	1	car	265	381	385	487	1
000092	2	motorbike	427	456	501	498	1
000092	13	car	418	403	477	465	0
000092	15	car	501	403	573	445	0
000093	1	car	265	381	385	487	1
000093	2	motorbike	430	456	504	498	1
000093	13	car	418	403	477	465	0
000093	15	car	505	403	577	445	0
000094	1	car	265	381	385	487	1
000094	2	motorbike	435	456	508	498	1
000094	13	car	418	403	477	465	0
000094	15	car	510	403	582	445	0
000095	1	car	265	381	385	487	1
000095	2	motorbike	438	456	511	498	1
000095	13	car	418	403	477	465	0
000095	15	car	514	403	586	445	0
000096	1	car	265	381	385	487	1
000096	2	motorbike	442	457	516	499	1
000096	13	car	418	403	477	465	0
000096	15	car	519	403	591	445	0
000097	1	car	265	381	385	487	1
000097	2	motorbike	447	457	520	499	1
000097	13	car	418	403	477	465	0
000097	15	car	519	403	591	445	0
000097	16	motorbike	237	411	279	480	0
000098	1	car	265	381	385	487	1
000098	2	motorbike	450	457	523	499	1
000098	13	car	418	403	477	465	0
000098	15	car	519	403	591	445	0
000098	16	motorbike	231	411	273	480	0
000099	1	car	265	381	385	487	1
000099	2	motorbike	454	457	528	499	1
000099	13	car	418	403	477	465	0
000099	15	car	519	403	591	445	0
000099	16	motorbike	225	411	267	480	0
000100	1	car	265	381	385	487	1
000100	2	motorbike	459	459	532	501	1
000100	13	car	418	403	477	465	0
000100	15	car	519	403	591	445	0
000100	16	motorbike	220	412	262	481	0
