000001	1	motorbike	0	405	264	661	0
000001	2	motorbike	568	433	666	540	0
000001	3	motorbike	668	403	714	460	0
000001	4	motorbike	883	448	992	531	0
000001	6	motorbike	314	373	369	439	0
000001	7	motorbike	400	380	451	439	1
000001	8	motorbike	510	410	563	467	0
000001	9	car	808	380	885	444	0
000001	10	person	16	224	192	535	0
000001	11	person	581	312	670	467	0
000001	12	person	912	364	986	481	0
000001	13	person	1077	369	1136	513	0
000001	15	person	517	339	565	417	0
000002	1	motorbike	0	400	264	656	0
000002	2	motorbike	568	433	666	540	0
000002	3	motorbike	666	401	712	458	0
000002	4	motorbike	892	444	1000	528	0
000002	6	motorbike	314	373	369	439	0
000002	7	motorbike	400	380	451	439	1
000002	8	motorbike	510	410	563	467	0
000002	9	car	812	378	888	442	0
000002	10	person	17	224	193	535	0
000002	11	person	581	312	670	465	0
000002	12	person	922	362	997	480	0
000002	13	person	1098	371	1157	515	0
000002	15	person	517	339	565	417	0
000003	1	motorbike	0	394	264	650	0
000003	2	motorbike	568	433	666	540	0
000003	3	motorbike	666	401	712	458	0
000003	4	motorbike	901	440	1009	524	0
000003	6	motorbike	316	373	371	439	0
000003	7	motorbike	400	380	451	439	1
000003	8	motorbike	510	410	563	467	0
000003	9	car	816	378	892	442	0
000003	10	person	21	224	197	535	0
000003	11	person	581	312	670	465	0
000003	12	person	933	360	1008	478	0
000003	13	person	1120	373	1178	517	0
000003	15	person	517	339	565	417	0
000004	1	motorbike	1	389	266	645	0
000004	2	motorbike	570	433	668	540	0
000004	3	motorbike	666	401	712	458	0
000004	4	motorbike	910	437	1018	520	0
000004	6	motorbike	318	373	373	439	0
000004	7	motorbike	401	380	453	439	1
000004	8	motorbike	510	410	563	467	0
000004	9	car	819	378	896	442	0
000004	10	person	23	224	199	535	0
000004	11	person	581	312	670	465	0
000004	12	person	944	360	1018	478	0
000004	13	person	1141	375	1200	519	0
000004	15	person	517	339	565	417	0
000005	1	motorbike	1	384	266	640	0
000005	2	motorbike	570	433	668	540	0
000005	3	motorbike	666	401	712	458	0
000005	4	motorbike	919	433	1027	517	0
000005	6	motorbike	320	373	375	439	0
000005	7	motorbike	401	380	453	439	1
000005	8	motorbike	510	410	563	467	0
000005	9	car	824	378	901	442	0
000005	10	person	26	224	202	535	0
000005	11	person	581	312	670	465	0
000005	12	person	954	359	1029	476	0
000005	13	person	1162	376	1221	520	0
000005	15	person	517	339	565	417	0
000006	1	motorbike	3	380	268	636	0
000006	2	motorbike	570	433	668	540	0
000006	3	motorbike	666	401	712	458	0
000006	4	motorbike	928	432	1036	515	0
000006	6	motorbike	320	373	375	439	0
000006	7	motorbike	401	380	453	439	1
000006	8	motorbike	510	410	563	467	0
000006	9	car	828	378	904	442	0
000006	10	person	30	224	206	535	0
000006	11	person	581	312	670	465	0
000006	12	person	965	359	1040	476	0
000006	15	person	517	339	565	417	0
000007	1	motorbike	7	380	270	636	0
000007	2	motorbike	572	433	670	540	0
000007	3	motorbike	666	400	712	456	0
000007	4	motorbike	936	432	1045	515	0
000007	6	motorbike	321	373	376	439	0
000007	7	motorbike	403	380	455	439	1
000007	8	motorbike	510	410	563	467	0
000007	9	car	832	378	908	442	0
000007	10	person	33	224	209	535	0
000007	11	person	581	312	670	465	0
000007	12	person	974	357	1048	474	0
000007	15	person	517	339	565	417	0
000008	1	motorbike	10	380	272	636	0
000008	2	motorbike	572	433	670	540	0
000008	3	motorbike	664	400	711	456	0
000008	4	motorbike	947	432	1056	515	0
000008	6	motorbike	323	373	378	439	0
000008	7	motorbike	403	380	455	439	1
000008	8	motorbike	510	410	563	467	0
000008	9	car	837	378	913	442	0
000008	10	person	37	225	213	536	0
000008	11	person	581	312	670	465	0
000008	12	person	983	357	1057	474	0
000008	15	person	517	339	565	417	0
000009	1	motorbike	14	380	273	636	0
000009	2	motorbike	574	433	672	540	0
000009	3	motorbike	664	400	711	456	0
000009	4	motorbike	958	432	1066	515	0
000009	6	motorbike	325	373	380	439	0
000009	7	motorbike	403	380	455	439	1
000009	8	motorbike	510	410	563	467	0
000009	9	car	842	378	919	442	0
000009	10	person	40	225	216	536	0
000009	11	person	581	312	670	465	0
000009	12	person	993	355	1068	472	0
000009	15	person	517	339	565	417	0
000010	1	motorbike	17	380	275	636	0
000010	2	motorbike	574	433	672	540	0
000010	3	motorbike	664	400	711	456	0
000010	4	motorbike	967	432	1075	515	0
000010	6	motorbike	325	373	380	439	0
000010	7	motorbike	405	380	456	439	1
000010	8	motorbike	510	410	563	467	0
000010	9	car	849	380	926	444	0
000010	10	person	44	227	220	538	0
000010	11	person	581	312	670	465	0
000010	12	person	1002	355	1077	472	0
000010	15	person	517	341	565	419	0
000011	1	motorbike	21	380	277	636	0
000011	2	motorbike	574	433	672	540	0
000011	3	motorbike	664	400	711	456	0
000011	4	motorbike	977	432	1086	515	0
000011	6	motorbike	327	373	382	439	0
000011	7	motorbike	405	380	456	439	1
000011	8	motorbike	510	410	563	467	0
000011	9	car	855	382	931	446	0
000011	10	person	49	227	225	538	0
000011	11	person	581	312	670	465	0
000011	12	person	1011	353	1086	471	0
000011	15	person	517	341	565	419	0
000012	1	motorbike	26	380	280	636	0
000012	2	motorbike	576	433	673	540	0
000012	3	motorbike	664	398	711	455	0
000012	4	motorbike	988	432	1096	515	0
000012	6	motorbike	328	375	384	440	0
000012	7	motorbike	407	380	458	439	1
000012	8	motorbike	510	410	563	467	0
000012	9	car	862	384	938	448	0
000012	10	person	53	229	229	540	0
000012	11	person	581	312	670	465	0
000012	12	person	1022	353	1096	471	0
000012	15	person	517	341	565	419	0
000013	1	motorbike	30	380	282	636	0
000013	2	motorbike	576	433	673	540	0
000013	3	motorbike	664	398	711	455	0
000013	4	motorbike	997	432	1105	515	0
000013	6	motorbike	330	375	385	440	0
000013	7	motorbike	407	380	458	439	1
000013	8	motorbike	510	410	563	467	0
000013	9	car	867	385	944	449	0
000013	10	person	56	229	232	540	0
000013	11	person	581	312	670	465	0
000013	12	person	1031	352	1105	469	0
000013	15	person	519	341	567	419	0
000014	1	motorbike	33	380	284	636	0
000014	2	motorbike	576	433	673	540	0
000014	3	motorbike	663	398	709	455	0
000014	4	motorbike	1008	432	1116	515	0
000014	6	motorbike	332	375	387	440	0
000014	7	motorbike	407	380	458	439	1
000014	8	motorbike	510	410	563	467	0
000014	9	car	874	387	951	451	0
000014	10	person	60	231	236	542	0
000014	11	person	581	312	672	465	0
000014	12	person	1040	352	1114	469	0
000014	15	person	519	341	567	419	0
000015	1	motorbike	37	380	286	636	0
000015	2	motorbike	577	433	675	540	0
000015	3	motorbike	663	398	709	455	0
000015	4	motorbike	1018	433	1127	517	0
000015	6	motorbike	332	375	387	440	0
000015	7	motorbike	408	380	460	439	1
000015	8	motorbike	510	410	563	467	0
000015	9	car	880	387	956	451	0
000015	10	person	65	231	241	542	0
000015	11	person	581	312	672	465	0
000015	12	person	1050	352	1125	469	0
000015	15	person	519	341	567	419	0
000016	1	motorbike	40	380	288	636	0
000016	2	motorbike	577	433	675	540	0
000016	3	motorbike	663	398	709	455	0
000016	4	motorbike	1032	433	1141	517	0
000016	6	motorbike	334	375	389	440	0
000016	7	motorbike	408	380	460	439	1
000016	8	motorbike	510	410	563	467	0
000016	9	car	887	389	963	453	0
000016	10	person	69	232	245	544	0
000016	11	person	581	312	672	465	0
000016	12	person	1063	352	1137	469	0
000016	15	person	519	341	567	419	0
000017	1	motorbike	44	380	289	636	0
000017	2	motorbike	579	433	677	540	0
000017	3	motorbike	663	396	709	453	0
000017	4	motorbike	1048	433	1157	517	0
000017	6	motorbike	336	375	391	440	0
000017	7	motorbike	408	380	460	439	1
000017	8	motorbike	510	410	563	467	0
000017	9	car	892	391	968	455	0
000017	10	person	72	232	248	544	0
000017	11	person	581	312	672	465	0
000017	12	person	1077	352	1152	469	0
000017	15	person	519	341	567	419	0
000018	1	motorbike	49	380	293	636	0
000018	2	motorbike	579	433	677	540	0
000018	3	motorbike	663	396	709	453	0
000018	4	motorbike	1064	433	1173	517	0
000018	6	motorbike	337	375	392	440	0
000018	7	motorbike	410	380	462	439	1
000018	8	motorbike	510	410	563	467	0
000018	9	car	899	392	976	456	0
000018	10	person	76	234	252	545	0
000018	11	person	581	312	672	465	0
000018	12	person	1089	352	1164	469	0
000018	15	person	519	343	567	421	0
000019	1	motorbike	53	380	295	636	0
000019	2	motorbike	579	433	677	540	0
000019	3	motorbike	663	396	709	453	0
000019	4	motorbike	1080	433	1189	517	0
000019	6	motorbike	337	375	392	440	0
000019	7	motorbike	410	380	462	439	1
000019	8	motorbike	510	410	563	467	0
000019	9	car	904	394	981	458	0
000019	10	person	81	234	257	545	0
000019	11	person	581	312	672	465	0
000019	12	person	1104	353	1178	471	0
000019	15	person	519	343	567	421	0
000020	1	motorbike	56	380	296	636	0
000020	2	motorbike	581	433	679	540	0
000020	3	motorbike	661	396	707	453	0
000020	4	motorbike	1096	433	1205	517	0
000020	6	motorbike	339	375	394	440	0
000020	7	motorbike	410	380	462	439	1
000020	8	motorbike	510	410	563	467	0
000020	9	car	912	396	988	460	0
000020	10	person	85	236	261	547	0
000020	11	person	581	312	672	465	0
000020	12	person	1116	353	1191	471	0
000020	15	person	519	343	567	421	0
000021	1	motorbike	60	380	298	636	0
000021	2	motorbike	581	433	679	540	0
000021	3	motorbike	661	396	707	453	0
000021	4	motorbike	1112	433	1221	517	0
000021	6	motorbike	341	375	396	440	0
000021	7	motorbike	412	380	464	439	1
000021	8	motorbike	510	410	563	467	0
000021	9	car	915	394	992	458	0
000021	10	person	88	236	264	547	0
000021	11	person	581	312	672	465	0
000021	12	person	1130	353	1205	471	0
000021	15	person	519	343	567	421	0
000022	1	motorbike	64	380	300	636	0
000022	2	motorbike	583	433	680	540	0
000022	3	motorbike	661	394	707	451	0
000022	4	motorbike	1128	435	1237	519	0
000022	6	motorbike	343	375	398	440	0
000022	7	motorbike	412	380	464	439	1
000022	8	motorbike	510	410	563	467	0
000022	9	car	920	392	997	456	0
000022	10	person	92	238	268	549	0
000022	11	person	581	312	672	465	0
000022	15	person	519	343	567	421	0
000023	1	motorbike	69	382	304	636	0
000023	2	motorbike	583	433	680	540	0
000023	3	motorbike	661	394	707	451	0
000023	4	motorbike	1141	433	1246	517	0
000023	6	motorbike	344	376	400	442	0
000023	7	motorbike	414	380	465	439	1
000023	8	motorbike	510	410	563	467	0
000023	9	car	926	391	1002	455	0
000023	10	person	97	240	273	551	0
000023	11	person	581	312	672	465	0
000023	15	person	519	343	567	421	0
000024	1	motorbike	72	384	307	632	0
000024	2	motorbike	583	433	680	540	0
000024	3	motorbike	661	394	707	451	0
000024	4	motorbike	1153	433	1256	517	0
000024	6	motorbike	343	376	398	442	0
000024	7	motorbike	414	378	465	437	1
000024	8	motorbike	510	410	563	467	0
000024	9	car	931	389	1008	453	0
000024	10	person	103	241	277	545	0
000024	11	person	581	312	672	465	0
000024	15	person	520	343	568	421	0
000025	1	motorbike	78	385	311	631	0
000025	2	motorbike	584	433	682	540	0
000025	3	motorbike	661	394	707	451	0
000025	4	motorbike	1166	433	1265	517	0
000025	6	motorbike	343	376	398	442	0
000025	7	motorbike	414	378	465	437	1
000025	8	motorbike	510	410	563	467	0
000025	9	car	936	387	1013	451	0
000025	10	person	110	243	280	540	0
000025	11	person	581	312	672	465	0
000025	15	person	520	343	568	421	0
000026	1	motorbike	83	387	316	629	0
000026	2	motorbike	584	433	682	540	0
000026	3	motorbike	661	394	707	451	0
000026	6	motorbike	341	376	396	442	0
000026	7	motorbike	414	378	465	437	1
000026	8	motorbike	510	410	563	467	0
000026	9	car	944	387	1020	451	0
000026	10	person	117	245	286	535	0
000026	11	person	581	312	673	465	0
000026	15	person	520	343	568	421	0
000027	1	motorbike	87	387	318	625	0
000027	2	motorbike	584	433	682	540	0
000027	3	motorbike	659	394	705	451	0
000027	6	motorbike	341	376	396	442	0
000027	7	motorbike	416	378	465	435	1
000027	8	motorbike	510	410	563	467	0
000027	9	car	952	387	1029	451	0
000027	10	person	124	248	289	529	0
000027	11	person	581	312	673	465	0
000027	15	person	520	344	568	423	0
000028	1	motorbike	90	387	320	624	0
000028	2	motorbike	586	433	684	540	0
000028	3	motorbike	659	394	705	451	0
000028	6	motorbike	341	376	396	442	0
000028	7	motorbike	416	378	465	435	1
000028	8	motorbike	510	410	563	467	0
000028	9	car	960	387	1036	451	0
000028	10	person	129	250	295	524	0
000028	11	person	581	312	673	465	0
000028	15	person	520	344	568	423	0
000029	1	motorbike	96	389	323	622	0
000029	2	motorbike	586	433	684	540	0
000029	3	motorbike	657	394	704	451	0
000029	6	motorbike	339	376	394	442	0
000029	7	motorbike	416	378	465	435	1
000029	8	motorbike	510	410	563	467	0
000029	9	car	968	387	1045	451	0
000029	10	person	136	252	298	520	0
000029	11	person	581	312	673	465	0
000029	15	person	520	344	568	423	0
000030	1	motorbike	99	389	325	620	0
000030	2	motorbike	588	433	686	540	0
000030	3	motorbike	657	394	704	451	0
000030	6	motorbike	339	376	394	442	0
000030	7	motorbike	416	378	465	435	1
000030	8	motorbike	510	410	563	467	0
000030	9	car	977	387	1054	451	0
000030	10	person	144	254	302	515	0
000030	11	person	581	312	673	465	0
000030	15	person	520	344	568	423	0
000031	1	motorbike	103	389	328	618	0
000031	2	motorbike	588	433	686	540	0
000031	3	motorbike	657	394	704	451	0
000031	6	motorbike	337	376	392	442	0
000031	7	motorbike	417	378	465	433	1
000031	8	motorbike	510	410	563	467	0
000031	9	car	984	387	1061	451	0
000031	10	person	151	257	307	510	0
000031	11	person	581	312	673	465	0
000031	15	person	520	344	568	423	0
000032	1	motorbike	108	391	330	616	0
000032	2	motorbike	588	433	686	540	0
000032	3	motorbike	656	394	702	451	0
000032	6	motorbike	337	376	392	442	0
000032	7	motorbike	417	378	465	433	1
000032	8	motorbike	510	410	563	467	0
000032	9	car	992	387	1068	451	0
000032	10	person	156	259	311	504	0
000032	11	person	581	312	673	465	0
000032	15	person	520	344	568	423	0
000033	1	motorbike	112	391	334	615	0
000033	2	motorbike	590	433	688	540	0
000033	3	motorbike	656	394	702	451	0
000033	6	motorbike	337	376	392	442	0
000033	7	motorbike	417	378	465	433	1
000033	8	motorbike	510	410	563	467	0
000033	9	car	999	387	1075	451	0
000033	10	person	163	261	316	499	0
000033	11	person	581	312	673	465	0
000033	15	person	520	344	568	423	0
000034	1	motorbike	115	391	336	613	0
000034	2	motorbike	590	433	688	540	0
000034	3	motorbike	656	394	702	451	0
000034	6	motorbike	336	376	391	442	0
000034	7	motorbike	417	378	465	433	1
000034	8	motorbike	510	410	563	467	0
000034	9	car	1006	387	1082	451	0
000034	10	person	170	263	320	494	0
000034	11	person	581	312	673	465	0
000034	15	person	520	344	568	423	0
000035	1	motorbike	120	392	339	611	0
000035	2	motorbike	592	433	689	540	0
000035	3	motorbike	654	394	700	451	0
000035	6	motorbike	336	376	391	442	0
000035	7	motorbike	419	378	465	432	1
000035	8	motorbike	510	410	563	467	0
000035	9	car	1011	387	1089	451	0
000035	10	person	177	266	325	490	0
000035	11	person	581	312	673	465	0
000035	15	person	522	346	570	424	0
000036	1	motorbike	124	392	341	609	0
000036	2	motorbike	592	433	689	540	0
000036	3	motorbike	654	394	700	451	0
000036	6	motorbike	336	376	391	442	0
000036	7	motorbike	419	378	465	432	1
000036	8	motorbike	510	410	563	467	0
000036	9	car	1018	387	1098	453	0
000036	10	person	176	264	323	488	0
000036	11	person	581	312	673	465	0
000036	15	person	522	346	570	424	0
000037	1	motorbike	129	394	344	608	0
000037	2	motorbike	592	433	689	540	0
000037	3	motorbike	654	394	700	451	0
000037	6	motorbike	334	376	389	442	0
000037	7	motorbike	419	378	465	432	1
000037	8	motorbike	510	410	563	467	0
000037	9	car	1025	387	1107	455	0
000037	10	person	176	264	323	488	0
000037	11	person	581	312	673	465	0
000037	15	person	522	346	570	424	0
000038	1	motorbike	129	392	344	606	0
000038	2	motorbike	593	433	691	540	0
000038	3	motorbike	652	394	698	451	0
000038	6	motorbike	334	376	389	442	0
000038	7	motorbike	419	378	465	432	1
000038	8	motorbike	510	410	563	467	0
000038	9	car	1031	387	1116	456	0
000038	10	person	176	264	323	488	0
000038	11	person	581	312	675	465	0
000038	15	person	522	346	570	424	0
000039	1	motorbike	129	392	344	606	0
000039	2	motorbike	593	433	691	540	0
000039	3	motorbike	652	394	698	451	0
000039	6	motorbike	332	376	387	442	0
000039	7	motorbike	421	378	465	430	1
000039	8	motorbike	510	410	563	467	0
000039	9	car	1038	387	1125	458	0
000039	10	person	176	264	323	488	0
000039	11	person	581	312	675	465	0
000039	15	person	522	346	570	424	0
000039	16	car	819	362	965	455	0
000040	1	motorbike	131	392	346	606	0
000040	2	motorbike	593	433	691	540	0
000040	3	motorbike	652	394	698	451	0
000040	6	motorbike	332	376	387	442	0
000040	7	motorbike	421	378	465	430	1
000040	8	motorbike	510	410	563	467	0
000040	9	car	1045	389	1134	458	0
000040	10	person	176	264	323	488	0
000040	11	person	581	312	675	465	0
000040	15	person	522	346	570	424	0
000040	16	car	826	362	974	455	0
000041	1	motorbike	131	392	346	606	0
000041	2	motorbike	595	433	693	540	0
000041	3	motorbike	652	394	698	451	0
000041	6	motorbike	332	376	387	442	0
000041	7	motorbike	421	378	465	430	1
000041	8	motorbike	510	410	563	467	0
000041	9	car	1052	389	1143	460	0
000041	10	person	176	264	323	488	0
000041	11	person	581	312	675	465	0
000041	15	person	522	346	570	424	0
000041	16	car	835	362	984	456	0
000042	1	motorbike	133	392	348	604	0
000042	2	motorbike	595	433	693	540	0
000042	3	motorbike	652	394	698	451	0
000042	6	motorbike	330	376	385	442	0
000042	7	motorbike	421	378	465	430	1
000042	8	motorbike	510	410	563	467	0
000042	9	car	1057	389	1152	462	0
000042	10	person	176	264	323	488	0
000042	11	person	581	312	675	465	0
000042	15	person	522	346	570	424	0
000042	16	car	844	362	993	456	0
000043	1	motorbike	133	392	348	604	0
000043	2	motorbike	597	433	695	540	0
000043	6	motorbike	330	376	385	442	0
000043	7	motorbike	423	378	465	428	1
000043	8	motorbike	510	410	563	467	0
000043	9	car	1064	389	1160	464	0
000043	10	person	176	264	323	488	0
000043	11	person	581	312	675	465	0
000043	15	person	522	346	570	424	0
000043	16	car	851	362	1004	458	0
000044	1	motorbike	133	392	348	604	0
000044	2	motorbike	597	433	695	540	0
000044	6	motorbike	328	376	384	442	0
000044	7	motorbike	423	378	465	428	1
000044	8	motorbike	510	410	563	467	0
000044	9	car	1072	389	1169	465	0
000044	10	person	176	264	323	488	0
000044	11	person	581	312	675	465	0
000044	15	person	522	346	570	424	0
000044	16	car	860	362	1013	458	0
000045	1	motorbike	135	392	350	604	0
000045	2	motorbike	597	433	695	540	0
000045	6	motorbike	328	376	384	442	0
000045	7	motorbike	423	378	465	428	1
000045	8	motorbike	510	410	563	467	0
000045	9	car	1079	391	1178	467	0
000045	10	person	176	264	323	488	0
000045	11	person	581	312	675	465	0
000045	15	person	522	346	570	424	0
000045	16	car	869	362	1024	460	0
000046	1	motorbike	135	392	350	602	0
000046	2	motorbike	599	433	696	540	0
000046	6	motorbike	328	376	384	442	0
000046	7	motorbike	423	378	465	428	1
000046	8	motorbike	510	410	563	467	0
000046	9	car	1086	391	1184	467	0
000046	10	person	176	264	323	488	0
000046	11	person	581	312	675	465	0
000046	15	person	522	346	570	424	0
000046	16	car	878	362	1034	462	0
000047	1	motorbike	136	392	352	602	0
000047	2	motorbike	599	433	696	540	0
000047	6	motorbike	327	376	382	442	0
000047	7	motorbike	424	378	465	426	1
000047	8	motorbike	510	410	563	467	0
000047	9	car	1093	391	1191	467	0
000047	10	person	174	264	321	488	0
000047	11	person	581	312	675	465	0
000047	15	person	522	346	570	424	0
000047	16	car	885	362	1043	462	0
000048	1	motorbike	136	391	352	602	0
000048	2	motorbike	600	433	698	540	0
000048	6	motorbike	327	376	382	442	0
000048	7	motorbike	424	378	465	426	1
000048	8	motorbike	510	410	563	467	0
000048	9	car	1100	391	1198	467	0
000048	10	person	174	264	321	488	0
000048	11	person	581	312	675	465	0
000048	15	person	522	346	570	424	0
000048	16	car	894	362	1054	464	0
000049	1	motorbike	136	391	352	602	0
000049	2	motorbike	600	433	698	540	0
000049	6	motorbike	327	376	382	442	0
000049	7	motorbike	424	378	465	426	1
000049	8	motorbike	510	410	563	467	0
000049	9	car	1107	391	1205	467	0
000049	10	person	174	264	321	488	0
000049	11	person	581	312	675	465	0
000049	15	person	522	346	570	424	0
000049	16	car	903	362	1063	464	0
000050	1	motorbike	138	391	353	600	0
000050	2	motorbike	600	433	698	540	0
000050	6	motorbike	325	376	380	442	0
000050	7	motorbike	426	378	467	426	1
000050	8	motorbike	510	410	563	467	0
000050	9	car	1114	391	1212	467	0
000050	10	person	174	264	321	488	0
000050	11	person	581	312	677	465	0
000050	15	person	522	346	570	424	0
000050	16	car	912	362	1073	465	0
000051	1	motorbike	138	391	353	600	0
000051	2	motorbike	602	433	700	540	0
000051	6	motorbike	325	378	380	444	0
000051	7	motorbike	424	378	465	426	1
000051	8	motorbike	510	410	563	467	0
000051	9	car	1121	391	1219	467	0
000051	10	person	174	264	321	488	0
000051	11	person	581	311	677	464	0
000051	15	person	522	346	570	424	0
000051	16	car	919	362	1084	467	0
000052	1	motorbike	140	391	355	600	0
000052	2	motorbike	602	433	700	540	0
000052	6	motorbike	323	378	378	444	0
000052	7	motorbike	424	378	465	426	1
000052	8	motorbike	510	410	563	467	0
000052	9	car	1128	391	1226	467	0
000052	10	person	174	264	321	488	0
000052	11	person	583	311	679	464	0
000052	15	person	522	346	570	424	0
000052	16	car	928	362	1093	467	0
000053	1	motorbike	140	391	355	600	0
000053	2	motorbike	602	433	700	540	0
000053	6	motorbike	323	378	378	444	0
000053	7	motorbike	424	378	465	426	1
000053	8	motorbike	510	410	563	467	0
000053	9	car	1136	391	1233	467	0
000053	10	person	174	264	321	488	0
000053	11	person	583	311	679	464	0
000053	15	person	522	346	570	424	0
000053	16	car	936	362	1104	469	0
000054	1	motorbike	140	391	355	599	0
000054	2	motorbike	604	433	702	540	0
000054	6	motorbike	323	378	378	444	0
000054	7	motorbike	424	378	465	426	1
000054	8	motorbike	510	410	563	467	0
000054	9	car	1143	391	1240	467	0
000054	10	person	174	264	321	488	0
000054	11	person	584	311	680	464	0
000054	15	person	522	346	570	424	0
000054	16	car	944	362	1112	469	0
000055	1	motorbike	142	391	357	599	0
000055	2	motorbike	604	433	702	540	0
000055	6	motorbike	321	378	376	444	0
000055	7	motorbike	424	378	465	426	1
000055	8	motorbike	510	410	563	467	0
000055	9	car	1150	391	1248	467	0
000055	10	person	174	264	321	488	0
000055	11	person	584	311	680	464	0
000055	15	person	522	346	570	424	0
000055	16	car	952	362	1123	471	0
000056	1	motorbike	142	391	357	599	0
000056	2	motorbike	606	433	704	540	0
000056	6	motorbike	321	378	376	444	0
000056	7	motorbike	423	378	464	426	1
000056	8	motorbike	510	410	563	467	0
000056	9	car	1157	391	1255	467	0
000056	10	person	174	264	321	488	0
000056	11	person	586	311	682	464	0
000056	15	person	522	346	570	424	0
000056	16	car	961	362	1134	472	0
000057	1	motorbike	144	391	359	599	0
000057	2	motorbike	606	433	704	540	0
000057	6	motorbike	321	378	376	444	0
000057	7	motorbike	423	378	464	426	1
000057	8	motorbike	510	410	563	467	0
000057	9	car	1164	391	1262	467	0
000057	10	person	174	264	321	488	0
000057	11	person	588	311	684	464	0
000057	15	person	522	346	570	424	0
000057	16	car	970	362	1143	472	0
000058	1	motorbike	140	391	355	597	0
000058	2	motorbike	606	433	704	540	0
000058	6	motorbike	320	378	375	444	0
000058	7	motorbike	423	378	464	426	1
000058	8	motorbike	510	410	563	467	0
000058	9	car	1171	391	1269	467	0
000058	10	person	174	264	321	488	0
000058	11	person	588	311	684	464	0
000058	15	person	522	346	570	424	0
000058	16	car	977	362	1153	474	0
000059	1	motorbike	136	391	352	597	0
000059	2	motorbike	608	433	705	540	0
000059	6	motorbike	320	378	375	444	0
000059	7	motorbike	423	378	464	426	1
000059	8	motorbike	510	410	563	467	0
000059	9	car	1178	391	1276	467	0
000059	10	person	174	264	321	488	0
000059	11	person	590	311	686	464	0
000059	15	person	522	346	570	424	0
000059	16	car	986	362	1162	474	0
000060	1	motorbike	135	391	350	597	0
000060	2	motorbike	608	433	705	540	0
000060	6	motorbike	318	378	373	444	0
000060	7	motorbike	423	378	464	426	1
000060	8	motorbike	510	410	563	467	0
000060	9	car	1182	389	1276	465	0
000060	10	person	174	264	321	488	0
000060	11	person	590	311	686	464	0
000060	15	person	522	346	570	424	0
000060	16	car	995	362	1173	476	0
000061	1	motorbike	131	391	346	597	0
000061	2	motorbike	609	433	707	540	0
000061	6	motorbike	318	378	373	444	0
000061	7	motorbike	421	378	462	426	1
000061	8	motorbike	510	410	563	467	0
000061	9	car	1185	387	1276	464	0
000061	10	person	176	264	323	488	0
000061	11	person	592	311	688	464	0
000061	15	person	522	346	570	424	0
000061	16	car	1004	362	1184	478	0
000062	1	motorbike	128	391	343	597	0
000062	2	motorbike	609	433	707	540	0
000062	6	motorbike	318	378	373	444	0
000062	7	motorbike	421	378	462	426	1
000062	8	motorbike	510	410	563	467	0
000062	10	person	176	264	323	488	0
000062	11	person	592	311	688	464	0
000062	15	person	522	346	570	424	0
000062	16	car	1016	360	1200	476	0
000063	1	motorbike	126	391	341	597	0
000063	2	motorbike	609	433	707	540	0
000063	6	motorbike	316	378	371	444	0
000063	7	motorbike	421	378	462	426	1
000063	8	motorbike	510	410	563	467	0
000063	10	person	176	266	323	490	0
000063	11	person	593	311	689	464	0
000063	15	person	522	346	570	424	0
000063	16	car	1029	360	1216	476	0
000064	1	motorbike	122	391	337	597	0
000064	2	motorbike	611	433	709	540	0
000064	6	motorbike	316	378	371	444	0
000064	7	motorbike	421	378	462	426	1
000064	8	motorbike	510	410	563	467	0
000064	10	person	177	266	325	490	0
000064	11	person	595	311	691	464	0
000064	15	person	522	346	570	424	0
000064	16	car	1043	360	1232	474	0
000065	1	motorbike	120	391	334	597	0
000065	2	motorbike	611	433	709	540	0
000065	6	motorbike	314	378	369	444	0
000065	7	motorbike	421	378	462	426	1
000065	8	motorbike	510	410	563	467	0
000065	10	person	177	266	325	490	0
000065	11	person	595	311	691	464	0
000065	15	person	522	346	570	424	0
000065	16	car	1056	360	1248	474	0
000066	1	motorbike	117	391	332	595	0
000066	2	motorbike	611	433	709	540	0
000066	6	motorbike	314	378	369	444	0
000066	7	motorbike	419	378	460	426	1
000066	8	motorbike	510	410	563	467	0
000066	10	person	177	266	325	490	0
000066	11	person	597	311	693	464	0
000066	15	person	522	346	570	424	0
000067	1	motorbike	113	391	328	595	0
000067	2	motorbike	613	433	711	540	0
000067	6	motorbike	314	378	369	444	0
000067	7	motorbike	419	378	460	426	1
000067	8	motorbike	510	410	563	467	0
000067	10	person	179	266	327	490	0
000067	11	person	597	311	693	464	0
000067	15	person	522	346	570	424	0
000068	1	motorbike	112	391	327	595	0
000068	2	motorbike	613	433	711	540	0
000068	6	motorbike	312	378	368	444	0
000068	7	motorbike	419	378	460	426	1
000068	8	motorbike	510	410	563	467	0
000068	10	person	179	268	327	492	0
000068	11	person	599	311	695	464	0
000068	15	person	522	346	570	424	0
000069	1	motorbike	108	391	323	595	0
000069	2	motorbike	615	433	712	540	0
000069	6	motorbike	312	378	368	444	0
000069	7	motorbike	419	378	460	426	1
000069	8	motorbike	510	410	563	467	0
000069	10	person	179	268	327	492	0
000069	11	person	600	311	696	464	0
000069	15	person	522	346	570	424	0
000070	1	motorbike	106	391	320	595	0
000070	2	motorbike	615	433	712	540	0
000070	6	motorbike	312	378	368	444	0
000070	7	motorbike	419	378	460	426	1
000070	8	motorbike	510	410	563	467	0
000070	10	person	181	268	328	492	0
000070	11	person	600	311	696	464	0
000070	15	person	522	346	570	424	0
000071	1	motorbike	103	391	318	595	0
000071	2	motorbike	615	433	712	540	0
000071	6	motorbike	311	378	366	444	0
000071	7	motorbike	419	378	460	426	1
000071	8	motorbike	510	410	563	467	0
000071	10	person	181	268	328	492	0
000071	11	person	602	311	698	464	0
000071	15	person	522	346	570	424	0
000072	1	motorbike	99	391	314	595	0
000072	2	motorbike	616	433	714	540	0
000072	6	motorbike	311	378	366	444	0
000072	7	motorbike	417	378	458	426	1
000072	8	motorbike	510	410	563	467	0
000072	10	person	181	268	328	492	0
000072	11	person	602	311	698	464	0
000072	15	person	522	346	570	424	0
000073	1	motorbike	97	391	311	595	0
000073	2	motorbike	616	433	714	540	0
000073	6	motorbike	309	378	364	444	0
000073	7	motorbike	417	378	458	426	1
000073	8	motorbike	510	410	563	467	0
000073	10	person	183	270	330	494	0
000073	11	person	604	311	700	464	0
000073	15	person	522	346	570	424	0
000074	1	motorbike	94	391	309	595	0
000074	2	motorbike	618	433	716	540	0
000074	6	motorbike	309	378	364	444	0
000074	7	motorbike	417	378	458	426	1
000074	8	motorbike	510	410	563	467	0
000074	10	person	177	268	325	492	0
000074	11	person	604	311	700	464	0
000074	15	person	522	346	570	424	0
000075	1	motorbike	92	391	305	593	0
000075	2	motorbike	618	433	716	540	0
000075	6	motorbike	309	378	364	444	0
000075	7	motorbike	417	378	458	426	1
000075	8	motorbike	510	410	563	467	0
000075	10	person	174	268	321	492	0
000075	11	person	606	311	702	464	0
000075	15	person	522	346	570	424	0
000076	1	motorbike	88	391	304	593	0
000076	2	motorbike	618	433	716	540	0
000076	6	motorbike	307	378	362	444	0
000076	7	motorbike	417	378	458	426	1
000076	8	motorbike	510	410	563	467	0
000076	10	person	170	268	318	492	0
000076	11	person	608	309	704	462	0
000076	15	person	522	346	570	424	0
000077	1	motorbike	85	391	300	593	0
000077	2	motorbike	620	433	718	540	0
000077	6	motorbike	307	378	362	444	0
000077	7	motorbike	416	378	456	426	1
000077	8	motorbike	510	410	563	467	0
000077	10	person	165	266	312	490	0
000077	11	person	608	309	704	462	0
000077	15	person	522	346	570	424	0
000077	17	motorbike	384	364	435	424	0
000078	1	motorbike	83	391	296	593	0
000078	2	motorbike	620	433	718	540	0
000078	7	motorbike	416	378	456	426	1
000078	8	motorbike	510	410	563	467	0
000078	10	person	161	266	309	490	0
000078	11	person	609	309	705	462	0
000078	15	person	522	346	570	424	0
000078	17	motorbike	378	368	430	428	0
000079	1	motorbike	80	391	295	593	0
000079	2	motorbike	620	433	718	540	0
000079	7	motorbike	416	378	456	426	1
000079	8	motorbike	510	410	563	467	0
000079	10	person	158	266	305	490	0
000079	11	person	609	309	705	462	0
000079	15	person	522	346	570	424	0
000079	17	motorbike	373	371	424	432	0
000080	1	motorbike	78	391	291	593	0
000080	2	motorbike	622	433	720	540	0
000080	7	motorbike	416	378	456	426	1
000080	8	motorbike	510	410	563	467	0
000080	10	person	154	266	302	490	0
000080	11	person	611	309	707	462	0
000080	15	person	522	346	570	424	0
000080	17	motorbike	368	375	419	435	0
000081	1	motorbike	74	391	288	593	0
000081	2	motorbike	622	433	720	540	0
000081	7	motorbike	416	378	456	426	1
000081	8	motorbike	510	410	563	467	0
000081	10	person	149	264	296	488	0
000081	11	person	611	309	707	462	0
000081	15	person	522	346	570	424	0
000081	17	motorbike	362	378	414	439	0
000082	1	motorbike	71	391	286	593	0
000082	2	motorbike	624	433	721	540	0
000082	7	motorbike	414	378	455	426	1
000082	8	motorbike	510	410	563	467	0
000082	10	person	145	264	293	488	0
000082	11	person	613	309	709	462	0
000082	15	person	522	346	570	424	0
000082	17	motorbike	357	384	408	444	0
000083	1	motorbike	69	391	282	592	0
000083	2	motorbike	624	433	721	540	0
000083	7	motorbike	414	378	455	426	1
000083	8	motorbike	510	410	563	467	0
000083	10	person	142	264	289	488	0
000083	11	person	615	309	711	462	0
000083	15	person	522	346	570	424	0
000083	17	motorbike	352	382	403	442	0
000084	1	motorbike	65	391	280	592	0
000084	2	motorbike	624	433	721	540	0
000084	7	motorbike	414	378	455	426	1
000084	8	motorbike	510	410	563	467	0
000084	10	person	138	264	286	488	0
000084	11	person	615	309	711	462	0
000084	15	person	522	346	570	424	0
000084	17	motorbike	346	380	398	440	0
000085	1	motorbike	64	391	277	592	0
000085	2	motorbike	625	433	723	540	0
000085	7	motorbike	414	378	455	426	1
000085	8	motorbike	510	410	563	467	0
000085	10	person	133	263	280	487	0
000085	11	person	616	309	712	462	0
000085	15	person	522	346	570	424	0
000085	17	motorbike	341	380	392	440	0
000086	1	motorbike	60	391	273	592	0
000086	2	motorbike	625	433	723	540	0
000086	7	motorbike	414	378	455	426	1
000086	8	motorbike	510	410	563	467	0
000086	10	person	129	263	277	487	0
000086	11	person	616	309	712	462	0
000086	15	person	522	346	570	424	0
000086	17	motorbike	334	378	385	439	0
000087	1	motorbike	56	391	272	592	0
000087	2	motorbike	627	433	725	540	0
000087	7	motorbike	412	378	453	426	1
000087	8	motorbike	510	410	563	467	0
000087	10	person	126	263	273	487	0
000087	11	person	618	309	714	462	0
000087	15	person	522	346	570	424	0
000087	17	motorbike	327	376	378	437	0
000088	1	motorbike	55	391	268	592	0
000088	2	motorbike	627	433	725	540	0
000088	7	motorbike	412	378	453	426	1
000088	8	motorbike	510	410	563	467	0
000088	10	person	122	263	270	487	0
000088	11	person	620	309	716	462	0
000088	15	person	522	346	570	424	0
000088	17	motorbike	321	375	373	435	0
000089	1	motorbike	51	391	264	592	0
000089	2	motorbike	627	433	725	540	0
000089	7	motorbike	412	378	453	426	1
000089	8	motorbike	510	410	563	467	0
000089	10	person	117	261	264	485	0
000089	11	person	620	309	716	462	0
000089	15	person	522	346	570	424	0
000089	17	motorbike	312	373	366	435	0
000090	1	motorbike	49	391	263	592	0
000090	2	motorbike	629	433	727	540	0
000090	7	motorbike	412	378	453	426	1
000090	8	motorbike	510	410	563	467	0
000090	10	person	113	261	261	485	0
000090	11	person	622	309	718	462	0
000090	15	person	522	346	570	424	0
000090	17	motorbike	304	373	359	435	0
000091	1	motorbike	46	391	259	592	0
000091	2	motorbike	629	433	727	540	0
000091	7	motorbike	412	378	453	426	1
000091	8	motorbike	510	410	563	467	0
000091	10	person	110	261	257	485	0
000091	11	person	622	309	718	462	0
000091	15	person	522	346	570	424	0
000091	17	motorbike	295	371	352	435	0
000092	1	motorbike	42	391	257	590	0
000092	2	motorbike	629	433	727	540	0
000092	7	motorbike	412	380	453	428	1
000092	8	motorbike	510	410	563	467	0
000092	10	person	106	261	254	485	0
000092	11	person	624	309	720	462	0
000092	15	person	522	346	570	424	0
000092	17	motorbike	288	371	344	435	0
000093	1	motorbike	40	391	254	590	0
000093	2	motorbike	631	433	728	540	0
000093	7	motorbike	408	382	449	430	1
000093	8	motorbike	510	410	563	467	0
000093	10	person	101	259	248	483	0
000093	11	person	624	309	720	462	0
000093	15	person	522	346	570	424	0
000093	17	motorbike	279	369	337	435	0
000094	1	motorbike	37	391	250	590	0
000094	2	motorbike	631	433	728	540	0
000094	7	motorbike	405	384	446	432	1
000094	8	motorbike	510	410	563	467	0
000094	10	person	97	259	245	483	0
000094	11	person	625	309	721	462	0
000094	15	person	522	346	570	424	0
000094	17	motorbike	270	369	330	435	0
000095	1	motorbike	35	391	248	590	0
000095	2	motorbike	632	433	730	540	0
000095	7	motorbike	401	387	442	435	1
000095	8	motorbike	510	410	563	467	0
000095	10	person	94	259	241	483	0
000095	11	person	627	309	723	462	0
000095	15	person	522	346	570	424	0
000095	17	motorbike	261	368	323	435	0
000096	1	motorbike	32	391	245	590	0
000096	2	motorbike	632	433	730	540	0
000096	7	motorbike	398	389	439	437	1
000096	8	motorbike	510	410	563	467	0
000096	10	person	90	259	238	483	0
000096	11	person	627	309	723	462	0
000096	15	person	522	346	570	424	0
000096	17	motorbike	254	368	316	435	0
000097	1	motorbike	28	391	241	590	0
000097	2	motorbike	632	433	730	540	0
000097	7	motorbike	394	391	435	439	1
000097	8	motorbike	510	410	563	467	0
000097	10	person	85	257	232	481	0
000097	11	person	629	309	725	462	0
000097	15	person	522	346	570	424	0
000097	17	motorbike	245	366	309	435	0
000098	1	motorbike	26	391	240	590	0
000098	2	motorbike	634	433	732	540	0
000098	7	motorbike	391	394	432	442	1
000098	8	motorbike	510	410	563	467	0
000098	10	person	81	257	229	481	0
000098	11	person	629	309	725	462	0
000098	15	person	522	346	570	424	0
000098	17	motorbike	236	366	302	435	0
000099	1	motorbike	23	391	236	590	0
000099	2	motorbike	634	433	732	540	0
000099	7	motorbike	387	396	428	444	1
000099	8	motorbike	510	410	563	467	0
000099	10	person	78	257	225	481	0
000099	11	person	631	309	727	462	0
000099	15	person	522	346	570	424	0
000099	17	motorbike	227	364	295	435	0
000100	1	motorbike	21	392	234	590	0
000100	2	motorbike	636	435	734	542	0
000100	7	motorbike	385	400	426	448	1
000100	8	motorbike	510	410	563	467	0
000100	10	person	74	257	222	481	0
000100	11	person	632	309	728	462	0
000100	15	person	522	346	570	424	0
000100	17	motorbike	220	364	288	435	0
