000001	1	car	650	415	781	475	1
000001	2	car	81	416	302	517	0
000001	3	car	300	409	405	495	0
000001	4	car	387	423	471	479	0
000001	5	car	452	421	512	470	0
000001	6	car	553	415	599	442	0
000002	1	car	650	414	780	475	1
000002	2	car	72	416	293	524	0
000002	3	car	291	410	399	496	0
000002	4	car	382	423	466	479	0
000002	5	car	449	422	509	471	0
000002	6	car	553	415	598	443	0
000003	1	car	650	413	780	475	1
000003	2	car	63	416	284	531	0
000003	3	car	283	412	394	498	0
000003	4	car	378	424	462	480	0
000003	5	car	446	424	506	473	0
000003	6	car	553	415	598	444	0
000004	1	car	650	413	780	475	1
000004	2	car	55	416	276	538	0
000004	3	car	275	414	388	500	0
000004	4	car	374	424	458	480	0
000004	5	car	443	426	503	475	0
000004	6	car	553	415	598	446	0
000005	1	car	650	412	780	475	1
000005	2	car	46	416	267	545	0
000005	3	car	267	416	383	501	0
000005	4	car	369	425	453	481	0
000005	5	car	440	428	500	477	0
000005	6	car	553	415	598	447	0
000006	1	car	650	412	780	475	1
000006	2	car	38	416	258	553	0
000006	3	car	259	417	377	503	0
000006	4	car	365	425	449	481	0
000006	5	car	437	429	497	478	0
000006	6	car	553	415	598	449	0
000006	8	person	1119	289	1271	543	1
000007	1	car	650	411	780	475	1
000007	2	car	29	416	250	560	0
000007	3	car	251	419	372	505	0
000007	4	car	361	426	445	482	0
000007	5	car	434	431	494	480	0
000007	6	car	553	415	598	450	0
000007	8	person	1107	291	1255	539	1
000008	1	car	650	410	780	475	1
000008	2	car	21	416	241	567	0
000008	3	car	243	421	366	506	0
000008	4	car	356	426	440	482	0
000008	5	car	431	433	491	482	0
000008	6	car	553	415	598	452	0
000008	8	person	1096	294	1239	536	1
000009	1	car	650	410	780	475	1
000009	2	car	12	416	232	574	0
000009	3	car	235	423	361	508	0
000009	4	car	352	427	436	483	0
000009	5	car	428	435	488	484	0
000009	6	car	553	415	598	453	0
000009	8	person	1084	296	1224	532	1
000010	1	car	650	409	780	475	1
000010	3	car	227	425	356	510	0
000010	4	car	348	428	432	484	0
000010	5	car	425	437	485	486	0
000010	6	car	553	415	598	455	0
000010	7	motorbike	1051	456	1247	644	1
000010	8	person	1073	299	1208	529	1
000011	1	car	650	409	780	475	1
000011	3	car	209	423	346	514	0
000011	4	car	340	426	428	487	0
000011	5	car	421	433	483	486	0
000011	6	car	552	414	596	454	0
000011	7	motorbike	1041	453	1226	639	1
000011	8	person	1061	301	1192	525	1
000012	1	car	650	408	780	475	1
000012	3	car	191	422	337	519	0
000012	4	car	332	424	424	491	0
000012	5	car	417	430	481	486	0
000012	6	car	551	413	595	453	0
000012	7	motorbike	1031	451	1205	634	1
000012	8	person	1050	304	1177	522	1
000013	1	car	650	408	780	475	1
000013	3	car	173	421	328	524	0
000013	4	car	325	422	420	495	0
000013	5	car	413	427	480	486	0
000013	6	car	550	412	593	452	0
000013	7	motorbike	1021	448	1184	630	1
000013	8	person	1038	306	1161	518	1
000014	1	car	650	407	780	475	1
000014	3	car	155	420	319	528	0
000014	4	car	317	420	416	498	0
000014	5	car	410	424	478	486	0
000014	6	car	549	412	592	451	0
000014	7	motorbike	1011	446	1164	625	1
000014	8	person	1027	309	1145	515	1
000015	1	car	650	406	780	475	1
000015	3	car	137	419	310	533	0
000015	4	car	310	419	412	502	0
000015	5	car	406	421	477	487	0
000015	6	car	548	411	590	451	0
000015	7	motorbike	1001	443	1143	621	1
000015	8	person	1015	311	1130	511	1
000016	1	car	650	406	780	475	1
000016	3	car	119	418	301	538	0
000016	4	car	302	417	408	506	0
000016	5	car	402	418	475	487	0
000016	6	car	547	410	589	450	0
000016	7	motorbike	991	441	1122	616	1
000016	8	person	1004	314	1114	508	1
000017	1	car	650	405	780	475	1
000017	3	car	101	417	292	542	0
000017	4	car	294	415	404	509	0
000017	5	car	399	415	473	487	0
000017	6	car	546	410	587	449	0
000017	7	motorbike	981	439	1102	612	1
000017	8	person	993	317	1099	505	1
000018	1	car	650	405	780	475	1
000018	3	car	83	416	283	547	0
000018	4	car	287	413	400	513	0
000018	5	car	395	412	472	487	0
000018	6	car	545	409	586	448	0
000018	7	motorbike	974	433	1091	610	1
000018	8	person	986	318	1085	506	1
000019	1	car	650	404	780	475	1
000019	3	car	65	415	274	552	0
000019	4	car	279	411	396	517	0
000019	5	car	391	409	470	487	0
000019	6	car	544	408	584	447	0
000019	7	motorbike	968	428	1081	608	1
000019	8	person	979	319	1071	507	1
000020	1	car	650	404	780	475	1
000020	4	car	272	410	392	521	0
000020	5	car	388	406	469	488	0
000020	6	car	544	408	583	447	0
000020	7	motorbike	961	423	1070	606	1
000020	8	person	972	320	1057	508	1
000021	1	car	650	403	780	475	1
000021	4	car	255	409	383	522	0
000021	5	car	379	405	464	487	0
000021	6	car	543	407	582	446	0
000021	7	motorbike	955	418	1060	605	1
000021	8	person	965	322	1043	509	1
000022	1	car	651	403	781	475	1
000022	4	car	238	408	374	524	0
000022	5	car	371	405	459	487	0
000022	6	car	543	406	582	445	0
000022	7	motorbike	949	418	1054	599	1
000022	8	person	959	323	1037	505	1
000023	1	car	652	403	782	476	1
000023	4	car	221	407	365	525	0
000023	5	car	363	405	455	486	0
000023	6	car	543	405	582	444	0
000023	7	motorbike	944	418	1049	593	1
000023	8	person	954	325	1032	502	1
000024	1	car	653	403	783	476	1
000024	4	car	204	407	357	527	0
000024	5	car	355	404	450	486	0
000024	6	car	542	404	581	443	0
000024	7	motorbike	939	418	1044	587	1
000024	8	person	949	327	1027	499	1
000025	1	car	654	402	783	476	1
000025	4	car	187	406	348	529	0
000025	5	car	346	404	446	486	0
000025	6	car	542	403	581	442	0
000025	7	motorbike	934	418	1038	581	1
000025	8	person	944	329	1022	495	1
000026	1	car	654	402	784	477	1
000026	4	car	170	405	339	530	0
000026	5	car	338	404	441	485	0
000026	6	car	542	402	581	441	0
000026	7	motorbike	928	418	1033	575	1
000026	8	person	939	330	1017	492	1
000027	1	car	655	402	785	477	1
000027	4	car	153	405	331	532	0
000027	5	car	330	403	437	485	0
000027	6	car	541	401	580	440	0
000027	7	motorbike	923	418	1028	569	1
000027	8	person	934	332	1011	489	1
000028	1	car	656	402	786	477	1
000028	4	car	136	404	322	533	0
000028	5	car	322	403	432	484	0
000028	6	car	541	400	580	439	0
000028	7	motorbike	918	418	1022	563	1
000028	8	person	929	334	1006	485	1
000029	1	car	657	402	787	478	1
000029	4	car	119	403	313	535	0
000029	5	car	313	403	428	484	0
000029	6	car	541	399	580	438	0
000029	7	motorbike	913	418	1017	557	1
000029	8	person	924	336	1001	482	1
000030	1	car	658	401	787	478	1
000030	4	car	102	403	305	537	0
000030	5	car	305	402	423	484	0
000030	6	car	540	398	579	437	0
000030	7	motorbike	907	418	1012	551	1
000030	8	person	919	337	996	479	1
000031	1	car	658	401	788	478	1
000031	4	car	85	402	296	538	0
000031	5	car	297	402	419	483	0
000031	6	car	540	397	579	436	0
000031	7	motorbike	902	418	1006	545	1
000031	8	person	914	339	991	476	1
000032	1	car	659	401	789	479	1
000032	4	car	68	401	287	540	0
000032	5	car	289	402	414	483	0
000032	6	car	540	396	579	435	0
000032	7	motorbike	897	418	1001	539	1
000032	8	person	909	341	986	472	1
000033	1	car	660	401	790	479	1
000033	5	car	281	402	410	483	0
000033	6	car	540	395	579	434	0
000033	7	motorbike	892	419	996	534	1
000033	8	person	904	343	980	469	1
000034	1	car	661	400	790	479	1
000034	5	car	265	401	401	488	0
000034	6	car	539	396	580	434	0
000034	7	motorbike	889	417	989	533	1
000034	8	person	899	344	975	466	1
000035	1	car	662	400	791	480	1
000035	5	car	250	400	393	493	0
000035	6	car	538	397	581	435	0
000035	7	motorbike	886	416	983	532	1
000035	8	person	894	346	970	462	1
000036	1	car	663	400	792	480	1
000036	5	car	235	399	385	498	0
000036	6	car	537	398	582	436	0
000036	7	motorbike	883	415	977	531	1
000036	8	person	889	348	965	459	1
000037	1	car	663	400	793	480	1
000037	5	car	219	398	377	503	0
000037	6	car	536	399	583	437	0
000037	7	motorbike	880	414	971	530	1
000037	8	person	884	350	960	456	1
000038	1	car	664	400	794	481	1
000038	5	car	204	397	369	508	0
000038	6	car	535	400	584	438	0
000038	7	motorbike	878	413	965	530	1
000038	8	person	879	352	955	453	1
000039	1	car	665	399	794	481	1
000039	5	car	189	396	361	513	0
000039	6	car	534	401	585	439	0
000039	7	motorbike	878	414	962	529	1
000039	8	person	880	352	953	453	1
000040	1	car	666	399	795	481	1
000040	5	car	174	395	353	518	0
000040	6	car	533	402	586	440	0
000040	7	motorbike	879	415	959	529	1
000040	8	person	882	352	952	453	1
000041	1	car	667	399	796	482	1
000041	5	car	158	394	345	523	0
000041	6	car	532	403	587	441	0
000041	7	motorbike	880	416	957	528	1
000041	8	person	883	353	951	453	1
000042	1	car	667	399	797	482	1
000042	5	car	143	393	337	528	0
000042	6	car	531	404	588	442	0
000042	7	motorbike	881	417	954	528	1
000042	8	person	885	353	950	454	1
000043	1	car	668	398	797	482	1
000043	5	car	128	392	329	533	0
000043	6	car	530	405	589	443	0
000043	7	motorbike	881	418	951	528	1
000043	8	person	887	353	949	454	1
000044	1	car	669	398	798	483	1
000044	5	car	112	391	321	538	0
000044	6	car	529	406	590	444	0
000044	7	motorbike	882	419	949	527	1
000044	8	person	888	354	948	454	1
000045	1	car	670	398	799	483	1
000045	5	car	97	390	313	543	0
000045	6	car	528	407	591	445	0
000045	7	motorbike	883	420	946	527	1
000045	8	person	890	354	947	454	1
000046	1	car	671	398	800	483	1
000046	5	car	82	389	305	548	0
000046	6	car	527	408	592	446	0
000046	7	motorbike	884	422	944	527	1
000046	8	person	892	355	946	455	1
000047	1	car	672	398	801	484	1
000047	5	car	67	388	297	554	0
000047	6	car	526	409	593	447	0
000047	7	motorbike	887	422	947	524	1
000047	8	person	895	356	949	455	1
000048	1	car	679	399	808	485	1
000048	5	car	60	390	290	556	0
000048	6	car	526	409	592	448	0
000048	7	motorbike	891	422	950	521	1
000048	8	person	898	357	952	455	1
000049	1	car	687	401	816	487	1
000049	5	car	53	392	283	558	0
000049	6	car	526	409	592	449	0
000049	7	motorbike	895	423	953	518	1
000049	8	person	901	358	955	455	1
000050	1	car	694	403	823	489	1
000050	5	car	46	394	276	560	0
000050	6	car	526	409	592	450	0
000050	7	motorbike	898	423	956	515	1
000050	8	person	904	359	958	455	1
000051	1	car	702	405	831	491	1
000051	5	car	39	397	269	563	0
000051	6	car	526	409	592	452	0
000051	7	motorbike	902	423	959	512	1
000051	8	person	908	361	961	455	1
000052	1	car	710	406	839	492	1
000052	5	car	32	399	262	565	0
000052	6	car	526	409	592	453	0
000052	7	motorbike	906	424	962	509	1
000052	8	person	911	362	964	455	1
000053	1	car	717	408	846	494	1
000053	5	car	25	401	255	567	0
000053	6	car	526	409	592	454	0
000053	7	motorbike	909	424	965	506	1
000053	8	person	914	363	967	455	1
000054	1	car	725	410	854	496	1
000054	5	car	18	403	248	569	0
000054	6	car	526	409	592	455	0
000054	7	motorbike	913	424	968	503	1
000054	8	person	917	364	970	455	1
000055	1	car	733	412	862	498	1
000055	6	car	526	409	592	457	0
000055	7	motorbike	917	425	972	501	1
000055	8	person	921	366	973	456	1
000056	1	car	738	411	873	496	1
000056	6	car	526	409	592	458	0
000056	7	motorbike	921	423	976	502	1
000056	8	person	924	367	976	456	1
000057	1	car	743	410	885	495	1
000057	6	car	526	409	592	459	0
000057	7	motorbike	925	422	980	504	1
000057	8	person	927	368	980	456	1
000058	1	car	749	409	896	494	1
000058	6	car	526	409	592	460	0
000058	7	motorbike	929	420	984	505	1
000058	8	person	930	369	983	456	1
000059	1	car	754	408	908	493	1
000059	6	car	526	409	592	462	0
000059	7	motorbike	933	419	988	507	1
000059	8	person	934	371	987	456	1
000060	1	car	760	407	919	492	1
000060	6	car	526	409	592	463	0
000060	7	motorbike	939	421	994	508	1
000060	8	person	940	371	993	456	1
000061	1	car	765	406	931	491	1
000061	6	car	526	409	592	464	0
000061	7	motorbike	946	424	1001	510	1
000061	8	person	946	371	999	456	1
000062	1	car	771	405	942	490	1
000062	6	car	526	409	592	465	0
000062	7	motorbike	953	427	1008	511	1
000062	8	person	953	371	1006	456	1
000063	1	car	776	404	954	489	1
000063	6	car	526	409	592	467	0
000063	7	motorbike	960	430	1015	513	1
000063	8	person	960	372	1013	457	1
000064	1	car	782	403	965	488	1
000064	6	car	526	409	592	468	0
000064	7	motorbike	967	433	1022	514	1
000064	8	person	968	374	1021	459	1
000065	1	car	787	402	977	487	1
000065	6	car	526	409	592	469	0
000065	7	motorbike	974	436	1029	516	1
000065	8	person	975	375	1028	460	1
000066	1	car	793	401	989	486	1
000066	6	car	526	409	592	471	0
000066	7	motorbike	981	439	1036	518	1
000066	8	person	983	377	1036	462	1
000067	1	car	804	399	1000	492	1
000067	6	car	524	408	591	470	0
000067	7	motorbike	991	431	1046	515	1
000067	8	person	990	371	1043	456	1
000068	1	car	815	398	1011	499	1
000068	6	car	523	407	591	470	0
000068	7	motorbike	1001	423	1056	512	1
000068	8	person	998	366	1051	451	1
000069	1	car	827	397	1022	506	1
000069	6	car	522	407	591	470	0
000069	7	motorbike	1011	415	1066	509	1
000069	8	person	1005	360	1058	445	1
000070	1	car	838	396	1034	512	1
000070	6	car	521	406	591	470	0
000070	7	motorbike	1022	407	1077	506	1
000071	1	car	849	395	1045	519	1
000071	6	car	520	406	591	470	0
000071	7	motorbike	1033	404	1088	508	1
000072	1	car	861	394	1056	526	1
000072	6	car	519	405	591	470	0
000072	7	motorbike	1044	401	1099	510	1
000073	1	car	872	392	1067	532	1
000073	6	car	518	405	591	470	0
000073	7	motorbike	1055	398	1111	512	1
000074	1	car	883	391	1079	539	1
000074	6	car	516	404	591	470	0
000074	7	motorbike	1067	395	1122	514	1
000075	1	car	895	390	1090	546	1
000075	6	car	515	403	591	470	0
000075	7	motorbike	1078	392	1133	516	1
000076	1	car	906	389	1101	552	1
000076	6	car	514	403	591	470	0
000076	7	motorbike	1089	389	1145	518	1
000077	1	car	917	388	1112	559	1
000077	6	car	513	402	591	470	0
000077	7	motorbike	1100	386	1156	520	1
000078	1	car	929	387	1124	566	1
000078	6	car	512	402	591	470	0
000079	1	car	946	385	1141	564	1
000079	6	car	511	401	591	470	0
000080	1	car	963	383	1158	562	1
000080	6	car	510	401	591	470	0
000081	1	car	981	381	1175	560	1
000081	6	car	508	400	591	470	0
000082	1	car	998	379	1192	558	1
000082	6	car	507	399	591	470	0
000083	1	car	1015	378	1210	557	1
000083	6	car	506	399	591	470	0
000084	1	car	1033	376	1227	555	1
000084	6	car	505	398	591	470	0
000085	1	car	1050	374	1244	553	1
000085	6	car	504	398	591	470	0
000086	1	car	1067	372	1261	551	1
000086	6	car	503	397	591	470	0
000087	6	car	502	397	591	470	0
000088	6	car	500	396	589	469	0
000089	6	car	499	395	588	468	0
000090	6	car	497	394	586	467	0
000091	6	car	496	393	585	466	0
000092	6	car	495	392	584	465	0
000093	6	car	493	391	582	464	0
000094	6	car	492	390	581	463	0
000095	6	car	491	390	580	463	0
000096	6	car	483	390	580	462	0
000097	6	car	476	390	580	462	0
000098	6	car	469	390	580	462	0
000099	6	car	462	390	580	462	0
000100	6	car	455	390	580	462	0
