000001	1	person	713	124	781	277	0
000001	2	motorbike	701	249	785	353	0
000001	3	motorbike	791	155	826	223	0
000001	4	car	411	122	611	289	0
000001	5	car	364	121	436	194	0
000001	6	motorbike	636	138	663	203	1
000001	7	motorbike	823	165	859	211	0
000002	1	person	716	122	785	275	0
000002	2	motorbike	704	248	788	352	0
000002	3	motorbike	793	153	828	221	0
000002	4	car	411	116	614	288	0
000002	5	car	365	118	437	191	0
000002	6	motorbike	639	136	666	201	1
000002	7	motorbike	826	164	864	210	0
000003	1	person	719	120	790	273	0
000003	2	motorbike	707	248	791	352	0
000003	3	motorbike	795	152	830	220	0
000003	4	car	411	110	618	288	0
000003	5	car	367	116	439	189	0
000003	6	motorbike	642	134	669	199	1
000003	7	motorbike	830	163	870	209	0
000004	1	person	722	118	795	271	0
000004	2	motorbike	711	248	795	352	0
000004	3	motorbike	797	151	832	219	0
000004	4	car	411	104	621	288	0
000004	5	car	368	113	440	186	0
000004	6	motorbike	646	132	673	197	1
000004	7	motorbike	834	163	876	208	0
000005	1	person	725	116	800	269	0
000005	2	motorbike	714	247	798	351	0
000005	3	motorbike	799	150	834	218	0
000005	4	car	411	98	625	288	0
000005	5	car	370	111	442	184	0
000005	6	motorbike	649	130	676	195	1
000005	7	motorbike	837	162	881	207	0
000006	1	person	728	114	805	267	0
000006	2	motorbike	717	247	801	351	0
000006	3	motorbike	801	149	836	217	0
000006	4	car	411	92	628	288	0
000006	5	car	371	108	443	181	0
000006	6	motorbike	652	128	679	193	1
000006	7	motorbike	841	161	887	206	0
000007	1	person	732	113	810	265	0
000007	2	motorbike	721	247	805	351	0
000007	4	car	411	87	632	288	0
000007	6	motorbike	656	127	683	192	1
000007	7	motorbike	845	161	893	206	0
000008	1	person	734	113	814	265	0
000008	2	motorbike	724	245	808	352	0
000008	4	car	409	87	632	289	0
000008	6	motorbike	658	127	685	192	1
000008	7	motorbike	849	161	900	208	0
000009	1	person	736	114	818	265	0
000009	2	motorbike	727	244	811	353	0
000009	4	car	408	87	632	290	0
000009	6	motorbike	660	127	687	192	1
000009	7	motorbike	854	162	907	211	0
000010	1	person	738	114	822	266	0
000010	2	motorbike	730	243	814	355	0
000010	4	car	407	87	632	291	0
000010	6	motorbike	662	127	689	192	1
000010	7	motorbike	859	162	914	213	0
000011	1	person	741	115	827	266	0
000011	2	motorbike	733	241	817	356	0
000011	4	car	405	87	633	293	0
000011	6	motorbike	664	128	691	193	1
000011	7	motorbike	864	163	921	216	0
000012	1	person	743	115	831	267	0
000012	2	motorbike	736	240	820	358	0
000012	4	car	404	88	633	294	0
000012	6	motorbike	666	128	693	193	1
000012	7	motorbike	869	163	928	218	0
000013	1	person	745	116	835	267	0
000013	2	motorbike	739	239	823	359	0
000013	4	car	403	88	633	295	0
000013	6	motorbike	668	128	695	193	1
000013	7	motorbike	874	164	935	221	0
000014	1	person	748	117	840	268	0
000014	2	motorbike	743	238	826	361	0
000014	4	car	401	88	633	296	0
000014	6	motorbike	671	129	698	194	1
000014	7	motorbike	879	165	943	224	0
000015	1	person	750	115	842	266	0
000015	2	motorbike	745	239	828	362	0
000015	4	car	400	88	634	298	0
000015	6	motorbike	671	127	698	192	1
000015	7	motorbike	883	166	947	225	0
000016	1	person	752	114	844	265	0
000016	2	motorbike	748	240	831	363	0
000016	4	car	399	88	634	299	0
000016	6	motorbike	672	125	699	190	1
000016	7	motorbike	887	167	951	226	0
000017	1	person	755	113	847	264	0
000017	2	motorbike	750	241	833	364	0
000017	4	car	398	89	634	300	0
000017	6	motorbike	672	123	699	188	1
000017	7	motorbike	892	168	956	227	0
000018	1	person	757	111	849	262	0
000018	2	motorbike	753	242	836	365	0
000018	4	car	396	89	634	301	0
000018	6	motorbike	673	121	700	186	1
000018	7	motorbike	896	169	960	228	0
000019	1	person	759	110	851	261	0
000019	2	motorbike	755	243	838	366	0
000019	4	car	395	89	635	303	0
000019	6	motorbike	673	119	700	184	1
000019	7	motorbike	900	170	964	229	0
000020	1	person	762	109	854	260	0
000020	2	motorbike	758	244	841	367	0
000020	4	car	394	89	635	304	0
000020	6	motorbike	674	117	701	182	1
000020	7	motorbike	905	172	969	231	0
000021	1	person	762	114	854	265	0
000021	2	motorbike	758	244	845	366	0
000021	4	car	392	89	635	305	0
000021	6	motorbike	674	115	701	180	1
000021	7	motorbike	911	171	976	231	0
000022	1	person	763	119	855	270	0
000022	2	motorbike	758	244	849	366	0
000022	4	car	391	90	635	306	0
000022	6	motorbike	675	113	702	178	1
000022	7	motorbike	917	170	984	232	0
000023	1	person	763	124	855	275	0
000023	2	motorbike	758	244	853	366	0
000023	4	car	390	90	636	308	0
000023	6	motorbike	675	111	702	176	1
000023	7	motorbike	923	169	992	232	0
000024	1	person	764	129	856	280	0
000024	2	motorbike	758	244	858	366	0
000024	4	car	388	90	636	309	0
000024	6	motorbike	676	109	703	174	1
000024	7	motorbike	929	168	1000	233	0
000025	1	person	764	134	856	285	0
000025	2	motorbike	758	244	862	366	0
000025	4	car	387	90	636	310	0
000025	6	motorbike	673	115	700	180	1
000025	7	motorbike	935	167	1008	233	0
000026	1	person	765	139	857	290	0
000026	2	motorbike	758	244	866	366	0
000026	4	car	386	90	636	311	0
000026	6	motorbike	671	121	698	186	1
000026	7	motorbike	941	166	1016	234	0
000027	1	person	765	144	857	295	0
000027	2	motorbike	758	244	871	366	0
000027	4	car	385	91	637	313	0
000027	6	motorbike	669	128	696	193	1
000027	7	motorbike	947	166	1024	235	0
000028	1	person	766	149	858	300	0
000028	2	motorbike	759	255	872	377	0
000028	4	car	382	105	634	327	0
000028	6	motorbike	665	140	692	205	1
000028	7	motorbike	952	177	1029	246	0
000029	1	person	766	154	858	305	0
000029	2	motorbike	760	267	873	389	0
000029	4	car	380	119	632	341	0
000029	6	motorbike	661	152	688	217	1
000029	7	motorbike	957	188	1034	257	0
000030	1	person	767	159	859	310	0
000030	2	motorbike	761	278	874	400	0
000030	4	car	378	134	630	356	0
000030	6	motorbike	657	164	684	229	1
000030	7	motorbike	962	199	1039	268	0
000031	1	person	767	164	859	315	0
000031	2	motorbike	762	290	875	412	0
000031	4	car	376	148	628	370	0
000031	6	motorbike	653	176	680	241	1
000031	7	motorbike	967	210	1044	279	0
000032	1	person	768	169	860	320	0
000032	2	motorbike	763	302	876	424	0
000032	4	car	374	163	626	385	0
000032	6	motorbike	650	188	677	253	1
000032	7	motorbike	973	222	1050	291	0
000032	8	car	705	195	772	260	1
000033	1	person	767	171	859	322	0
000033	2	motorbike	763	306	876	428	0
000033	4	car	367	167	626	389	0
000033	6	motorbike	647	185	674	250	1
000033	7	motorbike	981	221	1062	297	0
000033	8	car	703	192	772	258	1
000034	1	person	766	174	858	325	0
000034	2	motorbike	763	311	876	433	0
000034	4	car	361	171	626	393	0
000034	6	motorbike	645	182	671	247	1
000034	7	motorbike	989	220	1075	304	0
000034	8	car	702	190	772	256	1
000035	1	person	766	177	858	328	0
000035	2	motorbike	763	315	876	437	0
000035	4	car	354	175	626	397	0
000035	6	motorbike	643	180	668	244	1
000035	7	motorbike	997	220	1087	311	0
000035	8	car	700	188	772	254	1
000036	1	person	765	179	857	330	0
000036	2	motorbike	763	320	876	442	0
000036	4	car	348	179	626	401	0
000036	6	motorbike	640	177	666	242	1
000036	7	motorbike	1005	219	1100	317	0
000036	8	car	699	186	773	252	1
000037	1	person	764	182	856	333	0
000037	2	motorbike	763	324	876	446	0
000037	4	car	341	183	626	405	0
000037	6	motorbike	638	175	663	239	1
000037	7	motorbike	1013	218	1112	324	0
000037	8	car	697	184	773	250	1
000038	1	person	764	185	856	336	0
000038	2	motorbike	763	329	876	451	0
000038	4	car	335	188	626	409	0
000038	6	motorbike	636	172	660	236	1
000038	7	motorbike	1022	218	1125	331	0
000038	8	car	696	182	773	248	1
000039	1	person	764	165	855	325	0
000039	2	motorbike	762	313	875	435	0
000039	4	car	331	167	621	406	0
000039	6	motorbike	634	170	658	234	1
000039	7	motorbike	1037	205	1140	318	0
000039	8	car	695	180	774	246	1
000040	1	person	764	145	855	315	0
000040	2	motorbike	762	297	875	419	0
000040	4	car	327	147	617	403	0
000040	6	motorbike	634	176	658	240	1
000040	7	motorbike	1053	192	1156	305	0
000040	8	car	693	184	773	251	1
000041	1	person	764	126	855	305	0
000041	2	motorbike	762	282	875	404	0
000041	4	car	323	127	613	401	0
000041	6	motorbike	635	182	658	246	1
000041	8	car	692	189	773	256	1
000042	1	person	764	127	855	306	0
000042	2	motorbike	763	284	876	406	0
000042	4	car	320	129	610	403	0
000042	6	motorbike	635	188	658	252	1
000042	8	car	690	193	772	261	1
000043	1	person	765	128	856	307	0
000043	2	motorbike	764	287	877	409	0
000043	4	car	318	131	608	405	0
000043	6	motorbike	636	194	659	258	1
000043	8	car	689	198	772	266	1
000044	1	person	766	129	857	308	0
000044	2	motorbike	765	290	878	412	0
000044	4	car	316	133	606	407	0
000044	6	motorbike	634	193	657	257	1
000044	8	car	687	195	771	265	1
000045	1	person	767	131	858	310	0
000045	2	motorbike	767	293	880	415	0
000045	4	car	314	136	604	410	0
000045	6	motorbike	632	193	655	257	1
000045	8	car	685	193	771	265	1
000046	1	person	768	132	859	311	0
000046	2	motorbike	768	296	881	418	0
000046	4	car	312	138	602	412	0
000046	6	motorbike	630	192	653	256	1
000046	8	car	683	190	771	264	1
000047	1	person	769	133	860	312	0
000047	2	motorbike	769	299	882	421	0
000047	4	car	310	140	600	414	0
000047	6	motorbike	628	192	651	256	1
000047	8	car	682	188	770	264	1
000048	1	person	770	134	861	313	0
000048	2	motorbike	770	302	883	424	0
000048	4	car	307	142	597	416	0
000048	6	motorbike	626	191	649	255	1
000048	8	car	680	185	770	264	1
000049	1	person	771	136	862	315	0
000049	2	motorbike	772	305	885	427	0
000049	4	car	305	145	595	419	0
000049	6	motorbike	624	191	647	255	1
000049	8	car	678	183	770	263	1
000050	1	person	772	137	863	316	0
000050	2	motorbike	773	308	886	430	0
000050	4	car	303	147	593	421	0
000050	6	motorbike	623	191	646	255	1
000050	8	car	677	180	769	263	1
000051	1	person	773	138	864	317	0
000051	2	motorbike	774	311	887	433	0
000051	4	car	301	149	591	423	0
000051	6	motorbike	623	185	646	249	1
000051	8	car	675	178	769	262	1
000052	1	person	774	139	865	318	0
000052	2	motorbike	775	314	888	436	0
000052	4	car	299	151	589	425	0
000052	6	motorbike	623	180	646	244	1
000052	8	car	673	175	769	262	1
000053	1	person	775	141	866	320	0
000053	2	motorbike	777	317	890	439	0
000053	4	car	297	154	587	428	0
000053	6	motorbike	623	175	646	239	1
000053	8	car	672	173	769	262	1
000054	1	person	775	142	871	321	0
000054	2	motorbike	777	317	894	442	0
000054	4	car	293	154	586	431	0
000054	6	motorbike	624	176	647	241	1
000054	8	car	672	175	769	264	1
000055	1	person	776	143	876	322	0
000055	2	motorbike	778	317	898	445	0
000055	4	car	290	154	586	434	0
000055	6	motorbike	626	178	649	244	1
000055	8	car	673	177	770	266	1
000056	1	person	777	144	881	323	0
000056	2	motorbike	779	317	902	448	0
000056	4	car	286	154	586	438	0
000056	6	motorbike	628	179	651	247	1
000056	8	car	674	179	771	268	1
000057	1	person	778	145	886	324	0
000057	2	motorbike	780	317	907	452	0
000057	4	car	283	154	586	441	0
000057	6	motorbike	630	181	652	249	1
000057	8	car	675	182	772	271	1
000058	1	person	779	147	891	325	0
000058	2	motorbike	781	317	911	455	0
000058	4	car	280	154	586	445	0
000058	6	motorbike	632	182	654	252	1
000058	8	car	676	184	773	273	1
000059	1	person	780	148	896	326	0
000059	2	motorbike	782	317	915	458	0
000059	4	car	276	154	586	448	0
000059	6	motorbike	633	184	656	255	1
000059	8	car	676	186	773	275	1
000060	1	person	781	149	901	327	0
000060	2	motorbike	783	317	920	462	0
000060	4	car	273	154	586	451	0
000060	6	motorbike	635	185	657	257	1
000060	8	car	677	189	774	278	1
000061	1	person	782	150	906	328	0
000061	2	motorbike	784	317	924	465	0
000061	4	car	269	154	586	455	0
000061	6	motorbike	637	187	659	260	1
000061	8	car	678	191	775	280	1
000062	1	person	783	151	911	329	0
000062	2	motorbike	785	317	928	468	0
000062	4	car	266	154	586	458	0
000062	6	motorbike	639	188	661	263	1
000062	8	car	679	193	776	282	1
000063	1	person	784	153	917	331	0
000063	2	motorbike	786	317	933	472	0
000063	4	car	263	154	586	462	0
000063	6	motorbike	641	190	663	266	1
000063	8	car	680	196	777	285	1
000064	1	person	788	154	921	332	0
000064	2	motorbike	789	322	936	477	0
000064	4	car	266	153	589	461	0
000064	6	motorbike	646	190	668	266	1
000064	8	car	681	197	778	286	1
000065	1	person	792	156	925	334	0
000065	2	motorbike	793	327	940	482	0
000065	4	car	270	153	593	461	0
000065	6	motorbike	651	190	673	266	1
000065	8	car	683	198	780	287	1
000066	1	person	796	158	929	336	0
000066	2	motorbike	796	332	943	487	0
000066	4	car	273	153	596	461	0
000066	6	motorbike	656	190	678	266	1
000066	8	car	684	199	781	288	1
000067	1	person	800	160	933	338	0
000067	2	motorbike	800	337	947	492	0
000067	4	car	277	153	600	461	0
000067	6	motorbike	661	190	683	266	1
000067	8	car	686	200	783	289	1
000068	1	person	805	162	938	340	0
000068	2	motorbike	804	342	951	497	0
000068	4	car	281	153	604	461	0
000068	6	motorbike	667	191	689	267	1
000068	8	car	688	201	785	290	1
000068	9	car	593	196	660	266	1
000069	1	person	807	162	940	345	0
000069	2	motorbike	808	346	955	501	0
000069	4	car	274	151	602	461	0
000069	6	motorbike	670	191	692	267	1
000069	8	car	692	201	789	290	1
000069	9	car	593	197	662	267	1
000070	1	person	810	163	943	350	0
000070	2	motorbike	813	351	960	506	0
000070	4	car	268	149	601	461	0
000070	6	motorbike	674	192	696	268	1
000070	8	car	696	202	793	291	1
000070	9	car	593	199	664	269	1
000071	1	person	813	163	945	356	0
000071	2	motorbike	818	356	965	511	0
000071	4	car	261	148	599	461	0
000071	6	motorbike	677	193	699	269	1
000071	8	car	701	202	798	291	1
000071	9	car	594	201	666	271	1
000072	1	person	815	164	948	361	0
000072	2	motorbike	822	361	969	516	0
000072	4	car	255	146	598	461	0
000072	6	motorbike	681	194	703	270	1
000072	8	car	705	203	802	292	1
000072	9	car	594	203	668	272	1
000073	1	person	818	164	950	366	0
000073	2	motorbike	827	366	974	521	0
000073	4	car	248	144	596	461	0
000073	6	motorbike	684	195	706	271	1
000073	8	car	709	203	806	292	1
000073	9	car	595	204	671	274	1
000074	1	person	821	165	953	372	0
000074	2	motorbike	832	371	979	526	0
000074	4	car	242	143	595	462	0
000074	6	motorbike	688	196	710	272	1
000074	8	car	714	204	811	293	1
000074	9	car	595	206	673	276	1
000075	1	person	823	171	955	378	0
000075	2	motorbike	831	377	978	532	0
000075	4	car	235	141	593	462	0
000075	6	motorbike	689	197	711	273	1
000075	8	car	716	206	813	295	1
000075	9	car	596	208	675	277	1
000076	1	person	825	178	957	385	0
000076	2	motorbike	830	383	977	538	0
000076	4	car	229	139	592	462	0
000076	6	motorbike	690	199	712	275	1
000076	8	car	718	209	815	298	1
000076	9	car	596	210	677	279	1
000077	1	person	827	185	959	392	0
000077	2	motorbike	829	389	976	544	0
000077	4	car	223	138	591	462	0
000077	6	motorbike	691	201	713	277	1
000077	8	car	720	212	817	301	1
000077	9	car	597	211	680	281	1
000078	1	person	829	192	961	399	0
000078	2	motorbike	828	395	975	550	0
000078	4	car	216	136	589	462	0
000078	6	motorbike	693	202	715	278	1
000078	8	car	722	215	819	304	1
000078	9	car	597	213	682	282	1
000079	1	person	831	199	963	406	0
000079	2	motorbike	827	401	974	556	0
000079	4	car	210	134	588	462	0
000079	6	motorbike	694	204	716	280	1
000079	8	car	724	218	821	307	1
000079	9	car	598	215	684	284	1
000080	1	person	833	206	965	413	0
000080	2	motorbike	826	407	973	562	0
000080	4	car	203	133	586	463	0
000080	6	motorbike	695	206	717	282	1
000080	8	car	726	221	823	310	1
000080	9	car	598	217	686	286	1
000081	1	person	835	213	967	420	0
000081	2	motorbike	825	414	972	569	0
000081	4	car	197	131	585	463	0
000081	6	motorbike	697	208	719	284	1
000081	8	car	728	224	825	313	1
000081	9	car	599	219	689	288	1
000082	1	person	822	198	967	411	0
000082	2	motorbike	825	404	972	559	0
000082	4	car	190	129	583	463	0
000082	6	motorbike	694	201	716	281	1
000082	8	car	725	215	825	310	1
000082	9	car	597	211	687	284	1
000083	1	person	809	183	968	403	0
000083	2	motorbike	825	394	972	549	0
000083	4	car	184	128	582	463	0
000083	6	motorbike	692	195	714	278	1
000083	8	car	723	206	826	307	1
000083	9	car	595	203	685	281	1
000084	1	person	796	168	968	394	0
000084	2	motorbike	825	384	972	539	0
000084	4	car	177	126	580	463	0
000084	6	motorbike	690	188	711	275	1
000084	8	car	720	197	826	304	1
000084	9	car	594	195	683	277	1
000085	1	person	783	153	969	386	0
000085	2	motorbike	825	374	972	529	0
000085	4	car	171	124	579	463	0
000085	6	motorbike	688	182	709	272	1
000085	8	car	718	188	827	301	1
000085	9	car	592	187	681	274	1
000086	1	person	770	139	970	378	0
000086	2	motorbike	825	364	972	519	0
000086	4	car	165	123	578	464	0
000086	6	motorbike	686	176	707	270	1
000086	8	car	716	180	828	298	1
000086	9	car	591	180	680	271	1
000087	1	person	765	138	960	377	0
000087	2	motorbike	818	363	965	518	0
000087	4	car	154	123	567	464	0
000087	6	motorbike	679	174	700	268	1
000087	8	car	710	177	822	295	1
000087	9	car	583	178	672	269	1
000088	1	person	760	137	951	376	0
000088	2	motorbike	812	362	959	517	0
000088	4	car	143	124	556	465	0
000088	6	motorbike	672	173	693	267	1
000088	8	car	704	175	816	293	1
000088	9	car	575	176	664	267	1
000089	1	person	755	136	941	375	0
000089	2	motorbike	806	362	953	517	0
000089	4	car	132	124	545	465	0
000089	6	motorbike	666	171	687	265	1
000089	8	car	698	172	810	290	1
000089	9	car	567	175	656	266	1
000090	1	person	750	135	932	374	0
000090	2	motorbike	800	361	947	516	0
000090	4	car	121	125	534	466	0
000090	6	motorbike	659	170	680	264	1
000090	8	car	692	170	804	288	1
000090	9	car	559	173	648	264	1
000091	1	person	745	135	922	373	0
000091	2	motorbike	794	361	941	516	0
000091	4	car	111	126	524	467	0
000091	6	motorbike	653	169	674	263	1
000091	8	car	686	168	798	286	1
000091	9	car	551	172	640	263	1
000092	1	person	740	134	913	372	0
000092	2	motorbike	782	358	938	513	0
000092	4	car	99	120	521	475	0
000092	6	motorbike	651	167	675	261	1
000092	8	car	684	164	796	282	1
000092	9	car	547	169	641	260	1
000093	1	person	735	133	903	371	0
000093	2	motorbike	770	356	936	510	0
000093	4	car	87	114	518	484	0
000093	6	motorbike	649	166	677	260	1
000093	8	car	683	161	795	279	1
000093	9	car	543	167	643	257	1
000094	1	person	730	132	894	370	0
000094	2	motorbike	758	353	933	507	0
000094	4	car	75	108	515	492	0
000094	6	motorbike	647	165	679	258	1
000094	8	car	682	157	794	275	1
000094	9	car	539	164	644	254	1
000095	1	person	726	132	885	370	0
000095	2	motorbike	746	351	931	505	0
000095	4	car	63	103	513	501	0
000095	6	motorbike	645	164	681	257	1
000095	9	car	535	162	646	252	1
000096	1	person	725	131	884	369	0
000096	2	motorbike	745	351	930	505	0
000096	4	car	58	109	508	507	0
000096	6	motorbike	647	178	686	262	1
000096	9	car	537	166	648	256	1
000097	1	person	725	131	884	369	0
000097	2	motorbike	744	352	929	506	0
000097	4	car	53	116	503	514	0
000097	6	motorbike	649	192	691	268	1
000097	9	car	539	170	650	260	1
000098	1	person	725	130	884	368	0
000098	2	motorbike	743	352	928	506	0
000098	4	car	49	123	499	521	0
000098	6	motorbike	652	206	696	273	1
000098	9	car	541	174	652	264	1
000099	1	person	725	130	884	368	0
000099	2	motorbike	742	353	927	507	0
000099	4	car	44	130	494	528	0
000099	6	motorbike	654	220	701	279	1
000099	9	car	543	178	654	268	1
000100	1	person	725	130	884	368	0
000100	2	motorbike	742	354	927	508	0
000100	4	car	40	137	490	535	0
000100	6	motorbike	657	235	706	285	1
000100	9	car	546	182	657	272	1
