000001	1	person	0	142	314	625	1
000001	2	motorbike	0	312	387	717	1
000001	3	car	101	343	406	475	0
000001	4	motorbike	1125	383	1278	714	0
000001	10	car	1173	351	1274	393	1
000001	11	bus	512	359	562	402	0
000001	12	car	448	375	516	416	0
000001	13	person	776	364	798	406	0
000001	14	person	807	361	829	408	0
000001	15	person	830	358	851	406	0
000001	16	motorbike	948	360	981	398	0
000001	17	motorbike	998	359	1034	402	0
000002	1	person	15	150	322	621	1
000002	2	motorbike	5	316	391	716	1
000002	3	car	91	344	396	476	0
000002	4	motorbike	1123	382	1278	714	0
000002	10	car	1168	351	1269	393	1
000002	11	bus	512	358	561	401	0
000002	12	car	449	374	516	415	0
000002	13	person	776	363	798	405	0
000002	14	person	807	360	829	407	0
000002	15	person	829	358	850	406	0
000002	16	motorbike	948	360	981	398	0
000002	17	motorbike	998	359	1034	402	0
000003	1	person	31	158	331	617	1
000003	2	motorbike	10	321	395	716	1
000003	3	car	82	345	387	477	0
000003	4	motorbike	1121	381	1278	714	0
000003	10	car	1163	352	1265	393	1
000003	11	bus	512	358	561	401	0
000003	12	car	450	374	516	415	0
000003	13	person	776	363	798	405	0
000003	14	person	807	360	829	407	0
000003	15	person	829	358	850	406	0
000003	16	motorbike	948	360	981	398	0
000003	17	motorbike	998	359	1034	402	0
000004	1	person	47	167	340	613	1
000004	2	motorbike	16	326	400	715	1
000004	3	car	73	346	378	478	0
000004	4	motorbike	1119	381	1278	714	0
000004	10	car	1158	352	1261	394	1
000004	11	bus	513	358	561	400	0
000004	12	car	451	373	516	414	0
000004	13	person	776	363	798	405	0
000004	14	person	807	360	829	407	0
000004	15	person	829	358	850	406	0
000004	16	motorbike	949	360	982	398	0
000004	17	motorbike	999	359	1035	402	0
000005	1	person	63	175	349	609	1
000005	2	motorbike	21	331	404	715	1
000005	3	car	65	346	362	478	0
000005	4	motorbike	1117	380	1278	715	0
000005	10	car	1153	353	1257	394	1
000005	11	bus	513	358	561	400	0
000005	12	car	452	373	516	414	0
000005	13	person	776	363	798	405	0
000005	14	person	807	360	829	407	0
000005	15	person	829	358	850	406	0
000005	16	motorbike	949	360	982	398	0
000005	17	motorbike	999	359	1035	402	0
000006	1	person	79	184	358	605	1
000006	2	motorbike	27	336	409	714	1
000006	3	car	58	346	347	478	0
000006	4	motorbike	1115	379	1278	715	0
000006	10	car	1148	353	1253	395	1
000006	11	bus	513	358	560	400	0
000006	12	car	453	372	516	413	0
000006	13	person	776	363	798	405	0
000006	14	person	807	360	829	407	0
000006	15	person	828	359	849	407	0
000006	16	motorbike	949	360	982	398	0
000006	17	motorbike	999	359	1035	402	0
000007	1	person	95	192	366	601	1
000007	2	motorbike	32	341	413	714	1
000007	3	car	51	346	332	478	0
000007	4	motorbike	1113	379	1278	715	0
000007	10	car	1143	354	1249	395	1
000007	11	bus	514	358	560	399	0
000007	12	car	455	372	516	413	0
000007	13	person	776	363	798	405	0
000007	14	person	807	360	829	407	0
000007	15	person	828	359	849	407	0
000007	16	motorbike	950	361	983	399	0
000007	17	motorbike	1000	359	1036	402	0
000008	1	person	111	200	375	597	1
000008	2	motorbike	38	346	418	714	1
000008	3	car	43	346	317	478	0
000008	4	motorbike	1111	378	1278	715	0
000008	10	car	1138	355	1244	395	1
000008	11	bus	514	358	560	399	0
000008	12	car	456	371	516	412	0
000008	13	person	776	363	798	405	0
000008	14	person	807	360	829	407	0
000008	15	person	828	359	849	407	0
000008	16	motorbike	950	361	983	399	0
000008	17	motorbike	1000	359	1036	402	0
000009	1	person	127	209	384	593	1
000009	2	motorbike	65	379	420	715	1
000009	3	car	36	347	302	479	0
000009	4	motorbike	1110	378	1278	716	0
000009	10	car	1133	355	1240	396	1
000009	11	bus	515	358	560	399	0
000009	12	car	457	371	516	412	0
000009	13	person	776	363	798	405	0
000009	14	person	807	360	829	407	0
000009	15	person	828	359	849	407	0
000009	16	motorbike	951	361	984	399	0
000009	17	motorbike	1001	360	1037	403	0
000010	1	person	143	217	393	589	1
000010	2	motorbike	93	412	423	717	1
000010	3	car	29	347	286	479	0
000010	4	motorbike	1108	377	1278	716	0
000010	10	car	1128	356	1236	396	1
000010	11	bus	515	357	559	398	0
000010	12	car	458	371	516	411	0
000010	13	person	776	363	798	405	0
000010	14	person	807	360	829	407	0
000010	15	person	828	359	849	407	0
000010	16	motorbike	951	361	984	399	0
000010	17	motorbike	1001	360	1037	403	0
000011	1	person	159	226	402	586	1
000011	2	motorbike	121	446	426	719	1
000011	3	car	21	347	271	479	0
000011	4	motorbike	1106	376	1278	716	0
000011	10	car	1123	356	1232	397	1
000011	11	bus	515	357	559	398	0
000011	12	car	459	370	516	411	0
000011	13	person	776	363	798	405	0
000011	14	person	807	360	829	407	0
000011	15	person	827	360	848	408	0
000011	16	motorbike	951	361	984	399	0
000011	17	motorbike	1001	360	1037	403	0
000012	1	person	184	238	420	586	1
000012	2	motorbike	152	422	432	717	1
000012	3	car	14	347	256	479	0
000012	4	motorbike	1104	376	1278	716	0
000012	10	car	1118	357	1228	397	1
000012	11	bus	516	357	559	397	0
000012	12	car	461	370	516	410	0
000012	13	person	776	363	798	405	0
000012	14	person	807	360	829	407	0
000012	15	person	827	360	848	408	0
000012	16	motorbike	952	362	985	400	0
000012	17	motorbike	1002	360	1038	403	0
000013	1	person	209	250	438	586	1
000013	2	motorbike	184	399	438	716	1
000013	3	car	7	347	241	479	0
000013	4	motorbike	1102	375	1278	717	0
000013	10	car	1114	358	1224	398	1
000013	11	bus	516	357	559	397	0
000013	12	car	462	369	516	410	0
000013	13	person	776	363	798	405	0
000013	14	person	807	360	829	407	0
000013	15	person	827	360	848	408	0
000013	16	motorbike	952	362	985	400	0
000013	17	motorbike	1002	360	1038	403	0
000014	1	person	234	263	456	586	1
000014	2	motorbike	216	376	445	715	1
000014	3	car	0	348	226	480	0
000014	4	motorbike	1100	374	1278	717	0
000014	10	car	1109	358	1218	402	1
000014	11	bus	516	357	558	397	0
000014	12	car	463	369	516	409	0
000014	13	person	776	363	798	405	0
000014	14	person	807	360	829	407	0
000014	15	person	827	360	848	408	0
000014	16	motorbike	952	362	985	400	0
000014	17	motorbike	1002	360	1038	403	0
000015	1	person	246	263	455	586	1
000015	2	motorbike	232	401	450	716	1
000015	3	car	0	345	209	477	0
000015	4	motorbike	1098	374	1278	717	0
000015	10	car	1104	358	1213	407	1
000015	11	bus	517	357	558	396	0
000015	12	car	464	368	516	409	0
000015	13	person	776	363	798	405	0
000015	14	person	807	360	829	407	0
000015	15	person	827	361	848	409	0
000015	16	motorbike	953	362	986	400	0
000015	17	motorbike	1003	360	1039	403	0
000016	1	person	259	263	455	586	1
000016	2	motorbike	249	426	456	717	1
000016	3	car	0	343	192	475	0
000016	4	motorbike	1096	373	1278	717	0
000016	10	car	1099	358	1208	411	1
000016	11	bus	517	357	558	396	0
000016	12	car	465	368	516	408	0
000016	13	person	776	363	798	405	0
000016	14	person	813	361	835	408	0
000016	15	person	833	361	854	409	0
000016	16	motorbike	953	362	986	400	0
000016	17	motorbike	1003	360	1039	403	0
000017	1	person	272	263	455	586	1
000017	2	motorbike	266	452	462	719	1
000017	3	car	0	340	176	472	0
000017	4	motorbike	1095	373	1279	718	0
000017	10	car	1094	358	1203	416	1
000017	11	bus	518	357	558	396	0
000017	12	car	467	368	517	408	0
000017	13	person	776	363	798	405	0
000017	14	person	819	362	841	409	0
000017	15	person	839	362	860	410	0
000017	16	motorbike	954	363	987	401	0
000017	17	motorbike	1004	361	1040	404	0
000017	19	car	216	368	268	417	0
000018	1	person	285	264	455	586	1
000018	2	motorbike	280	448	469	705	1
000018	3	car	0	338	159	470	0
000018	4	motorbike	1095	370	1279	718	0
000018	10	car	1089	358	1198	421	1
000018	11	bus	522	356	562	395	0
000018	12	car	472	367	521	407	0
000018	13	person	779	364	801	406	0
000018	14	person	825	363	847	410	0
000018	15	person	845	363	866	411	0
000018	16	motorbike	957	365	990	403	0
000018	17	motorbike	1006	364	1042	407	0
000018	19	car	225	366	284	415	0
000019	1	person	299	264	460	565	1
000019	2	motorbike	295	444	476	692	1
000019	3	car	0	335	143	467	0
000019	4	motorbike	1096	367	1279	718	0
000019	10	car	1087	361	1196	424	1
000019	11	bus	527	356	566	394	0
000019	12	car	477	366	525	406	0
000019	13	person	783	365	805	407	0
000019	14	person	831	364	853	411	0
000019	15	person	851	364	872	412	0
000019	16	motorbike	960	367	993	405	0
000019	17	motorbike	1009	367	1045	410	0
000019	19	car	234	364	300	413	0
000020	1	person	313	265	466	545	1
000020	2	motorbike	309	441	483	679	1
000020	3	car	0	333	126	465	0
000020	4	motorbike	1097	364	1279	718	0
000020	10	car	1086	364	1195	427	1
000020	11	bus	531	355	570	394	0
000020	12	car	482	365	529	405	0
000020	13	person	787	366	809	408	0
000020	14	person	837	365	859	412	0
000020	15	person	857	365	878	413	0
000020	16	motorbike	963	369	996	407	0
000020	17	motorbike	1011	371	1047	414	0
000020	19	car	243	362	316	411	0
000021	1	person	328	265	472	525	1
000021	2	motorbike	324	437	491	666	1
000021	3	car	0	331	110	463	0
000021	4	motorbike	1098	361	1279	719	0
000021	10	car	1085	367	1194	430	1
000021	11	bus	536	355	574	393	0
000021	12	car	487	365	533	405	0
000021	13	person	791	368	813	410	0
000021	14	person	843	366	865	413	0
000021	15	person	864	366	885	414	0
000021	16	motorbike	966	371	999	409	0
000021	17	motorbike	1014	374	1050	417	0
000021	19	car	253	361	333	409	0
000022	1	person	342	266	478	504	1
000022	2	motorbike	339	433	498	653	1
000022	3	car	0	328	95	460	0
000022	4	motorbike	1095	365	1278	718	0
000022	6	person	1129	208	1276	662	0
000022	10	car	1084	370	1193	433	1
000022	11	bus	541	355	578	393	0
000022	12	car	495	364	540	404	0
000022	13	person	798	369	820	411	0
000022	14	person	847	366	869	413	0
000022	15	person	869	367	890	415	0
000022	16	motorbike	970	374	1003	412	0
000022	19	car	267	358	347	406	0
000023	1	person	357	266	484	484	1
000023	2	motorbike	353	430	505	640	1
000023	3	car	0	325	80	457	0
000023	4	motorbike	1092	369	1278	718	0
000023	6	person	1126	214	1275	658	0
000023	10	car	1083	373	1192	436	1
000023	11	bus	548	354	585	392	0
000023	12	car	503	363	548	403	0
000023	13	person	805	370	827	412	0
000023	14	person	851	367	873	414	0
000023	15	person	874	368	895	416	0
000023	16	motorbike	977	376	1010	414	0
000023	19	car	281	355	361	403	0
000024	1	person	371	267	490	464	1
000024	2	motorbike	368	426	512	627	1
000024	4	motorbike	1089	373	1278	718	0
000024	5	car	25	342	184	402	0
000024	6	person	1123	221	1274	654	0
000024	10	car	1080	375	1192	437	1
000024	11	bus	556	354	593	392	0
000024	12	car	511	362	556	402	0
000024	13	person	812	371	834	413	0
000024	14	person	856	368	878	415	0
000024	15	person	879	369	900	417	0
000024	16	motorbike	985	379	1018	417	0
000024	19	car	295	352	375	400	0
000025	1	person	386	268	496	444	1
000025	2	motorbike	383	423	520	614	1
000025	4	motorbike	1086	378	1277	718	0
000025	5	car	41	339	200	399	0
000025	6	person	1120	227	1273	650	0
000025	10	car	1077	377	1192	439	1
000025	11	bus	564	353	601	391	0
000025	12	car	520	361	564	401	0
000025	13	person	820	372	842	414	0
000025	14	person	860	369	882	416	0
000025	15	person	884	370	905	418	0
000025	16	motorbike	993	381	1026	419	0
000025	19	car	309	350	389	398	0
000026	1	person	402	268	511	441	1
000026	2	motorbike	401	417	528	603	1
000026	4	motorbike	1083	382	1277	718	0
000026	5	car	58	337	217	397	0
000026	6	person	1117	234	1272	646	0
000026	10	car	1074	379	1192	441	1
000026	11	bus	571	353	608	391	0
000026	12	car	527	361	571	401	0
000026	13	person	831	374	853	416	0
000026	14	person	865	370	887	417	0
000026	15	person	889	371	910	419	0
000026	16	motorbike	1001	384	1034	422	0
000026	19	car	321	348	406	396	0
000027	1	person	418	269	527	438	1
000027	2	motorbike	419	411	537	592	1
000027	4	motorbike	1080	386	1277	717	0
000027	5	car	75	335	234	395	0
000027	6	person	1114	240	1271	642	0
000027	10	car	1072	381	1192	443	1
000027	11	bus	579	352	616	390	0
000027	12	car	535	361	579	401	0
000027	13	person	842	376	864	418	0
000027	14	person	873	372	895	419	0
000027	15	person	897	373	918	421	0
000027	16	motorbike	1009	386	1042	424	0
000027	19	car	333	347	423	394	0
000028	1	person	434	269	543	435	1
000028	2	motorbike	437	405	546	581	1
000028	4	motorbike	1077	391	1276	717	0
000028	5	car	92	333	251	393	0
000028	6	person	1111	247	1270	638	0
000028	10	car	1072	385	1194	448	1
000028	11	bus	587	352	624	390	0
000028	12	car	543	361	587	401	0
000028	13	person	854	378	876	420	0
000028	14	person	881	374	903	421	0
000028	15	person	905	376	926	424	0
000028	16	motorbike	1017	389	1050	427	0
000028	19	car	345	345	440	392	0
000029	1	person	451	270	559	432	1
000029	2	motorbike	456	399	555	571	1
000029	4	motorbike	1074	395	1276	717	0
000029	5	car	109	330	268	390	0
000029	6	person	1109	253	1269	635	0
000029	10	car	1072	389	1196	454	1
000029	11	bus	595	352	632	390	0
000029	12	car	551	361	595	401	0
000029	13	person	862	380	884	422	0
000029	14	person	889	377	911	424	0
000029	15	person	914	378	935	426	0
000029	16	motorbike	1027	392	1060	430	0
000029	19	car	358	344	458	391	0
000030	1	person	465	274	571	432	1
000030	2	motorbike	470	398	567	567	1
000030	4	motorbike	1071	399	1276	717	0
000030	5	car	126	328	285	388	0
000030	6	person	1106	260	1268	631	0
000030	10	car	1072	394	1198	459	1
000030	11	bus	603	351	640	389	0
000030	12	car	563	360	603	400	0
000030	13	person	870	382	892	424	0
000030	14	person	897	379	919	426	0
000030	15	person	922	381	943	429	0
000030	16	motorbike	1037	395	1070	433	0
000030	19	car	371	343	471	390	0
000031	1	person	479	278	583	433	1
000031	2	motorbike	484	398	580	563	1
000031	4	motorbike	1069	404	1276	717	0
000031	5	car	142	326	301	386	0
000031	6	person	1103	266	1267	627	0
000031	10	car	1072	398	1200	465	1
000031	11	bus	611	351	648	389	0
000031	12	car	575	360	612	399	0
000031	13	person	878	384	900	426	0
000031	14	person	906	382	928	429	0
000031	15	person	931	384	952	432	0
000031	16	motorbike	1047	398	1080	436	0
000031	19	car	384	343	484	390	0
000032	1	person	493	282	595	434	1
000032	2	motorbike	498	398	592	559	1
000032	4	motorbike	1069	409	1276	717	0
000032	5	car	159	324	318	384	0
000032	6	person	1100	273	1266	623	0
000032	11	bus	619	351	656	389	0
000032	12	car	587	359	621	398	0
000032	13	person	886	387	908	429	0
000032	14	person	915	384	937	431	0
000032	15	person	940	387	961	435	0
000032	19	car	398	343	498	390	0
000033	1	person	509	284	608	433	1
000033	2	motorbike	513	397	605	555	1
000033	4	motorbike	1070	415	1276	717	0
000033	5	car	176	321	335	381	0
000033	6	person	1097	279	1265	619	0
000033	11	bus	629	353	666	391	0
000033	12	car	599	359	630	398	0
000033	13	person	895	390	916	431	0
000033	14	person	925	387	947	434	0
000033	15	person	950	390	971	438	0
000033	19	car	413	343	513	390	0
000034	1	person	525	287	622	432	1
000034	2	motorbike	527	397	617	551	1
000034	4	motorbike	1070	420	1277	718	0
000034	5	car	193	319	352	379	0
000034	6	person	1094	286	1264	615	0
000034	7	motorbike	0	329	144	545	0
000034	11	bus	639	356	676	394	0
000034	12	car	599	359	630	398	0
000034	13	person	905	393	925	434	0
000034	14	person	935	389	957	436	0
000034	15	person	960	393	981	441	0
000034	19	car	428	344	528	391	0
000035	1	person	541	289	636	431	1
000035	2	motorbike	541	397	630	547	1
000035	4	motorbike	1071	426	1277	718	0
000035	5	car	210	317	369	377	0
000035	6	person	1091	292	1263	611	0
000035	7	motorbike	7	329	166	545	0
000035	8	person	13	173	113	429	0
000035	11	bus	649	358	686	396	0
000035	12	car	599	359	630	398	0
000035	13	person	914	396	933	437	0
000035	19	car	443	344	543	391	0
000036	1	person	557	292	650	431	1
000036	2	motorbike	555	397	642	543	1
000036	4	motorbike	1072	432	1278	719	0
000036	5	car	227	315	386	375	0
000036	6	person	1089	299	1263	608	0
000036	7	motorbike	15	330	189	546	0
000036	8	person	25	172	138	432	0
000036	11	bus	659	361	696	399	0
000036	13	person	924	399	942	440	0
000036	19	car	459	345	559	392	0
000037	1	person	573	295	664	430	1
000037	2	motorbike	570	396	655	539	1
000037	4	motorbike	1074	433	1278	717	0
000037	5	car	247	315	406	375	0
000037	6	person	1094	303	1265	607	0
000037	7	motorbike	23	331	212	547	0
000037	8	person	37	172	164	435	0
000037	11	bus	673	360	710	398	0
000037	13	person	938	400	956	441	0
000037	19	car	474	345	574	392	0
000038	1	person	589	297	678	429	1
000038	2	motorbike	584	396	667	535	1
000038	4	motorbike	1076	434	1278	715	0
000038	5	car	268	316	427	376	0
000038	6	person	1099	307	1267	606	0
000038	7	motorbike	31	332	235	547	0
000038	8	person	49	171	190	438	0
000038	11	bus	688	360	725	398	0
000038	13	person	953	401	971	442	0
000038	19	car	489	345	589	392	0
000039	1	person	605	300	692	428	1
000039	2	motorbike	598	396	680	531	1
000039	4	motorbike	1078	436	1278	713	0
000039	5	car	288	316	447	376	0
000039	6	person	1104	311	1269	605	0
000039	7	motorbike	39	333	258	548	0
000039	8	person	61	171	216	441	0
000039	9	car	0	265	93	328	0
000039	11	bus	703	360	740	398	0
000039	13	person	968	402	986	443	0
000039	19	car	504	345	604	392	0
000040	1	person	621	303	706	428	1
000040	2	motorbike	613	396	693	527	1
000040	4	motorbike	1080	437	1278	711	0
000040	5	car	309	317	468	377	0
000040	6	person	1110	316	1272	605	0
000040	7	motorbike	47	334	281	549	0
000040	8	person	74	171	242	445	0
000040	9	car	10	269	113	330	0
000040	11	bus	718	360	755	398	0
000040	13	person	983	404	1001	445	0
000040	19	car	519	345	619	392	0
000041	1	person	638	306	723	431	1
000041	2	motorbike	630	394	710	525	1
000041	4	motorbike	1083	438	1278	709	0
000041	5	car	330	318	489	378	0
000041	6	person	1113	318	1272	602	0
000041	7	motorbike	66	336	296	549	0
000041	8	person	97	180	263	440	0
000041	9	car	20	273	133	332	0
000041	11	bus	731	362	768	400	0
000041	13	person	997	405	1015	446	0
000041	19	car	522	345	621	392	0
000042	1	person	655	310	740	435	1
000042	2	motorbike	647	393	727	524	1
000042	4	motorbike	1085	440	1278	707	0
000042	5	car	346	321	505	381	0
000042	6	person	1116	320	1272	599	0
000042	7	motorbike	85	339	311	549	0
000042	8	person	121	190	284	435	0
000042	9	car	30	278	154	335	0
000042	11	bus	744	364	781	402	0
000042	13	person	1012	406	1030	447	0
000042	19	car	526	345	623	392	0
000043	1	person	672	314	757	439	1
000043	2	motorbike	664	392	744	523	1
000043	4	motorbike	1087	441	1278	705	0
000043	5	car	362	325	521	385	0
000043	6	person	1119	322	1273	596	0
000043	7	motorbike	105	342	327	549	0
000043	8	person	144	199	305	431	0
000043	9	car	40	282	174	337	0
000043	11	bus	757	366	794	404	0
000043	13	person	1027	407	1045	448	0
000043	19	car	529	346	625	393	0
000044	1	person	690	318	775	443	1
000044	2	motorbike	682	391	762	522	1
000044	4	motorbike	1089	442	1278	703	0
000044	5	car	378	328	537	388	0
000044	6	person	1122	324	1273	593	0
000044	7	motorbike	124	345	342	549	0
000044	8	person	168	209	326	426	0
000044	9	car	51	287	195	340	0
000044	11	bus	770	368	807	406	0
000044	13	person	1042	409	1060	450	0
000044	19	car	533	346	627	393	0
000045	1	person	690	317	774	442	1
000045	2	motorbike	684	389	764	518	1
000045	4	motorbike	1092	444	1279	702	0
000045	5	car	394	332	553	392	0
000045	6	person	1126	326	1274	590	0
000045	7	motorbike	144	348	358	549	0
000045	8	person	192	219	348	422	0
000045	9	car	54	294	197	349	0
000045	11	bus	772	367	809	405	0
000045	13	person	1043	404	1061	445	0
000045	19	car	536	347	629	394	0
000046	1	person	691	316	773	441	1
000046	2	motorbike	687	387	766	514	1
000046	4	motorbike	1084	438	1269	693	0
000046	5	car	410	336	569	396	0
000046	6	person	1115	317	1260	576	0
000046	7	motorbike	154	351	359	549	0
000046	8	person	199	224	349	428	0
000046	9	car	58	301	199	359	0
000046	11	bus	774	366	811	404	0
000046	13	person	1044	399	1062	440	0
000046	19	car	540	347	631	394	0
000047	1	person	692	316	772	440	1
000047	2	motorbike	689	386	769	510	1
000047	4	motorbike	1076	432	1260	684	0
000047	5	car	411	337	564	397	0
000047	6	person	1104	309	1247	563	0
000047	7	motorbike	164	355	360	550	0
000047	8	person	207	230	350	434	0
000047	9	car	61	308	201	369	0
000047	11	bus	777	365	814	403	0
000047	13	person	1045	394	1063	435	0
000047	19	car	543	348	634	395	0
000048	1	person	693	315	771	439	1
000048	2	motorbike	692	384	771	506	1
000048	4	motorbike	1068	426	1251	676	0
000048	5	car	412	339	559	398	0
000048	6	person	1094	301	1233	550	0
000048	7	motorbike	174	359	362	551	0
000048	8	person	214	235	351	440	0
000048	9	car	65	315	203	379	0
000048	11	bus	768	361	805	399	0
000048	13	person	1046	389	1064	430	0
000048	19	car	547	348	636	395	0
000049	1	person	694	315	770	439	1
000049	2	motorbike	695	383	774	502	1
000049	4	motorbike	1060	420	1242	667	0
000049	5	car	414	340	555	400	0
000049	6	person	1083	292	1220	536	0
000049	7	motorbike	176	363	363	552	0
000049	8	person	222	241	352	447	0
000049	9	car	69	323	205	389	0
000049	11	bus	760	358	797	396	0
000049	13	person	1047	385	1065	426	0
000049	19	car	550	348	638	395	0
000050	1	person	689	315	763	439	1
000050	2	motorbike	691	380	770	497	1
000050	4	motorbike	1052	414	1232	658	0
000050	5	car	415	342	550	401	0
000050	6	person	1072	284	1206	523	0
000050	7	motorbike	179	367	364	553	0
000050	8	person	220	246	353	453	0
000050	9	car	64	328	201	394	0
000050	11	bus	751	355	788	393	0
000050	13	person	1038	377	1056	418	0
000050	19	car	554	349	640	396	0
000051	1	person	684	315	756	439	1
000051	2	motorbike	687	377	766	492	1
000051	4	motorbike	1044	408	1223	650	0
000051	5	car	417	344	546	403	0
000051	6	person	1062	276	1193	510	0
000051	7	motorbike	181	371	366	555	0
000051	8	person	218	252	354	460	0
000051	9	car	60	333	198	399	0
000051	11	bus	743	352	780	390	0
000051	13	person	1030	369	1048	410	0
000051	19	car	557	349	642	396	0
000052	1	person	679	316	749	440	1
000052	2	motorbike	683	375	762	487	1
000052	4	motorbike	1036	402	1214	641	0
000052	5	car	410	346	540	404	0
000052	6	person	1047	272	1178	506	0
000052	7	motorbike	184	375	367	556	0
000052	8	person	216	257	355	467	0
000052	9	car	56	338	194	404	0
000052	11	bus	734	349	771	387	0
000052	19	car	561	350	644	397	0
000053	1	person	666	315	736	436	1
000053	2	motorbike	672	375	748	485	1
000053	4	motorbike	1029	396	1205	633	0
000053	5	car	403	349	534	406	0
000053	6	person	1033	268	1164	502	0
000053	7	motorbike	187	379	369	558	0
000053	8	person	215	263	357	474	0
000053	9	car	51	343	191	409	0
000053	11	bus	726	346	763	384	0
000053	19	car	564	350	646	397	0
000054	1	person	654	315	724	433	1
000054	2	motorbike	661	376	734	484	1
000054	4	motorbike	1007	398	1183	617	0
000054	5	car	396	352	529	408	0
000054	6	person	1018	265	1149	499	0
000054	7	motorbike	182	381	360	564	0
000054	8	person	207	266	347	472	0
000054	9	car	47	348	187	414	0
000054	11	bus	718	343	755	381	0
000054	19	car	568	351	649	398	0
000055	1	person	642	315	711	429	1
000055	2	motorbike	650	377	721	483	1
000055	4	motorbike	985	400	1161	601	0
000055	5	car	390	354	523	409	0
000055	6	person	1004	261	1135	495	0
000055	7	motorbike	178	384	352	570	0
000055	8	person	200	269	338	471	0
000055	9	car	43	354	184	420	0
000055	11	bus	703	343	740	381	0
000055	19	car	557	352	637	399	0
000056	1	person	629	315	699	426	1
000056	2	motorbike	639	377	707	481	1
000056	4	motorbike	964	402	1139	585	0
000056	5	car	383	357	518	411	0
000056	6	person	990	258	1121	492	0
000056	7	motorbike	173	387	344	577	0
000056	8	person	192	273	328	469	0
000056	9	car	39	359	180	425	0
000056	11	bus	688	343	725	381	0
000056	19	car	547	353	626	400	0
000057	1	person	617	315	686	422	1
000057	2	motorbike	628	378	694	480	1
000057	4	motorbike	950	395	1117	583	0
000057	5	car	376	360	512	413	0
000057	6	person	975	261	1101	486	0
000057	7	motorbike	169	390	336	583	0
000057	8	person	185	276	319	468	0
000057	9	car	34	364	177	430	0
000057	11	bus	673	344	710	382	0
000057	19	car	537	354	614	401	0
000058	1	person	605	315	674	419	1
000058	2	motorbike	617	379	680	479	1
000058	4	motorbike	937	389	1096	582	0
000058	5	car	370	363	507	415	0
000058	6	person	961	264	1082	481	0
000058	7	motorbike	165	393	328	590	0
000058	8	person	178	280	310	467	0
000058	9	car	30	369	173	435	0
000058	10	car	822	335	962	430	1
000058	11	bus	658	344	695	382	0
000058	19	car	527	355	603	402	0
000059	1	person	593	315	662	416	1
000059	2	motorbike	607	380	667	478	1
000059	4	motorbike	924	382	1074	581	0
000059	5	car	368	363	507	416	0
000059	6	person	947	268	1063	476	0
000059	7	motorbike	160	394	317	585	0
000059	8	person	176	288	295	470	0
000059	9	car	26	374	170	440	0
000059	10	car	797	337	948	433	1
000059	11	bus	644	345	681	383	0
000059	19	car	517	356	591	403	0
000060	1	person	590	318	654	419	1
000060	2	motorbike	596	382	656	477	1
000060	4	motorbike	911	376	1053	579	0
000060	5	car	366	364	507	417	0
000060	6	person	933	271	1044	471	0
000060	7	motorbike	155	395	306	580	0
000060	8	person	175	296	280	474	0
000060	9	car	22	380	167	446	0
000060	10	car	773	340	935	436	1
000060	11	bus	637	348	674	386	0
000060	19	car	507	357	580	404	0
000061	1	person	587	321	647	422	1
000061	2	motorbike	585	384	645	477	1
000061	4	motorbike	898	369	1031	578	0
000061	5	car	365	364	507	418	0
000061	6	person	919	274	1025	466	0
000061	7	motorbike	150	397	295	576	0
000061	8	person	174	304	266	478	0
000061	9	car	34	376	179	442	0
000061	10	car	749	343	921	439	1
000061	11	bus	631	351	668	389	0
000061	19	car	497	359	569	405	0
000062	1	person	584	324	640	425	1
000062	2	motorbike	575	386	634	477	1
000062	4	motorbike	885	363	1010	577	0
000062	5	car	363	365	507	419	0
000062	6	person	905	278	1006	461	0
000062	7	motorbike	153	395	299	574	0
000062	8	person	176	301	272	477	0
000062	9	car	46	373	191	438	0
000062	10	car	725	346	908	442	1
000062	11	bus	625	355	662	393	0
000062	19	car	502	358	574	404	0
000063	1	person	581	327	633	428	1
000063	2	motorbike	581	385	640	475	1
000063	4	motorbike	891	365	1013	574	0
000063	5	car	362	366	507	421	0
000063	6	person	909	280	1009	459	0
000063	7	motorbike	156	393	304	573	0
000063	8	person	179	299	278	476	0
000063	9	car	59	370	204	434	0
000063	10	car	721	347	911	444	1
000063	11	bus	631	355	668	393	0
000063	19	car	508	358	580	404	0
000064	1	person	578	331	626	431	1
000064	2	motorbike	588	384	646	473	1
000064	4	motorbike	897	367	1016	572	0
000064	5	car	373	363	516	419	0
000064	6	person	914	283	1012	458	0
000064	7	motorbike	160	391	309	572	0
000064	8	person	181	297	284	475	0
000064	9	car	71	367	216	431	0
000064	10	car	717	349	915	446	1
000064	11	bus	637	355	674	393	0
000064	19	car	513	358	585	404	0
000065	1	person	587	331	635	431	1
000065	2	motorbike	595	384	653	472	1
000065	4	motorbike	904	370	1020	570	0
000065	5	car	384	361	525	417	0
000065	6	person	919	285	1015	457	0
000065	7	motorbike	163	390	314	571	0
000065	8	person	184	295	290	474	0
000065	9	car	84	364	229	427	0
000065	10	car	713	351	919	448	1
000065	11	bus	643	355	680	393	0
000065	19	car	519	357	591	403	0
000066	1	person	596	331	644	431	1
000066	2	motorbike	602	383	659	470	1
000066	4	motorbike	910	372	1023	568	0
000066	5	car	395	359	534	415	0
000066	6	person	924	288	1018	456	0
000066	7	motorbike	166	388	319	570	0
000066	8	person	186	293	296	473	0
000066	9	car	96	361	241	423	0
000066	10	car	709	353	923	451	1
000066	11	bus	649	355	686	393	0
000066	19	car	524	357	596	403	0
000067	1	person	606	332	654	432	1
000067	2	motorbike	609	383	666	469	1
000067	4	motorbike	917	375	1026	565	0
000067	5	car	406	356	543	413	0
000067	6	person	929	290	1021	455	0
000067	7	motorbike	170	386	324	568	0
000067	8	person	189	290	303	472	0
000067	9	car	109	358	254	420	0
000067	10	car	700	353	925	451	1
000067	11	bus	655	355	692	393	0
000067	19	car	530	357	602	403	0
000068	1	person	606	330	654	430	1
000068	2	motorbike	608	384	665	470	1
000068	4	motorbike	923	377	1030	563	0
000068	5	car	417	354	552	411	0
000068	6	person	934	293	1024	454	0
000068	7	motorbike	173	384	329	567	0
000068	8	person	191	288	309	471	0
000068	9	car	121	356	266	418	0
000068	10	car	691	353	927	452	1
000068	11	bus	661	355	698	393	0
000068	19	car	536	355	603	401	0
000069	1	person	607	329	655	429	1
000069	2	motorbike	608	385	664	471	1
000069	4	motorbike	930	380	1033	561	0
000069	5	car	428	352	562	409	0
000069	6	person	939	295	1027	453	0
000069	7	motorbike	176	383	334	566	0
000069	8	person	194	286	315	470	0
000069	9	car	133	354	278	416	0
000069	10	car	682	353	930	453	1
000069	11	bus	668	355	705	393	0
000069	19	car	542	354	604	400	0
000070	1	person	607	328	655	428	1
000070	2	motorbike	608	386	663	472	1
000070	4	motorbike	936	382	1036	559	0
000070	5	car	433	351	564	408	0
000070	6	person	944	298	1030	452	0
000070	7	motorbike	180	381	339	565	0
000070	8	person	196	284	321	469	0
000070	9	car	145	352	290	414	0
000070	10	car	674	354	932	453	1
000070	11	bus	675	355	712	393	0
000070	19	car	548	353	605	398	0
000070	20	person	1077	355	1102	408	0
000071	1	person	608	327	656	427	1
000071	2	motorbike	608	387	662	473	1
000071	4	motorbike	943	385	1040	557	0
000071	5	car	438	351	567	408	0
000071	6	person	949	301	1034	451	0
000071	7	motorbike	183	379	344	564	0
000071	8	person	199	282	327	468	0
000071	9	car	157	350	302	412	0
000071	10	car	665	354	935	454	1
000071	11	bus	682	355	719	393	0
000071	19	car	555	352	606	397	0
000071	20	person	1077	354	1102	407	0
000072	1	person	609	326	657	426	1
000072	2	motorbike	608	389	662	474	1
000072	4	motorbike	940	383	1037	556	0
000072	5	car	443	350	569	408	0
000072	6	person	946	300	1032	449	0
000072	7	motorbike	187	378	349	563	0
000072	8	person	202	280	334	467	0
000072	9	car	170	349	315	411	0
000072	10	car	656	354	937	455	1
000072	11	bus	682	355	719	393	0
000072	19	car	555	352	606	397	0
000072	20	person	1077	353	1102	406	0
000073	1	person	601	326	649	426	1
000073	2	motorbike	588	385	649	470	1
000073	4	motorbike	938	381	1034	556	0
000073	5	car	448	350	572	408	0
000073	6	person	943	299	1031	448	0
000073	7	motorbike	185	378	345	563	0
000073	8	person	202	280	331	466	0
000073	9	car	179	348	325	411	0
000073	10	car	648	355	940	456	1
000073	11	bus	682	355	719	393	0
000073	19	car	555	352	606	397	0
000073	20	person	1078	353	1103	406	0
000074	1	person	593	326	641	426	1
000074	2	motorbike	569	382	636	466	1
000074	4	motorbike	936	379	1032	556	0
000074	5	car	453	350	575	407	0
000074	6	person	940	299	1030	447	0
000074	7	motorbike	183	378	342	563	0
000074	8	person	202	280	328	466	0
000074	9	car	188	347	335	411	0
000074	10	car	639	355	929	457	1
000074	11	bus	682	355	719	393	0
000074	20	person	1078	352	1103	405	0
000075	1	person	585	327	633	427	1
000075	2	motorbike	550	379	623	463	1
000075	4	motorbike	933	377	1029	555	0
000075	5	car	458	349	577	407	0
000075	6	person	937	298	1029	446	0
000075	7	motorbike	182	379	339	564	0
000075	8	person	202	280	326	466	0
000075	10	car	630	355	919	458	1
000075	20	person	1078	351	1103	404	0
000076	1	person	577	327	625	427	1
000076	2	motorbike	534	379	620	463	1
000076	4	motorbike	931	376	1026	555	0
000076	5	car	463	349	580	407	0
000076	6	person	934	297	1027	445	0
000076	7	motorbike	180	379	336	564	0
000076	8	person	202	280	323	466	0
000076	10	car	622	356	909	459	1
000076	20	person	1079	351	1104	404	0
000077	1	person	569	327	617	427	1
000077	2	motorbike	519	379	617	463	1
000077	4	motorbike	929	374	1024	555	0
000077	5	car	468	349	583	407	0
000077	6	person	931	297	1026	444	0
000077	7	motorbike	179	380	332	564	0
000077	8	person	202	280	320	466	0
000077	10	car	606	353	902	459	1
000077	20	person	1079	350	1104	403	0
000078	1	person	562	328	610	428	1
000078	2	motorbike	504	380	615	463	1
000078	4	motorbike	926	372	1021	554	0
000078	5	car	475	349	588	406	0
000078	6	person	928	296	1025	443	0
000078	7	motorbike	177	380	329	565	0
000078	8	person	202	280	318	466	0
000078	10	car	590	351	895	459	1
000078	20	person	1079	349	1104	402	0
000079	1	person	555	329	602	423	1
000079	2	motorbike	492	382	602	459	1
000079	4	motorbike	924	370	1018	554	0
000079	5	car	482	349	594	405	0
000079	6	person	925	295	1024	442	0
000079	7	motorbike	176	381	326	565	0
000079	8	person	202	280	315	466	0
000079	10	car	574	349	888	459	1
000079	20	person	1080	349	1105	402	0
000080	1	person	548	331	595	418	1
000080	2	motorbike	480	384	590	455	1
000080	4	motorbike	922	369	1016	554	0
000080	6	person	923	295	1023	441	0
000080	7	motorbike	174	381	323	565	0
000080	8	person	202	280	312	466	0
000080	10	car	558	347	881	459	1
000080	20	person	1086	349	1111	402	0
000081	1	person	541	333	588	413	1
000081	2	motorbike	468	386	578	452	1
000081	4	motorbike	928	370	1021	553	0
000081	6	person	930	296	1027	441	0
000081	7	motorbike	173	382	320	566	0
000081	8	person	202	280	310	466	0
000081	10	car	543	345	874	459	1
000081	20	person	1092	350	1117	403	0
000082	1	person	542	335	589	415	1
000082	2	motorbike	466	386	576	452	1
000082	4	motorbike	934	372	1026	552	0
000082	6	person	937	297	1032	441	0
000082	7	motorbike	173	382	324	565	0
000082	8	person	203	279	311	465	0
000082	10	car	538	345	872	459	1
000082	20	person	1099	351	1124	404	0
000083	1	person	544	338	591	418	1
000083	2	motorbike	464	386	574	452	1
000083	4	motorbike	940	374	1031	551	0
000083	6	person	944	298	1037	442	0
000083	7	motorbike	173	382	329	565	0
000083	8	person	205	279	313	465	0
000083	10	car	534	345	871	459	1
000083	20	person	1105	352	1130	405	0
000084	1	person	546	341	593	421	1
000084	2	motorbike	463	386	573	452	1
000084	4	motorbike	947	375	1036	551	0
000084	6	person	952	299	1041	442	0
000084	7	motorbike	173	382	334	565	0
000084	8	person	207	278	315	464	0
000084	9	car	284	341	437	416	0
000084	10	car	530	346	870	459	1
000084	20	person	1111	352	1136	405	0
000085	1	person	548	344	595	424	1
000085	2	motorbike	461	387	571	453	1
000085	4	motorbike	953	377	1041	550	0
000085	6	person	959	300	1046	443	0
000085	7	motorbike	173	382	339	565	0
000085	8	person	209	278	317	464	0
000085	9	car	293	340	447	416	0
000085	10	car	526	346	869	459	1
000085	14	person	1045	356	1067	403	0
000085	15	person	1071	361	1089	407	0
000085	20	person	1118	353	1143	406	0
000086	1	person	550	347	597	427	1
000086	2	motorbike	460	387	570	453	1
000086	4	motorbike	959	379	1046	549	0
000086	6	person	966	302	1051	443	0
000086	7	motorbike	173	382	344	565	0
000086	8	person	211	277	319	463	0
000086	9	car	303	339	457	417	0
000086	10	car	522	346	868	459	1
000086	14	person	1051	356	1073	403	0
000086	15	person	1077	362	1096	408	0
000086	20	person	1124	354	1149	407	0
000087	1	person	552	350	599	430	1
000087	2	motorbike	458	387	568	453	1
000087	4	motorbike	965	381	1051	548	0
000087	6	person	973	303	1056	444	0
000087	7	motorbike	173	382	348	565	0
000087	8	person	212	277	320	463	0
000087	9	car	312	339	468	417	0
000087	10	car	518	347	867	460	1
000087	14	person	1058	357	1080	404	0
000087	15	person	1084	363	1104	410	0
000087	20	person	1130	355	1155	408	0
000088	1	person	555	357	605	430	1
000088	2	motorbike	457	387	567	453	1
000088	4	motorbike	972	382	1056	548	0
000088	6	person	981	304	1060	444	0
000088	7	motorbike	173	382	353	565	0
000088	8	person	214	276	322	462	0
000088	9	car	322	338	478	418	0
000088	10	car	514	347	866	460	1
000088	14	person	1065	357	1087	404	0
000088	15	person	1091	364	1111	411	0
000088	20	person	1137	355	1162	408	0
000089	1	person	558	365	611	431	1
000089	2	motorbike	455	388	565	454	1
000089	4	motorbike	978	384	1061	547	0
000089	5	car	555	354	653	399	0
000089	6	person	988	305	1065	445	0
000089	7	motorbike	173	382	358	565	0
000089	8	person	216	276	324	462	0
000089	9	car	332	338	489	419	0
000089	10	car	510	348	865	461	1
000089	14	person	1072	358	1094	405	0
000089	15	person	1098	365	1119	413	0
000089	20	person	1143	356	1168	409	0
000090	2	motorbike	454	388	564	454	1
000090	4	motorbike	984	386	1066	546	0
000090	5	car	558	353	656	398	0
000090	6	person	995	306	1070	445	0
000090	7	motorbike	173	382	363	565	0
000090	8	person	218	275	326	461	0
000090	9	car	341	339	498	416	0
000090	10	car	506	348	864	461	1
000090	14	person	1072	358	1094	405	0
000090	15	person	1097	363	1118	411	0
000090	20	person	1149	357	1174	410	0
000091	2	motorbike	452	388	562	454	1
000091	4	motorbike	991	388	1071	546	0
000091	5	car	561	353	659	398	0
000091	6	person	1003	308	1075	446	0
000091	7	motorbike	173	382	368	565	0
000091	8	person	220	275	328	461	0
000091	9	car	350	340	507	414	0
000091	10	car	503	349	863	462	1
000091	14	person	1072	358	1094	405	0
000091	15	person	1096	362	1117	410	0
000091	20	person	1156	358	1181	411	0
000092	2	motorbike	451	388	561	454	1
000092	4	motorbike	991	388	1069	542	0
000092	5	car	564	353	662	398	0
000092	6	person	1003	308	1075	446	0
000092	7	motorbike	173	382	373	565	0
000092	8	person	222	275	330	461	0
000092	9	car	359	341	516	411	0
000092	10	car	499	349	862	462	1
000092	14	person	1072	358	1094	405	0
000092	15	person	1095	361	1116	409	0
000092	20	person	1154	357	1179	410	0
000093	2	motorbike	449	389	559	455	1
000093	4	motorbike	991	388	1068	538	0
000093	5	car	567	352	665	397	0
000093	6	person	1003	308	1075	446	0
000093	7	motorbike	168	384	368	567	0
000093	8	person	216	276	324	462	0
000093	9	car	368	342	525	409	0
000093	10	car	495	349	861	463	1
000093	14	person	1072	358	1094	405	0
000093	15	person	1094	360	1115	408	0
000093	20	person	1153	356	1178	409	0
000094	2	motorbike	448	389	558	455	1
000094	4	motorbike	991	388	1067	535	0
000094	5	car	570	352	668	397	0
000094	6	person	1003	308	1075	446	0
000094	7	motorbike	163	386	363	569	0
000094	8	person	210	277	318	463	0
000094	9	car	378	344	534	407	0
000094	10	car	492	350	860	464	1
000094	14	person	1072	358	1094	405	0
000094	15	person	1093	359	1114	407	0
000094	20	person	1152	355	1177	408	0
000095	2	motorbike	446	389	556	455	1
000095	4	motorbike	991	388	1065	531	0
000095	6	person	1003	308	1075	446	0
000095	7	motorbike	158	388	358	571	0
000095	8	person	205	278	313	464	0
000095	9	car	380	344	536	407	0
000095	10	car	486	349	856	465	1
000095	14	person	1072	358	1094	405	0
000095	15	person	1093	358	1114	406	0
000095	20	person	1150	354	1175	407	0
000096	4	motorbike	991	388	1064	527	0
000096	6	person	1003	308	1075	446	0
000096	7	motorbike	153	391	353	574	0
000096	8	person	199	279	307	465	0
000096	9	car	383	345	539	408	0
000096	10	car	480	349	853	466	1
000096	14	person	1072	358	1094	405	0
000096	15	person	1092	357	1113	405	0
000096	20	person	1149	353	1174	406	0
000097	4	motorbike	991	388	1063	524	0
000097	6	person	1003	308	1075	446	0
000097	7	motorbike	148	393	348	576	0
000097	8	person	193	280	301	466	0
000097	9	car	385	346	541	409	0
000097	10	car	474	348	850	467	1
000097	14	person	1072	358	1094	405	0
000097	15	person	1091	356	1112	404	0
000097	20	person	1148	352	1173	405	0
000098	4	motorbike	991	388	1061	520	0
000098	6	person	1003	308	1075	446	0
000098	7	motorbike	143	395	343	578	0
000098	8	person	188	281	296	467	0
000098	9	car	388	347	544	410	0
000098	10	car	469	348	847	468	1
000098	14	person	1072	358	1094	405	0
000098	15	person	1090	355	1111	403	0
000098	20	person	1146	351	1171	404	0
000099	4	motorbike	991	388	1060	516	0
000099	6	person	1003	308	1075	446	0
000099	7	motorbike	138	397	338	580	0
000099	8	person	182	282	290	468	0
000099	9	car	390	348	546	411	0
000099	10	car	469	348	847	468	1
000099	14	person	1072	358	1094	405	0
000099	15	person	1089	354	1110	402	0
000099	20	person	1145	350	1170	403	0
000100	4	motorbike	991	388	1059	513	0
000100	6	person	1003	308	1075	446	0
000100	7	motorbike	133	400	333	583	0
000100	8	person	177	283	285	469	0
000100	9	car	393	349	549	412	0
000100	10	car	469	348	847	468	1
000100	14	person	1072	358	1094	405	0
000100	15	person	1089	353	1110	401	0
000100	20	person	1144	350	1169	403	0
