000001	1	car	900	419	1279	660	1
000001	3	car	822	372	962	484	0
000002	1	car	892	419	1278	654	1
000002	3	car	827	372	971	484	0
000003	1	car	884	420	1277	649	1
000003	3	car	832	373	981	485	0
000004	1	car	876	420	1276	644	1
000004	3	car	838	374	990	485	0
000005	1	car	869	421	1276	639	1
000005	3	car	843	375	1000	486	0
000006	1	car	864	421	1261	634	1
000006	3	car	849	376	1010	487	0
000007	1	car	860	421	1247	629	1
000007	3	car	854	374	1019	484	0
000008	1	car	855	421	1232	624	1
000008	3	car	859	372	1029	482	0
000009	1	car	851	422	1218	619	1
000009	3	car	864	370	1039	480	0
000010	1	car	846	422	1204	614	1
000010	3	car	870	368	1049	478	0
000011	1	car	842	422	1189	610	1
000011	3	car	887	363	1066	473	0
000012	1	car	837	423	1175	605	1
000012	3	car	905	358	1084	468	0
000013	1	car	833	423	1161	600	1
000014	1	car	828	423	1146	595	1
000015	1	car	824	423	1132	590	1
000016	1	car	819	424	1118	585	1
000017	1	car	815	424	1103	581	1
000018	1	car	810	424	1089	576	1
000019	1	car	806	425	1075	571	1
000020	1	car	801	425	1060	566	1
000021	1	car	797	425	1046	561	1
000022	1	car	793	426	1032	557	1
000022	3	car	1040	310	1278	539	0
000023	1	car	789	425	1023	555	1
000023	3	car	1060	311	1278	542	0
000024	1	car	786	425	1014	553	1
000024	3	car	1081	313	1278	545	0
000025	1	car	783	425	1005	551	1
000025	3	car	1101	314	1278	548	0
000026	1	car	780	425	996	549	1
000026	3	car	1122	316	1278	551	0
000026	4	car	987	437	1106	531	0
000027	1	car	776	425	987	547	1
000027	3	car	1142	317	1278	554	0
000027	4	car	1003	435	1129	533	0
000028	1	car	773	425	978	545	1
000028	3	car	1163	319	1278	557	0
000028	4	car	1019	434	1152	536	0
000029	1	car	770	424	969	543	1
000029	3	car	1183	320	1278	560	0
000029	4	car	1036	433	1175	539	0
000030	1	car	767	424	960	541	1
000030	4	car	1052	432	1198	542	0
000031	1	car	763	424	951	539	1
000031	4	car	1068	431	1221	545	0
000032	1	car	760	424	942	537	1
000032	4	car	1085	430	1245	548	0
000032	5	car	962	435	1081	517	0
000033	1	car	757	424	933	535	1
000033	4	car	1103	432	1253	550	0
000033	5	car	973	435	1103	519	0
000034	1	car	754	424	924	533	1
000034	4	car	1122	435	1262	553	0
000034	5	car	984	436	1125	521	0
000034	6	car	917	419	992	508	0
000035	1	car	751	424	915	532	1
000035	4	car	1141	437	1270	556	0
000035	5	car	995	437	1147	524	0
000035	6	car	916	417	1003	507	0
000036	1	car	747	424	908	530	1
000036	5	car	1006	437	1169	526	0
000036	6	car	915	415	1015	507	0
000037	1	car	744	424	901	528	1
000037	5	car	1017	438	1191	529	0
000037	6	car	914	413	1026	507	0
000038	1	car	741	424	895	527	1
000038	5	car	1028	439	1213	531	0
000038	6	car	913	411	1038	507	0
000039	1	car	738	424	888	525	1
000039	5	car	1039	440	1235	534	0
000039	6	car	912	409	1050	507	0
000040	1	car	735	424	882	523	1
000040	5	car	1057	439	1242	538	0
000040	6	car	923	407	1066	511	0
000040	7	car	874	414	951	502	0
000041	1	car	732	424	875	522	1
000041	5	car	1076	438	1249	543	0
000041	6	car	934	405	1083	515	0
000041	7	car	880	414	963	502	0
000042	1	car	729	424	869	520	1
000042	5	car	1095	437	1257	547	0
000042	6	car	946	403	1099	519	0
000042	7	car	887	415	975	502	0
000043	1	car	726	424	862	518	1
000043	5	car	1114	436	1264	552	0
000043	6	car	957	401	1116	523	0
000043	7	car	894	415	987	503	0
000044	1	car	723	424	856	517	1
000044	5	car	1133	435	1271	556	0
000044	6	car	968	399	1132	527	0
000044	7	car	901	416	999	503	0
000045	1	car	721	424	851	515	1
000045	6	car	980	397	1149	532	0
000045	7	car	908	416	1011	503	0
000046	1	car	720	424	847	513	1
000046	6	car	998	397	1174	536	0
000046	7	car	915	417	1024	504	0
000046	8	car	830	419	902	480	0
000047	1	car	718	424	843	511	1
000047	6	car	1016	398	1200	541	0
000047	7	car	925	416	1041	508	0
000047	8	car	831	419	907	480	0
000048	1	car	717	424	839	509	1
000048	6	car	1035	399	1226	546	0
000048	7	car	936	416	1058	513	0
000048	8	car	832	420	913	481	0
000049	1	car	715	424	835	507	1
000049	6	car	1053	400	1252	551	0
000049	7	car	947	415	1076	517	0
000049	8	car	833	421	919	481	0
000050	1	car	714	424	831	505	1
000050	2	car	531	423	586	466	1
000050	7	car	958	415	1093	522	0
000050	8	car	834	422	925	482	0
000051	1	car	715	424	829	504	1
000051	2	car	530	422	591	466	1
000051	7	car	969	415	1111	527	0
000051	8	car	836	423	931	483	0
000052	1	car	716	425	827	503	1
000052	2	car	530	422	597	467	1
000052	7	car	984	413	1134	530	0
000052	8	car	840	423	940	484	0
000052	9	car	945	420	996	475	0
000053	1	car	717	425	825	502	1
000053	2	car	529	422	602	467	1
000053	7	car	999	412	1158	533	0
000053	8	car	845	423	949	485	0
000053	9	car	953	421	1013	475	0
000054	1	car	718	426	823	502	1
000054	2	car	529	422	608	468	1
000054	7	car	1014	411	1182	536	0
000054	8	car	849	424	958	487	0
000054	9	car	962	422	1030	476	0
000055	1	car	719	426	821	501	1
000055	2	car	528	422	614	468	1
000055	7	car	1029	410	1206	539	0
000055	8	car	854	424	967	488	0
000055	9	car	971	423	1048	477	0
000056	1	car	720	427	819	500	1
000056	2	car	528	422	619	469	1
000056	7	car	1044	409	1230	542	0
000056	8	car	858	425	976	490	0
000056	9	car	980	424	1065	477	0
000057	1	car	721	427	817	499	1
000057	2	car	527	422	625	469	1
000057	7	car	1059	408	1254	545	0
000057	8	car	863	425	985	491	0
000057	9	car	989	425	1082	478	0
000058	1	car	722	428	815	499	1
000058	2	car	527	422	630	470	1
000058	7	car	1074	407	1278	549	0
000058	8	car	868	426	994	493	0
000058	9	car	998	426	1100	479	0
000059	1	car	723	428	813	498	1
000059	2	car	526	422	636	470	1
000059	7	car	1092	407	1278	549	0
000059	8	car	874	426	1003	495	0
000059	9	car	1008	425	1118	482	0
000060	1	car	724	429	811	497	1
000060	2	car	526	422	642	471	1
000060	7	car	1110	408	1278	550	0
000060	8	car	881	427	1012	498	0
000060	9	car	1019	424	1137	485	0
000061	1	car	725	430	809	497	1
000061	2	car	533	422	652	472	1
000061	7	car	1128	409	1278	550	0
000061	8	car	887	427	1021	500	0
000061	9	car	1029	423	1156	488	0
000062	1	car	727	429	810	496	1
000062	2	car	541	423	662	473	1
000062	8	car	894	428	1030	503	0
000062	9	car	1040	423	1175	492	0
000063	1	car	729	429	811	496	1
000063	2	car	548	424	672	474	1
000063	8	car	901	427	1042	505	0
000063	9	car	1052	423	1187	492	0
000064	1	car	732	428	813	495	1
000064	2	car	556	424	682	475	1
000064	8	car	909	427	1055	507	0
000064	9	car	1065	423	1200	492	0
000065	1	car	734	428	814	495	1
000065	2	car	563	425	692	476	1
000065	8	car	916	426	1068	510	0
000065	9	car	1078	423	1213	492	0
000066	1	car	737	428	816	495	1
000066	2	car	571	426	702	477	1
000066	8	car	924	426	1081	512	0
000066	9	car	1091	423	1226	492	0
000067	1	car	739	428	818	494	1
000067	2	car	578	426	712	478	1
000067	8	car	932	426	1094	515	0
000067	9	car	1104	424	1239	493	0
000068	1	car	742	429	821	493	1
000068	2	car	586	427	722	479	1
000068	8	car	942	424	1109	516	0
000068	9	car	1117	424	1249	493	0
000069	1	car	745	429	824	493	1
000069	2	car	593	428	732	480	1
000069	8	car	953	422	1124	517	0
000069	9	car	1130	424	1259	493	0
000070	1	car	747	430	827	492	1
000070	2	car	601	429	742	481	1
000070	8	car	963	420	1139	518	0
000070	9	car	1143	424	1269	493	0
000071	1	car	750	430	829	491	1
000071	2	car	605	429	748	482	1
000071	8	car	974	419	1155	519	0
000071	9	car	1156	424	1279	493	0
000072	1	car	753	431	832	491	1
000072	2	car	610	429	755	483	1
000072	8	car	982	420	1175	520	0
000072	9	car	1175	423	1279	492	0
000073	1	car	755	431	835	490	1
000073	2	car	614	429	762	484	1
000073	8	car	990	421	1196	521	0
000073	9	car	1194	423	1279	492	0
000074	1	car	758	432	838	489	1
000074	2	car	619	429	769	485	1
000074	8	car	999	423	1217	522	0
000075	1	car	761	433	841	489	1
000075	2	car	623	429	775	487	1
000075	8	car	1009	422	1232	528	0
000076	1	car	763	433	844	488	1
000076	2	car	628	430	782	488	1
000076	8	car	1020	422	1247	534	0
000077	1	car	765	434	848	488	1
000077	2	car	632	430	789	489	1
000077	8	car	1031	422	1263	541	0
000078	1	car	768	434	851	487	1
000078	2	car	637	430	796	490	1
000078	8	car	1042	421	1268	540	0
000079	1	car	770	435	855	487	1
000079	2	car	641	430	802	492	1
000079	8	car	1054	420	1273	539	0
000080	1	car	773	436	859	487	1
000080	2	car	646	430	809	493	1
000080	8	car	1066	420	1279	539	0
000081	1	car	771	436	860	487	1
000081	2	car	650	430	816	494	1
000081	8	car	1084	421	1279	540	0
000082	1	car	770	436	861	487	1
000082	2	car	655	431	823	495	1
000082	8	car	1102	423	1279	542	0
000083	2	car	659	431	829	497	1
000083	8	car	1120	425	1279	544	0
000084	2	car	664	431	836	498	1
000084	8	car	1136	428	1279	547	0
000085	2	car	668	431	843	499	1
000085	8	car	1153	431	1279	550	0
000086	2	car	673	431	850	500	1
000086	8	car	1170	434	1279	553	0
000087	2	car	678	432	857	502	1
000087	8	car	1187	437	1279	556	0
000088	2	car	681	432	864	504	1
000089	2	car	685	433	871	506	1
000090	2	car	689	433	878	508	1
000090	12	car	504	414	544	455	0
000091	2	car	692	434	885	510	1
000091	10	car	260	422	341	455	0
000091	11	car	321	418	386	453	0
000091	12	car	505	414	545	455	0
000092	2	car	696	435	893	512	1
000092	10	car	259	422	340	455	0
000092	11	car	321	418	386	453	0
000092	12	car	506	415	546	456	0
000093	2	car	700	435	900	514	1
000093	10	car	258	422	339	455	0
000093	11	car	322	419	387	454	0
000093	12	car	507	415	547	456	0
000094	2	car	703	436	907	516	1
000094	10	car	258	422	339	455	0
000094	11	car	323	419	388	454	0
000094	12	car	508	416	548	457	0
000095	2	car	707	436	914	518	1
000095	10	car	257	422	338	455	0
000095	11	car	323	420	388	455	0
000095	12	car	509	417	549	458	0
000096	2	car	711	437	922	520	1
000096	10	car	256	423	337	456	0
000096	11	car	324	420	389	455	0
000096	12	car	510	417	550	458	0
000097	2	car	714	438	929	522	1
000097	10	car	256	423	337	456	0
000097	11	car	325	421	390	456	0
000097	12	car	511	418	551	459	0
000098	2	car	718	438	936	524	1
000098	10	car	255	423	336	456	0
000098	11	car	325	421	390	456	0
000098	12	car	512	418	552	459	0
000099	2	car	722	439	943	526	1
000099	10	car	254	423	335	456	0
000099	11	car	326	422	391	457	0
000099	12	car	513	419	553	460	0
000100	2	car	726	440	951	528	1
000100	3	car	870	368	1049	478	0
000100	10	car	254	424	335	457	0
000100	11	car	327	423	392	458	0
000100	12	car	514	420	554	461	0
