000001	1	car	400	459	465	512	0
000001	2	person	659	459	722	513	0
000001	3	car	634	499	766	550	0
000001	5	car	719	434	835	517	0
000001	7	car	537	457	582	504	0
000002	1	car	399	459	465	512	0
000002	2	person	672	453	735	507	0
000002	3	car	644	497	776	545	0
000002	5	car	714	434	835	517	0
000002	7	car	537	457	582	504	0
000003	1	car	399	459	465	512	0
000003	2	person	685	447	748	501	0
000003	3	car	655	496	786	541	0
000003	5	car	710	434	835	517	0
000003	7	car	537	457	582	504	0
000004	1	car	399	459	465	513	0
000004	2	person	699	442	762	496	0
000004	3	car	666	495	796	537	0
000004	5	car	706	434	835	517	0
000004	7	car	537	457	582	504	0
000005	1	car	399	459	465	513	0
000005	2	person	720	442	783	496	0
000005	3	car	686	499	816	541	0
000005	5	car	701	435	836	517	0
000005	7	car	537	457	582	504	0
000006	1	car	399	459	465	514	0
000006	2	person	741	443	804	497	0
000006	3	car	707	503	837	545	0
000006	5	car	697	435	836	518	0
000006	7	car	537	457	582	504	0
000007	1	car	398	459	465	514	0
000007	2	person	762	444	825	498	0
000007	3	car	728	507	858	549	0
000007	5	car	693	435	836	518	0
000007	7	car	537	457	582	504	0
000008	1	car	398	459	465	514	0
000008	2	person	783	445	846	499	0
000008	3	car	749	511	879	553	0
000008	5	car	688	435	836	518	0
000008	7	car	537	457	582	504	0
000009	1	car	398	459	465	515	0
000009	2	person	798	446	861	500	0
000009	3	car	765	508	895	550	0
000009	5	car	684	436	837	518	0
000009	7	car	537	457	582	504	0
000010	1	car	398	459	465	515	0
000010	2	person	814	447	877	501	0
000010	3	car	781	505	911	547	0
000010	5	car	680	436	837	518	0
000010	7	car	537	457	582	504	0
000011	1	car	398	459	465	516	0
000011	2	person	829	448	892	502	0
000011	3	car	797	503	927	545	0
000011	5	car	675	436	837	519	0
000011	7	car	537	457	582	504	0
000012	1	car	397	459	465	516	0
000012	2	person	845	449	908	503	0
000012	3	car	813	500	943	542	0
000012	5	car	671	436	837	519	0
000012	7	car	537	457	582	504	0
000013	1	car	397	459	465	516	0
000013	2	person	860	450	923	504	0
000013	3	car	829	498	959	540	0
000013	5	car	667	437	838	519	0
000013	7	car	537	457	582	504	0
000014	1	car	397	459	465	517	0
000014	2	person	876	451	939	505	0
000014	3	car	844	499	974	541	0
000014	5	car	662	437	838	519	0
000014	7	car	537	457	582	504	0
000015	1	car	397	459	465	517	0
000015	2	person	892	453	955	507	0
000015	3	car	860	500	990	542	0
000015	5	car	658	437	838	519	0
000015	7	car	537	457	582	504	0
000016	1	car	397	459	466	518	0
000016	2	person	906	451	969	505	0
000016	3	car	876	501	1006	543	0
000016	5	car	654	438	839	520	0
000016	7	car	537	457	582	504	0
000017	1	car	395	458	464	518	0
000017	2	person	920	449	983	503	0
000017	3	car	891	502	1021	544	0
000017	5	car	654	438	839	520	0
000017	7	car	537	457	582	504	0
000018	1	car	394	458	463	518	0
000018	2	person	934	447	997	501	0
000018	3	car	907	503	1037	545	0
000018	5	car	654	438	839	520	0
000018	7	car	537	457	582	504	0
000019	1	car	393	458	462	518	0
000019	2	person	948	445	1011	499	0
000019	3	car	923	504	1053	546	0
000019	5	car	655	439	839	521	0
000019	7	car	537	457	582	504	0
000020	1	car	391	458	461	518	0
000020	2	person	962	443	1025	497	0
000020	3	car	939	506	1069	548	0
000020	5	car	655	439	840	521	0
000020	7	car	537	457	582	504	0
000021	1	car	390	458	460	518	0
000021	2	person	973	443	1036	497	0
000021	3	car	952	504	1082	546	0
000021	5	car	656	439	840	521	0
000021	7	car	537	457	582	504	0
000022	1	car	389	458	459	519	0
000022	2	person	985	444	1048	498	0
000022	3	car	965	502	1095	544	0
000022	5	car	656	440	840	522	0
000022	7	car	537	457	582	504	0
000023	1	car	387	458	458	519	0
000023	2	person	997	445	1060	499	0
000023	3	car	978	500	1108	542	0
000023	5	car	657	440	841	522	0
000023	7	car	537	457	582	504	0
000024	1	car	386	458	457	519	0
000024	2	person	1009	446	1072	500	0
000024	3	car	991	498	1121	540	0
000024	5	car	657	440	841	522	0
000024	7	car	537	457	582	504	0
000025	1	car	385	458	456	519	0
000025	2	person	1021	447	1084	501	0
000025	3	car	1004	496	1134	538	0
000025	5	car	658	441	841	523	0
000025	7	car	537	457	582	504	0
000026	1	car	383	457	455	519	0
000026	2	person	1033	448	1096	502	0
000026	3	car	1017	495	1147	537	0
000026	5	car	658	441	842	523	0
000026	6	motorbike	965	448	1025	518	1
000026	7	car	537	457	582	504	0
000027	1	car	382	457	454	520	0
000027	2	person	1054	449	1117	503	0
000027	3	car	1021	491	1151	533	0
000027	5	car	659	441	842	524	0
000027	6	motorbike	946	448	1016	518	1
000027	7	car	537	457	582	504	0
000028	1	car	381	457	453	520	0
000028	2	person	1075	450	1138	504	0
000028	3	car	1026	488	1156	530	0
000028	5	car	659	442	842	524	0
000028	6	motorbike	928	448	1007	518	1
000028	7	car	537	457	582	504	0
000029	1	car	380	457	451	520	0
000029	3	car	1031	485	1161	527	0
000029	5	car	660	442	842	524	0
000029	6	motorbike	910	449	999	518	1
000029	7	car	537	457	582	504	0
000030	1	car	378	457	450	520	0
000030	3	car	1036	482	1166	524	0
000030	5	car	660	442	843	525	0
000030	6	motorbike	892	449	990	518	1
000030	7	car	537	457	582	504	0
000031	1	car	377	457	449	520	0
000031	5	car	661	443	843	525	0
000031	6	motorbike	874	450	982	519	1
000031	7	car	537	457	582	504	0
000032	1	car	376	457	448	521	0
000032	5	car	661	443	843	525	0
000032	6	motorbike	861	452	969	521	1
000032	7	car	537	457	582	504	0
000033	1	car	374	457	447	521	0
000033	5	car	662	443	844	526	0
000033	6	motorbike	848	455	956	524	1
000033	7	car	537	457	582	504	0
000034	1	car	373	457	446	521	0
000034	5	car	662	444	844	526	0
000034	6	motorbike	836	458	944	527	1
000034	7	car	537	457	582	504	0
000035	1	car	372	456	445	521	0
000035	5	car	663	444	844	526	0
000035	6	motorbike	822	458	930	527	1
000035	7	car	537	457	582	504	0
000036	1	car	370	456	444	521	0
000036	5	car	663	444	845	527	0
000036	6	motorbike	808	458	916	527	1
000036	7	car	537	457	582	504	0
000037	1	car	369	456	443	522	0
000037	5	car	664	445	845	527	0
000037	6	motorbike	795	458	903	527	1
000037	7	car	537	457	582	504	0
000038	1	car	368	456	442	522	0
000038	5	car	664	445	845	528	0
000038	6	motorbike	781	459	889	528	1
000038	7	car	537	457	582	504	0
000039	1	car	366	456	441	522	0
000039	5	car	664	445	845	528	0
000039	6	motorbike	767	459	875	528	1
000039	7	car	537	457	582	504	0
000040	1	car	365	456	440	522	0
000040	5	car	665	446	846	528	0
000040	6	motorbike	754	459	862	528	1
000040	7	car	537	457	582	504	0
000041	1	car	364	456	438	522	0
000041	5	car	665	446	846	529	0
000041	6	motorbike	740	459	848	528	1
000041	7	car	537	457	582	504	0
000042	1	car	363	456	437	523	0
000042	5	car	666	446	846	529	0
000042	6	motorbike	727	460	835	529	1
000042	7	car	537	457	582	504	0
000043	1	car	361	456	436	523	0
000043	5	car	666	447	847	529	0
000043	6	motorbike	714	460	822	529	1
000043	7	car	537	457	582	504	0
000044	1	car	360	455	435	523	0
000044	5	car	667	447	847	530	0
000044	6	motorbike	701	460	809	529	1
000044	7	car	537	457	582	504	0
000045	1	car	359	455	434	523	0
000045	5	car	667	447	847	530	0
000045	6	motorbike	688	461	796	530	1
000045	7	car	537	457	582	504	0
000046	1	car	357	455	433	523	0
000046	5	car	668	448	848	530	0
000046	6	motorbike	670	460	778	529	1
000046	7	car	537	457	582	504	0
000047	1	car	356	455	432	524	0
000047	5	car	668	448	848	531	0
000047	6	motorbike	653	459	761	528	1
000047	7	car	537	457	582	504	0
000048	1	car	355	455	431	524	0
000048	5	car	669	448	848	531	0
000048	6	motorbike	636	459	744	528	1
000048	7	car	537	457	582	504	0
000049	1	car	353	455	430	524	0
000049	5	car	669	449	848	532	0
000049	6	motorbike	619	458	727	527	1
000049	7	car	537	457	582	504	0
000050	1	car	352	455	429	524	0
000050	5	car	670	449	849	532	0
000050	6	motorbike	602	458	710	527	1
000050	7	car	537	457	582	504	0
000051	1	car	351	455	428	524	0
000051	5	car	670	449	849	532	0
000051	6	motorbike	584	458	692	528	1
000051	7	car	537	457	582	504	0
000052	1	car	350	455	427	525	0
000052	4	car	417	451	483	497	0
000052	5	car	671	450	849	533	0
000052	6	motorbike	567	458	674	530	1
000052	7	car	537	457	582	504	0
000053	1	car	349	457	426	527	0
000053	4	car	417	451	481	497	0
000053	5	car	671	450	850	533	0
000053	6	motorbike	549	458	657	531	1
000053	7	car	537	457	582	504	0
000054	1	car	348	459	425	529	0
000054	4	car	417	451	480	497	0
000054	5	car	672	450	850	533	0
000054	6	motorbike	532	458	639	533	1
000054	7	car	537	457	582	504	0
000055	1	car	347	461	424	531	0
000055	4	car	417	451	479	497	0
000055	5	car	672	451	850	534	0
000055	6	motorbike	515	459	622	535	1
000056	1	car	340	464	417	534	0
000056	4	car	417	451	483	497	0
000056	5	car	673	451	851	534	0
000056	6	motorbike	497	459	604	535	1
000057	1	car	333	468	410	538	0
000057	4	car	417	451	487	497	0
000057	5	car	673	451	851	534	0
000057	6	motorbike	479	460	586	536	1
000058	1	car	327	472	404	542	0
000058	4	car	417	451	492	497	0
000058	5	car	674	452	851	535	0
000058	6	motorbike	462	461	569	537	1
000058	7	car	537	457	582	504	0
000059	1	car	326	472	403	542	0
000059	4	car	417	451	496	497	0
000059	5	car	674	452	851	535	0
000059	6	motorbike	447	461	554	537	1
000059	7	car	537	457	582	504	0
000060	1	car	325	472	402	542	0
000060	4	car	417	451	501	497	0
000060	5	car	674	452	852	536	0
000060	6	motorbike	432	461	539	537	1
000060	7	car	537	457	582	504	0
000061	1	car	324	472	401	542	0
000061	4	car	417	451	505	497	0
000061	5	car	675	453	852	536	0
000061	6	motorbike	417	461	524	537	1
000061	7	car	537	457	582	504	0
000062	1	car	323	472	400	542	0
000062	5	car	675	453	852	536	0
000062	6	motorbike	402	461	509	537	1
000062	7	car	537	457	582	504	0
000063	1	car	323	472	400	542	0
000063	5	car	676	453	853	537	0
000063	6	motorbike	386	461	493	537	1
000063	7	car	537	457	582	504	0
000064	1	car	322	472	399	542	0
000064	5	car	676	454	853	537	0
000064	6	motorbike	370	461	477	537	1
000064	7	car	537	457	582	504	0
000065	1	car	321	472	398	542	0
000065	4	car	417	451	480	497	0
000065	5	car	677	454	853	537	0
000065	6	motorbike	355	461	462	537	1
000065	7	car	537	457	582	504	0
000066	1	car	320	472	397	542	0
000066	4	car	417	451	480	497	0
000066	5	car	677	454	854	538	0
000066	6	motorbike	337	461	444	537	1
000066	7	car	537	457	582	504	0
000067	4	car	417	451	480	497	0
000067	5	car	678	455	854	538	0
000067	6	motorbike	320	461	427	537	1
000067	7	car	537	457	582	504	0
000068	4	car	417	451	480	497	0
000068	5	car	678	455	854	538	0
000068	6	motorbike	303	461	410	537	1
000068	7	car	537	457	582	504	0
000069	4	car	417	451	480	497	0
000069	5	car	679	455	854	539	0
000069	6	motorbike	286	461	393	537	1
000069	7	car	537	457	582	504	0
000070	4	car	417	451	481	497	0
000070	5	car	679	456	855	539	0
000070	6	motorbike	269	461	376	537	1
000070	7	car	537	457	582	504	0
000071	1	car	318	472	395	542	0
000071	4	car	417	451	482	497	0
000071	5	car	680	456	855	540	0
000071	6	motorbike	252	461	359	537	1
000071	7	car	537	457	582	504	0
000072	1	car	316	472	395	541	0
000072	4	car	416	451	481	497	0
000072	5	car	680	456	855	540	0
000072	6	motorbike	238	460	345	536	1
000072	7	car	537	457	582	504	0
000073	1	car	314	472	395	541	0
000073	4	car	415	451	481	498	0
000073	5	car	681	457	856	540	0
000073	6	motorbike	224	460	331	536	1
000073	7	car	537	457	582	504	0
000074	1	car	313	472	395	541	0
000074	4	car	415	451	480	499	0
000074	5	car	681	457	856	541	0
000074	6	motorbike	211	460	318	536	1
000074	7	car	537	457	582	504	0
000075	1	car	311	472	395	541	0
000075	4	car	414	451	480	500	0
000075	5	car	682	457	856	541	0
000075	6	motorbike	197	460	304	536	1
000075	7	car	537	457	582	504	0
000076	1	car	309	472	395	541	0
000076	4	car	413	451	480	501	0
000076	5	car	682	458	857	541	0
000076	6	motorbike	183	460	290	536	1
000076	7	car	537	457	582	504	0
000077	1	car	308	472	395	541	0
000077	4	car	413	451	479	502	0
000077	5	car	683	458	857	542	0
000077	6	motorbike	170	460	277	536	1
000077	7	car	537	457	582	504	0
000078	1	car	306	472	395	541	0
000078	4	car	412	451	479	502	0
000078	5	car	683	458	857	542	0
000078	6	motorbike	160	461	267	537	1
000078	7	car	537	457	582	504	0
000079	1	car	304	472	395	541	0
000079	4	car	411	451	479	503	0
000079	5	car	684	459	858	543	0
000079	6	motorbike	151	463	258	539	1
000079	7	car	537	457	582	504	0
000080	1	car	303	472	395	541	0
000080	4	car	411	451	478	504	0
000080	5	car	684	459	858	542	0
000080	6	motorbike	141	464	248	540	1
000080	7	car	537	457	582	504	0
000081	1	car	301	472	395	541	0
000081	4	car	410	451	478	505	0
000081	5	car	684	459	859	542	0
000081	6	motorbike	132	466	239	542	1
000081	7	car	537	457	582	504	0
000082	1	car	299	472	395	541	0
000082	4	car	410	451	477	506	0
000082	5	car	684	459	860	542	0
000082	6	motorbike	123	468	230	544	1
000082	7	car	537	457	582	504	0
000083	1	car	298	472	395	541	0
000083	4	car	409	451	477	507	0
000083	5	car	684	459	861	542	0
000083	6	motorbike	113	469	220	545	1
000083	7	car	537	457	582	504	0
000084	1	car	296	472	395	541	0
000084	4	car	408	451	477	508	0
000084	5	car	684	459	862	542	0
000084	6	motorbike	104	471	211	547	1
000084	7	car	537	457	582	504	0
000085	1	car	295	472	395	541	0
000085	4	car	408	452	476	508	0
000085	5	car	684	459	863	542	0
000085	6	motorbike	95	473	202	549	1
000085	7	car	537	457	582	504	0
000086	1	car	294	472	396	540	0
000086	4	car	407	452	476	509	0
000086	5	car	684	459	864	542	0
000086	6	motorbike	85	473	192	549	1
000086	7	car	537	457	582	504	0
000087	1	car	294	472	397	540	0
000087	4	car	406	452	476	510	0
000087	5	car	684	459	865	542	0
000087	6	motorbike	76	473	183	549	1
000087	7	car	537	457	582	504	0
000088	1	car	293	472	399	540	0
000088	4	car	406	452	475	511	0
000088	5	car	684	459	866	542	0
000088	6	motorbike	67	473	174	549	1
000088	7	car	537	457	582	504	0
000089	1	car	293	472	400	540	0
000089	4	car	405	452	475	512	0
000089	5	car	684	459	867	542	0
000089	6	motorbike	58	473	165	549	1
000089	7	car	537	457	582	504	0
000090	1	car	292	472	401	540	0
000090	4	car	405	452	474	513	0
000090	5	car	684	459	868	542	0
000090	6	motorbike	49	474	156	550	1
000090	7	car	537	457	582	504	0
000091	1	car	292	472	403	540	0
000091	4	car	404	452	474	514	0
000091	5	car	684	459	869	542	0
000091	6	motorbike	40	474	147	550	1
000091	7	car	537	457	582	504	0
000092	1	car	291	472	404	540	0
000092	4	car	403	452	474	514	0
000092	5	car	684	459	870	542	0
000092	6	motorbike	31	474	138	550	1
000092	7	car	537	457	582	504	0
000093	1	car	291	472	406	540	0
000093	4	car	403	452	473	515	0
000093	5	car	684	459	871	542	0
000093	6	motorbike	22	474	129	550	1
000093	7	car	537	457	582	504	0
000094	1	car	290	472	407	540	0
000094	4	car	402	452	473	516	0
000094	5	car	684	459	872	542	0
000094	6	motorbike	13	475	120	551	1
000094	7	car	537	457	582	504	0
000095	1	car	290	472	408	540	0
000095	4	car	401	452	473	517	0
000095	5	car	684	459	873	542	0
000095	6	motorbike	13	475	120	551	1
000095	7	car	537	457	582	504	0
000096	1	car	289	472	410	540	0
000096	4	car	401	452	472	518	0
000096	5	car	684	459	874	542	0
000096	6	motorbike	13	475	120	551	1
000096	7	car	537	457	582	504	0
000097	1	car	289	472	411	540	0
000097	4	car	400	452	472	519	0
000097	5	car	684	459	875	542	0
000097	6	motorbike	13	475	120	551	1
000097	7	car	537	457	582	504	0
000098	1	car	289	472	413	540	0
000098	4	car	400	453	472	520	0
000098	5	car	684	459	876	542	0
000098	6	motorbike	13	475	120	551	1
000098	7	car	537	457	582	504	0
000099	1	car	289	472	413	540	0
000099	4	car	400	453	472	520	0
000099	5	car	684	459	877	542	0
000099	6	motorbike	13	475	120	551	1
000099	7	car	537	457	582	504	0
000100	1	car	289	472	413	540	0
000100	4	car	400	453	472	520	0
000100	5	car	684	459	878	542	0
000100	6	motorbike	13	475	120	551	1
000100	7	car	537	457	582	504	0
