000001	1	car	465	202	765	459	0
000001	2	person	124	230	370	613	0
000001	3	motorbike	106	392	396	718	0
000001	4	person	1053	237	1125	374	1
000001	5	motorbike	1039	276	1150	377	1
000002	1	car	463	202	763	458	0
000002	2	person	129	230	372	610	0
000002	3	motorbike	109	391	398	718	0
000002	4	person	1053	237	1125	374	1
000002	5	motorbike	1039	276	1150	377	1
000003	1	car	462	202	762	458	0
000003	2	person	134	230	375	608	0
000003	3	motorbike	113	390	400	718	0
000003	4	person	1054	237	1126	374	1
000003	5	motorbike	1039	276	1151	377	1
000004	1	car	460	202	761	458	0
000004	2	person	140	230	378	606	0
000004	3	motorbike	117	389	402	718	0
000004	4	person	1055	237	1127	374	1
000004	5	motorbike	1039	276	1152	378	1
000005	1	car	459	202	760	457	0
000005	2	person	145	230	381	604	0
000005	3	motorbike	120	389	405	718	0
000005	4	person	1056	237	1127	374	1
000005	5	motorbike	1039	276	1153	378	1
000006	1	car	457	202	759	457	0
000006	2	person	151	230	384	601	0
000006	3	motorbike	124	388	407	718	0
000006	4	person	1057	237	1128	374	1
000006	5	motorbike	1039	277	1154	378	1
000007	1	car	456	202	758	457	0
000007	2	person	156	230	387	599	0
000007	3	motorbike	128	387	409	718	0
000007	4	person	1058	237	1129	374	1
000007	5	motorbike	1040	277	1154	379	1
000008	1	car	454	203	757	456	0
000008	2	person	161	230	389	597	0
000008	3	motorbike	132	387	412	718	0
000008	4	person	1059	237	1130	375	1
000008	5	motorbike	1040	277	1155	379	1
000009	1	car	453	203	756	456	0
000009	2	person	167	230	392	595	0
000009	3	motorbike	135	386	414	718	0
000009	4	person	1059	237	1130	375	1
000009	5	motorbike	1040	277	1156	380	1
000010	1	car	451	203	755	456	0
000010	2	person	172	230	395	592	0
000010	3	motorbike	139	385	416	718	0
000010	4	person	1060	237	1131	375	1
000010	5	motorbike	1040	277	1157	380	1
000011	1	car	450	203	754	455	0
000011	2	person	178	230	398	590	0
000011	3	motorbike	143	384	419	718	0
000011	4	person	1061	237	1132	375	1
000011	5	motorbike	1040	278	1158	380	1
000012	1	car	448	203	753	455	0
000012	2	person	183	230	401	588	0
000012	3	motorbike	146	384	421	718	0
000012	4	person	1062	237	1132	375	1
000012	5	motorbike	1040	278	1159	381	1
000013	1	car	447	203	752	455	0
000013	2	person	189	230	404	586	0
000013	3	motorbike	150	383	423	718	0
000013	4	person	1063	237	1133	375	1
000013	5	motorbike	1041	278	1159	381	1
000014	1	car	445	204	751	454	0
000014	2	person	194	230	406	583	0
000014	3	motorbike	154	382	426	718	0
000014	4	person	1064	237	1134	375	1
000014	5	motorbike	1041	278	1160	382	1
000015	1	car	444	204	750	454	0
000015	2	person	199	230	409	581	0
000015	3	motorbike	158	382	428	718	0
000015	4	person	1065	238	1135	376	1
000015	5	motorbike	1041	279	1161	382	1
000016	1	car	442	204	749	454	0
000016	2	person	205	230	412	579	0
000016	3	motorbike	161	381	430	718	0
000016	4	person	1064	238	1135	376	1
000016	5	motorbike	1041	279	1162	382	1
000017	1	car	441	204	748	454	0
000017	2	person	210	230	415	577	0
000017	3	motorbike	165	380	433	718	0
000017	4	person	1064	238	1136	376	1
000017	5	motorbike	1041	279	1163	383	1
000018	1	car	440	204	747	453	0
000018	2	person	216	230	418	574	0
000018	3	motorbike	169	379	435	718	0
000018	4	person	1064	238	1136	376	1
000018	5	motorbike	1041	279	1164	383	1
000019	1	car	438	204	746	453	0
000019	2	person	221	230	421	572	0
000019	3	motorbike	172	379	437	718	0
000019	4	person	1063	239	1137	377	1
000019	5	motorbike	1042	279	1164	384	1
000020	1	car	437	204	745	453	0
000020	2	person	226	230	423	570	0
000020	3	motorbike	176	378	440	718	0
000020	4	person	1063	239	1137	377	1
000020	5	motorbike	1042	280	1165	384	1
000021	1	car	435	205	744	452	0
000021	2	person	232	230	426	568	0
000021	3	motorbike	180	377	442	718	0
000021	4	person	1063	239	1138	377	1
000021	5	motorbike	1042	280	1166	384	1
000022	1	car	434	205	743	452	0
000022	2	person	237	230	429	565	0
000022	3	motorbike	184	377	444	718	0
000022	4	person	1062	239	1138	377	1
000022	5	motorbike	1042	280	1167	385	1
000023	1	car	432	205	742	452	0
000023	2	person	243	230	432	563	0
000023	3	motorbike	187	376	447	718	0
000023	4	person	1062	240	1139	378	1
000023	5	motorbike	1042	280	1168	385	1
000024	1	car	431	205	741	451	0
000024	2	person	248	230	435	561	0
000024	3	motorbike	191	375	449	718	0
000024	4	person	1062	240	1139	378	1
000024	5	motorbike	1043	281	1169	386	1
000025	1	car	429	205	740	451	0
000025	2	person	254	231	438	559	0
000025	3	motorbike	195	374	451	718	0
000025	4	person	1061	240	1140	378	1
000025	5	motorbike	1040	281	1169	386	1
000026	1	car	428	205	739	451	0
000026	2	person	254	230	439	559	0
000026	3	motorbike	198	374	454	718	0
000026	4	person	1061	240	1140	378	1
000026	5	motorbike	1038	281	1169	386	1
000027	1	car	426	206	738	450	0
000027	2	person	254	230	441	560	0
000027	3	motorbike	202	373	456	718	0
000027	4	person	1061	241	1141	379	1
000027	5	motorbike	1036	281	1169	387	1
000028	1	car	425	206	737	450	0
000028	2	person	255	230	442	561	0
000028	3	motorbike	206	372	458	718	0
000028	4	person	1060	241	1141	379	1
000028	5	motorbike	1033	281	1170	387	1
000029	1	car	423	206	736	450	0
000029	2	person	255	229	444	562	0
000029	3	motorbike	210	372	461	718	0
000029	4	person	1060	241	1142	379	1
000029	5	motorbike	1031	282	1170	388	1
000030	1	car	422	206	735	449	0
000030	2	person	256	229	446	563	0
000030	3	motorbike	213	371	462	717	0
000030	4	person	1060	241	1142	379	1
000030	5	motorbike	1029	282	1170	388	1
000031	1	car	420	206	734	449	0
000031	2	person	256	229	447	564	0
000031	3	motorbike	216	371	464	717	0
000031	4	person	1060	242	1143	380	1
000031	5	motorbike	1027	282	1170	389	1
000032	1	car	419	206	733	449	0
000032	2	person	256	228	449	565	0
000032	3	motorbike	219	371	465	717	0
000032	4	person	1059	242	1141	380	1
000032	5	motorbike	1024	282	1171	389	1
000033	1	car	418	207	732	449	0
000033	2	person	257	228	451	566	0
000033	3	motorbike	223	371	467	717	0
000033	4	person	1058	242	1139	380	1
000033	5	motorbike	1022	282	1171	390	1
000034	1	car	415	206	729	448	0
000034	2	person	257	228	452	567	0
000034	3	motorbike	226	371	469	717	0
000034	4	person	1057	242	1137	380	1
000034	5	motorbike	1020	283	1171	390	1
000034	6	person	1079	261	1115	349	1
000035	1	car	413	206	726	448	0
000035	2	person	258	227	454	568	0
000035	3	motorbike	229	371	470	716	0
000035	4	person	1057	242	1135	380	1
000035	5	motorbike	1018	283	1171	391	1
000035	6	person	1076	260	1112	348	1
000036	1	car	410	206	724	448	0
000036	2	person	258	227	455	569	0
000036	3	motorbike	233	371	472	716	0
000036	4	person	1056	242	1133	380	1
000036	5	motorbike	1015	283	1172	391	1
000036	6	person	1074	260	1110	348	1
000037	1	car	408	206	721	448	0
000037	2	person	259	227	457	570	0
000037	3	motorbike	236	371	473	716	0
000037	4	person	1055	242	1131	380	1
000037	5	motorbike	1013	283	1172	392	1
000037	6	person	1072	260	1108	348	1
000038	1	car	405	206	719	448	0
000038	2	person	259	226	459	571	0
000038	3	motorbike	239	371	475	716	0
000038	4	person	1054	242	1129	380	1
000038	5	motorbike	1011	283	1172	392	1
000038	6	person	1070	260	1106	348	1
000039	1	car	403	206	716	447	0
000039	2	person	259	226	460	572	0
000039	3	motorbike	243	371	477	716	0
000039	4	person	1054	242	1128	380	1
000039	5	motorbike	1009	284	1173	393	1
000039	6	person	1068	260	1104	348	1
000040	1	car	400	206	714	447	0
000040	2	person	260	226	462	573	0
000040	3	motorbike	243	371	475	716	0
000040	4	person	1053	242	1126	380	1
000040	5	motorbike	1007	284	1171	394	1
000040	6	person	1066	260	1102	348	1
000041	1	car	398	205	711	447	0
000041	2	person	260	225	464	574	0
000041	3	motorbike	243	371	474	716	0
000041	4	person	1052	242	1124	380	1
000041	5	motorbike	1005	284	1169	395	1
000041	6	person	1061	260	1098	348	1
000042	1	car	395	205	709	447	0
000042	2	person	261	225	465	575	0
000042	3	motorbike	243	371	472	716	0
000042	4	person	1051	242	1122	380	1
000042	5	motorbike	1003	285	1167	396	1
000042	6	person	1057	260	1095	348	1
000043	1	car	393	205	706	447	0
000043	2	person	261	225	467	576	0
000043	3	motorbike	243	371	471	716	0
000043	4	person	1051	242	1120	380	1
000043	5	motorbike	998	284	1163	395	1
000043	6	person	1053	261	1091	349	1
000044	1	car	390	205	704	447	0
000044	2	person	261	224	468	577	0
000044	3	motorbike	243	371	469	716	0
000044	4	person	1050	242	1118	380	1
000044	5	motorbike	994	284	1159	395	1
000044	6	person	1049	261	1088	349	1
000045	1	car	388	205	701	446	0
000045	2	person	262	224	470	578	0
000045	3	motorbike	243	371	468	716	0
000045	4	person	1049	242	1116	380	1
000045	5	motorbike	990	284	1155	395	1
000045	6	person	1045	262	1084	349	1
000046	1	car	385	205	699	446	0
000046	2	person	262	224	472	579	0
000046	3	motorbike	244	371	466	716	0
000046	4	person	1048	242	1114	380	1
000046	5	motorbike	986	284	1151	395	1
000046	6	person	1041	262	1081	350	1
000047	1	car	383	205	696	446	0
000047	2	person	263	223	473	580	0
000047	3	motorbike	244	371	465	716	0
000047	4	person	1048	242	1113	381	1
000047	5	motorbike	982	284	1148	395	1
000047	6	person	1037	262	1077	350	1
000048	1	car	380	205	694	446	0
000048	2	person	263	223	475	581	0
000048	3	motorbike	244	371	463	716	0
000048	4	person	1040	241	1108	380	1
000048	5	motorbike	978	284	1144	395	1
000048	6	person	1033	263	1074	350	1
000049	1	car	378	204	691	446	0
000049	2	person	264	223	477	582	0
000049	3	motorbike	244	371	462	716	0
000049	4	person	1033	241	1103	380	1
000049	5	motorbike	974	284	1140	395	1
000049	6	person	1029	263	1070	351	1
000050	1	car	375	204	689	446	0
000050	2	person	260	222	475	583	0
000050	3	motorbike	244	371	460	716	0
000050	4	person	1026	240	1098	379	1
000050	5	motorbike	970	284	1136	395	1
000050	6	person	1025	264	1067	351	1
000051	1	car	373	204	686	445	0
000051	2	person	257	222	473	585	0
000051	3	motorbike	244	371	459	716	0
000051	4	person	1019	240	1093	379	1
000051	5	motorbike	966	284	1132	395	1
000051	6	person	1021	264	1063	351	1
000052	1	car	370	204	684	445	0
000052	2	person	254	222	471	587	0
000052	3	motorbike	244	371	457	716	0
000052	4	person	1012	239	1088	379	1
000052	5	motorbike	962	284	1129	395	1
000052	6	person	1017	265	1060	352	1
000053	1	car	368	204	681	445	0
000053	2	person	251	222	469	588	0
000053	3	motorbike	245	372	456	716	0
000053	4	person	1005	239	1084	378	1
000053	5	motorbike	954	283	1122	395	1
000053	6	person	1009	264	1053	351	1
000054	1	car	365	204	679	445	0
000054	2	person	248	222	467	590	0
000054	3	motorbike	242	371	454	715	0
000054	4	person	998	238	1079	378	1
000054	5	motorbike	947	283	1115	395	1
000054	6	person	1002	263	1046	351	1
000055	1	car	363	204	676	445	0
000055	2	person	244	222	465	592	0
000055	3	motorbike	239	371	453	715	0
000055	4	person	991	238	1074	378	1
000055	5	motorbike	940	283	1108	395	1
000055	6	person	995	263	1039	351	1
000056	1	car	361	204	674	445	0
000056	2	person	241	222	463	593	0
000056	3	motorbike	236	371	451	715	0
000056	4	person	984	237	1069	377	1
000056	5	motorbike	933	283	1101	395	1
000056	6	person	988	262	1032	351	1
000057	1	car	340	204	666	445	0
000057	2	person	238	222	461	595	0
000057	3	motorbike	233	371	450	715	0
000057	4	person	977	237	1064	377	1
000057	5	motorbike	925	283	1094	395	1
000057	6	person	981	262	1026	351	1
000058	1	car	320	204	658	446	0
000058	2	person	235	222	459	597	0
000058	3	motorbike	230	371	448	715	0
000058	4	person	970	237	1060	377	1
000058	5	motorbike	918	283	1087	395	1
000058	6	person	974	261	1019	351	1
000059	1	car	299	204	650	446	0
000059	2	person	232	222	458	598	0
000059	3	motorbike	228	371	447	715	0
000059	4	person	963	236	1052	377	1
000059	5	motorbike	911	283	1081	395	1
000059	6	person	967	260	1012	351	1
000060	1	car	279	204	642	447	0
000060	2	person	228	222	456	600	0
000060	3	motorbike	225	371	445	715	0
000060	4	person	956	236	1044	377	1
000060	5	motorbike	904	283	1074	395	1
000060	6	person	960	260	1005	351	1
000061	1	car	259	204	634	447	0
000061	2	person	225	222	454	602	0
000061	3	motorbike	222	371	444	714	0
000061	4	person	949	236	1036	377	1
000061	5	motorbike	896	283	1067	395	1
000061	6	person	953	259	998	351	1
000062	1	car	238	204	626	448	0
000062	2	person	222	222	452	603	0
000062	3	motorbike	219	371	442	714	0
000062	4	person	942	235	1029	377	1
000062	5	motorbike	889	283	1060	395	1
000062	6	person	946	259	992	351	1
000063	1	car	218	204	618	448	0
000063	2	person	219	222	450	605	0
000063	3	motorbike	216	371	441	714	0
000063	4	person	935	235	1021	377	1
000063	5	motorbike	882	283	1053	395	1
000063	6	person	936	259	982	351	1
000064	1	car	198	204	611	449	0
000064	2	person	216	222	448	607	0
000064	3	motorbike	214	371	439	714	0
000064	4	person	928	235	1013	377	1
000064	5	motorbike	875	283	1046	395	1
000064	6	person	926	259	972	351	1
000065	1	car	185	204	603	449	0
000065	2	person	212	221	446	608	0
000065	3	motorbike	211	370	438	714	0
000065	4	person	921	235	1006	377	1
000065	5	motorbike	868	283	1040	395	1
000065	6	person	916	259	962	351	1
000066	1	car	173	204	595	450	0
000066	2	person	209	221	444	610	0
000066	3	motorbike	208	370	436	714	0
000066	4	person	910	235	994	377	1
000066	5	motorbike	856	284	1027	394	1
000066	6	person	906	259	952	351	1
000067	1	car	160	204	587	451	0
000067	2	person	206	221	442	612	0
000067	3	motorbike	205	370	435	714	0
000067	4	person	900	235	982	377	1
000067	5	motorbike	845	285	1015	394	1
000067	6	person	897	259	943	351	1
000067	8	person	1160	251	1279	500	1
000068	1	car	148	204	580	452	0
000068	2	person	203	221	440	613	0
000068	3	motorbike	202	370	433	713	0
000068	4	person	890	235	970	377	1
000068	5	motorbike	834	286	1003	394	1
000068	6	person	887	259	933	351	1
000068	7	motorbike	1048	320	1278	539	1
000068	8	person	1126	248	1245	481	1
000069	1	car	132	203	569	451	0
000069	2	person	200	221	439	615	0
000069	3	motorbike	199	370	432	713	0
000069	4	person	880	235	958	377	1
000069	5	motorbike	823	287	991	393	1
000069	6	person	877	259	923	351	1
000069	7	motorbike	1024	318	1249	524	1
000069	8	person	1093	246	1211	462	1
000070	1	car	117	203	558	451	0
000070	2	person	196	221	437	617	0
000070	3	motorbike	197	370	430	713	0
000070	4	person	870	235	946	377	1
000070	5	motorbike	812	288	979	393	1
000070	6	person	867	259	913	351	1
000070	7	motorbike	1000	316	1220	509	1
000070	8	person	1059	243	1178	443	1
000071	1	car	101	203	548	451	0
000071	2	person	193	221	435	618	0
000071	3	motorbike	194	370	429	713	0
000071	4	person	859	235	934	377	1
000071	5	motorbike	801	289	967	393	1
000071	6	person	857	259	903	351	1
000071	7	motorbike	977	314	1192	494	1
000071	8	person	1026	241	1144	425	1
000072	1	car	86	203	537	451	0
000072	2	person	190	221	433	620	0
000072	3	motorbike	191	370	427	713	0
000072	4	person	849	235	922	377	1
000072	5	motorbike	790	290	955	393	1
000072	6	person	848	260	894	352	1
000072	7	motorbike	952	311	1155	479	1
000072	8	person	992	238	1111	406	1
000073	1	car	70	202	526	450	0
000073	2	person	187	221	431	622	0
000073	3	motorbike	188	370	426	713	0
000073	4	person	839	235	910	377	1
000073	5	motorbike	779	291	943	392	1
000073	6	person	836	260	882	349	1
000073	7	motorbike	927	309	1119	464	1
000073	8	person	959	236	1077	387	1
000074	1	car	55	202	516	450	0
000074	2	person	184	221	429	623	0
000074	3	motorbike	185	370	424	713	0
000074	4	person	829	235	898	377	1
000074	5	motorbike	768	292	931	392	1
000074	6	person	824	260	870	347	1
000074	7	motorbike	902	307	1083	449	1
000074	8	person	926	234	1044	369	1
000075	1	car	39	202	505	450	0
000075	2	person	180	221	427	625	0
000075	3	motorbike	183	370	423	713	0
000075	4	person	819	236	887	377	1
000075	5	motorbike	757	293	919	392	1
000075	6	person	812	260	858	345	1
000075	7	motorbike	878	305	1047	435	1
000075	8	person	917	236	1029	365	1
000076	1	car	24	202	495	450	0
000076	2	person	177	221	425	627	0
000076	3	motorbike	180	370	419	713	0
000076	4	person	809	236	875	380	1
000076	5	motorbike	746	294	907	392	1
000076	6	person	800	260	846	342	1
000076	7	motorbike	870	306	1042	429	1
000076	8	person	908	238	1014	362	1
000077	1	car	21	201	481	450	0
000077	2	person	174	221	423	628	0
000077	3	motorbike	177	370	416	713	0
000077	4	person	799	236	863	383	1
000077	5	motorbike	737	293	887	392	1
000077	6	person	788	260	834	340	1
000077	7	motorbike	863	308	1037	424	1
000077	8	person	900	240	1000	359	1
000078	1	car	18	201	467	450	0
000078	2	person	171	221	421	630	0
000078	3	motorbike	175	371	413	713	0
000078	4	person	790	237	852	387	1
000078	5	motorbike	729	292	868	392	1
000078	6	person	777	261	822	338	1
000078	7	motorbike	855	310	1032	418	1
000078	8	person	891	242	985	356	1
000079	1	car	16	201	454	451	0
000079	2	person	168	221	420	632	0
000079	3	motorbike	172	371	410	713	0
000079	4	person	780	242	841	390	1
000079	5	motorbike	720	291	849	392	1
000079	6	person	767	265	812	339	1
000079	7	motorbike	848	312	1027	413	1
000079	8	person	883	244	971	353	1
000080	1	car	13	201	440	451	0
000080	2	person	163	220	416	631	0
000080	3	motorbike	170	371	407	714	0
000080	4	person	771	247	830	394	1
000080	5	motorbike	712	291	830	392	1
000080	6	person	758	269	803	341	1
000080	7	motorbike	840	314	1022	407	1
000080	8	person	878	252	964	351	1
000081	1	car	10	201	426	451	0
000081	2	person	159	220	412	631	0
000081	3	motorbike	167	372	404	714	0
000081	4	person	762	253	819	397	1
000081	5	motorbike	704	290	811	392	1
000081	6	person	749	273	794	342	1
000081	7	motorbike	833	316	1017	402	1
000081	8	person	874	260	957	350	1
000082	1	car	8	201	413	452	0
000082	2	person	155	220	409	631	0
000082	3	motorbike	165	372	401	714	0
000082	4	person	753	258	808	401	1
000082	5	motorbike	695	289	792	392	1
000082	7	motorbike	826	318	1013	397	1
000082	8	person	869	268	951	349	1
000083	1	car	5	201	399	452	0
000083	2	person	151	220	405	631	0
000083	3	motorbike	162	372	398	714	0
000083	4	person	744	264	798	405	1
000083	5	motorbike	687	288	773	392	1
000083	7	motorbike	828	320	1008	393	1
000083	8	person	865	276	944	348	1
000084	1	car	2	201	385	452	0
000084	2	person	147	220	402	631	0
000084	3	motorbike	159	373	395	715	0
000084	4	person	734	262	793	400	1
000084	5	motorbike	679	288	754	392	1
000084	7	motorbike	830	322	1003	389	1
000084	8	person	860	284	937	347	1
000085	1	car	0	201	372	453	0
000085	2	person	142	220	398	631	0
000085	3	motorbike	157	373	392	715	0
000085	4	person	725	260	788	396	1
000085	5	motorbike	670	287	751	390	1
000085	7	motorbike	832	324	999	386	1
000086	1	car	0	201	357	451	0
000086	2	person	138	220	395	631	0
000086	3	motorbike	154	373	388	715	0
000086	4	person	716	258	784	392	1
000086	5	motorbike	662	287	748	388	1
000086	7	motorbike	831	320	994	382	1
000087	1	car	0	201	343	449	0
000087	2	person	134	220	391	630	0
000087	3	motorbike	152	374	385	715	0
000087	4	person	707	256	779	388	1
000087	5	motorbike	654	286	746	387	1
000087	7	motorbike	830	317	990	379	1
000088	1	car	0	201	329	447	0
000088	2	person	130	220	388	630	0
000088	3	motorbike	149	374	382	716	0
000088	4	person	698	255	774	384	1
000088	5	motorbike	645	286	743	385	1
000088	7	motorbike	829	314	986	376	1
000089	1	car	0	201	315	445	0
000089	2	person	126	220	384	630	0
000089	3	motorbike	147	374	379	716	0
000089	4	person	689	253	770	380	1
000089	5	motorbike	637	285	740	383	1
000089	7	motorbike	828	311	981	372	1
000090	1	car	0	201	301	444	0
000090	2	person	121	220	381	630	0
000090	3	motorbike	144	375	376	716	0
000090	4	person	680	251	765	376	1
000090	5	motorbike	629	285	738	382	1
000090	7	motorbike	827	308	977	369	1
000091	1	car	0	201	287	442	0
000091	2	person	117	220	377	630	0
000091	3	motorbike	141	375	373	716	0
000091	4	person	671	249	760	372	1
000091	5	motorbike	623	289	736	382	1
000091	7	motorbike	826	305	973	366	1
000092	1	car	0	201	273	440	0
000092	2	person	113	220	374	630	0
000092	3	motorbike	139	375	370	717	0
000092	4	person	662	248	756	368	1
000092	5	motorbike	618	293	734	382	1
000092	7	motorbike	825	302	969	363	1
000093	1	car	0	201	259	438	0
000093	2	person	109	220	370	630	0
000093	3	motorbike	136	376	367	717	0
000093	4	person	653	252	747	364	1
000093	5	motorbike	612	297	732	382	1
000093	7	motorbike	827	304	964	365	1
000094	1	car	0	201	245	436	0
000094	2	person	105	220	367	630	0
000094	3	motorbike	134	376	364	717	0
000094	4	person	645	257	738	361	1
000094	5	motorbike	607	301	730	383	1
000094	7	motorbike	829	306	959	367	1
000095	1	car	0	201	231	435	0
000095	2	person	107	220	367	629	0
000095	3	motorbike	131	376	361	717	0
000095	4	person	636	262	730	358	1
000095	5	motorbike	601	305	728	383	1
000095	7	motorbike	831	309	955	369	1
000096	1	car	0	201	217	433	0
000096	2	person	109	220	367	629	0
000096	3	motorbike	129	377	358	718	0
000096	4	person	628	267	721	355	1
000096	5	motorbike	596	309	726	383	1
000096	7	motorbike	834	307	952	367	1
000097	1	car	0	201	203	431	0
000097	2	person	111	220	367	629	0
000097	3	motorbike	129	377	358	718	0
000097	4	person	620	272	712	352	1
000097	5	motorbike	590	313	724	384	1
000097	7	motorbike	838	306	949	365	1
000098	1	car	0	201	189	429	0
000098	2	person	113	220	367	629	0
000098	3	motorbike	129	377	358	718	0
000098	4	person	611	277	704	349	1
000098	5	motorbike	585	317	722	384	1
000098	7	motorbike	841	304	946	364	1
000099	1	car	0	201	175	427	0
000099	2	person	115	220	367	629	0
000099	3	motorbike	129	377	358	718	0
000099	4	person	603	282	695	346	1
000099	5	motorbike	579	321	720	384	1
000099	7	motorbike	845	303	943	362	1
000100	1	car	0	201	161	426	0
000100	2	person	118	220	367	629	0
000100	3	motorbike	129	377	358	718	0
000100	4	person	595	287	687	343	1
000100	5	motorbike	574	325	718	385	1
000100	7	motorbike	849	302	940	361	1
