000001	1	motorbike	170	386	352	508	1
000001	3	person	200	309	269	456	1
000001	4	person	151	313	222	439	1
000001	5	person	1210	276	1255	331	1
000001	6	motorbike	1216	310	1261	395	0
000001	7	person	1144	276	1187	396	0
000001	8	car	689	322	802	359	0
000001	9	car	1038	302	1123	343	0
000001	10	car	631	321	675	363	0
000001	11	car	489	329	516	361	0
000001	12	car	391	333	445	371	0
000001	13	car	315	339	362	373	0
000001	14	car	3	333	62	399	0
000002	1	motorbike	170	386	352	508	1
000002	3	person	207	308	275	455	1
000002	4	person	158	312	229	438	1
000002	5	person	1209	276	1254	331	1
000002	6	motorbike	1215	310	1260	395	0
000002	7	person	1143	275	1186	395	0
000002	8	car	688	322	801	359	0
000002	9	car	1038	302	1123	343	0
000002	10	car	630	321	674	363	0
000002	11	car	488	329	515	361	0
000002	12	car	391	333	445	371	0
000002	13	car	315	339	362	373	0
000002	14	car	2	333	54	399	0
000003	1	motorbike	170	386	352	508	1
000003	3	person	214	307	281	454	1
000003	4	person	166	312	237	438	1
000003	5	person	1209	276	1254	332	1
000003	6	motorbike	1214	311	1260	396	0
000003	7	person	1142	275	1185	395	0
000003	8	car	688	322	801	359	0
000003	9	car	1038	302	1123	343	0
000003	10	car	630	321	674	363	0
000003	11	car	488	329	515	361	0
000003	12	car	391	333	445	371	0
000003	13	car	315	339	362	373	0
000003	14	car	1	333	46	399	0
000004	1	motorbike	180	385	362	507	1
000004	3	person	222	307	288	453	1
000004	4	person	173	312	244	438	1
000004	5	person	1208	276	1253	332	1
000004	6	motorbike	1213	312	1260	397	0
000004	7	person	1141	275	1184	395	0
000004	8	car	687	322	800	359	0
000004	9	car	1038	302	1123	343	0
000004	10	car	630	321	674	363	0
000004	11	car	488	329	515	361	0
000004	12	car	391	333	445	371	0
000004	13	car	315	339	362	373	0
000005	1	motorbike	190	385	372	507	1
000005	3	person	229	306	294	453	1
000005	4	person	181	312	252	438	1
000005	5	person	1208	276	1253	333	1
000005	6	motorbike	1213	313	1260	398	0
000005	7	person	1141	274	1184	394	0
000005	8	car	687	322	800	359	0
000005	9	car	1038	302	1123	343	0
000005	10	car	629	321	673	363	0
000005	11	car	487	330	514	362	0
000005	12	car	391	333	445	371	0
000005	13	car	315	339	362	373	0
000006	1	motorbike	201	385	383	507	1
000006	3	person	237	306	301	452	1
000006	4	person	188	311	259	437	1
000006	5	person	1208	276	1252	334	1
000006	6	motorbike	1212	314	1259	398	0
000006	7	person	1140	274	1183	394	0
000006	8	car	686	322	799	359	0
000006	9	car	1038	302	1123	343	0
000006	10	car	629	321	673	363	0
000006	11	car	487	330	514	362	0
000006	12	car	391	333	445	371	0
000006	13	car	315	339	362	373	0
000007	1	motorbike	209	382	391	504	1
000007	3	person	244	305	307	451	1
000007	4	person	196	311	267	437	1
000007	5	person	1207	276	1252	334	1
000007	6	motorbike	1211	314	1259	399	0
000007	7	person	1139	274	1182	394	0
000007	8	car	686	322	799	359	0
000007	9	car	1038	302	1123	343	0
000007	10	car	629	321	673	363	0
000007	11	car	487	330	514	362	0
000007	12	car	391	333	445	371	0
000007	13	car	315	339	362	373	0
000008	1	motorbike	217	379	399	501	1
000008	3	person	251	304	314	450	1
000008	4	person	203	311	274	437	1
000008	5	person	1207	276	1252	335	1
000008	6	motorbike	1210	315	1259	400	0
000008	7	person	1139	274	1182	394	0
000008	8	car	685	322	798	359	0
000008	9	car	1038	302	1123	343	0
000008	10	car	629	322	673	364	0
000008	11	car	486	330	513	362	0
000008	12	car	391	333	445	371	0
000008	13	car	315	339	362	373	0
000009	1	motorbike	225	376	407	498	1
000009	3	person	259	304	320	450	1
000009	4	person	211	311	282	437	1
000009	5	person	1206	276	1251	335	1
000009	6	motorbike	1210	316	1259	401	0
000009	7	person	1138	273	1181	393	0
000009	8	car	685	322	798	359	0
000009	9	car	1038	302	1123	343	0
000009	10	car	628	322	672	364	0
000009	11	car	486	331	513	363	0
000009	12	car	391	333	445	371	0
000009	13	car	315	339	362	373	0
000010	1	motorbike	234	374	416	496	1
000010	3	person	266	303	327	449	1
000010	4	person	219	311	290	437	1
000010	5	person	1206	276	1251	336	1
000010	6	motorbike	1209	317	1259	402	0
000010	7	person	1137	273	1180	393	0
000010	8	car	684	322	797	359	0
000010	9	car	1038	302	1123	343	0
000010	10	car	628	322	672	364	0
000010	11	car	486	331	513	363	0
000010	12	car	391	333	445	371	0
000010	13	car	315	339	362	373	0
000011	1	motorbike	239	375	421	497	1
000011	3	person	274	303	333	448	1
000011	4	person	225	310	295	436	1
000011	5	person	1206	276	1250	337	1
000011	6	motorbike	1208	318	1258	402	0
000011	7	person	1136	273	1179	393	0
000011	8	car	684	322	797	359	0
000011	9	car	1038	302	1123	343	0
000011	10	car	628	322	672	364	0
000011	11	car	485	331	512	363	0
000011	12	car	391	333	445	371	0
000011	13	car	315	339	362	373	0
000012	1	motorbike	244	377	426	499	1
000012	3	person	281	302	340	447	1
000012	4	person	231	310	300	435	1
000012	5	person	1205	276	1250	337	1
000012	6	motorbike	1207	319	1258	403	0
000012	7	person	1136	273	1179	393	0
000012	8	car	683	323	796	360	0
000012	9	car	1038	302	1123	343	0
000012	10	car	627	322	671	364	0
000012	11	car	485	331	512	363	0
000012	12	car	391	333	445	371	0
000012	13	car	315	339	362	373	0
000013	1	motorbike	250	379	432	501	1
000013	3	person	289	302	346	447	1
000013	4	person	237	309	306	434	1
000013	5	person	1205	276	1249	338	1
000013	6	motorbike	1207	319	1258	404	0
000013	7	person	1135	272	1178	392	0
000013	8	car	683	323	796	360	0
000013	9	car	1038	302	1123	343	0
000013	10	car	627	322	671	364	0
000013	11	car	485	332	512	364	0
000013	12	car	391	333	445	371	0
000013	13	car	315	339	362	373	0
000014	1	motorbike	253	376	435	498	1
000014	3	person	296	301	353	446	1
000014	4	person	243	309	311	433	1
000014	5	person	1204	276	1249	338	1
000014	6	motorbike	1206	320	1258	405	0
000014	7	person	1134	272	1177	392	0
000014	8	car	682	323	795	360	0
000014	9	car	1038	302	1123	343	0
000014	10	car	627	323	671	365	0
000014	11	car	484	332	511	364	0
000014	12	car	391	333	445	371	0
000014	13	car	315	339	362	373	0
000015	1	motorbike	257	373	439	495	1
000015	3	person	303	300	359	445	1
000015	4	person	250	308	316	432	1
000015	5	person	1204	276	1249	339	1
000015	6	motorbike	1205	321	1258	406	0
000015	7	person	1134	272	1177	392	0
000015	8	car	682	323	795	360	0
000015	9	car	1038	302	1123	343	0
000015	10	car	627	323	671	365	0
000015	11	car	484	332	511	364	0
000015	12	car	391	333	445	371	0
000016	1	motorbike	261	371	443	493	1
000016	3	person	311	300	366	444	1
000016	4	person	256	308	322	431	1
000016	5	person	1204	276	1248	340	1
000016	6	motorbike	1204	322	1257	406	0
000016	7	person	1133	272	1176	392	0
000016	8	car	682	323	795	360	0
000016	9	car	1038	302	1123	343	0
000016	10	car	626	323	670	365	0
000016	11	car	484	332	511	364	0
000016	12	car	391	333	445	371	0
000017	1	motorbike	269	371	441	492	1
000017	3	person	318	299	372	444	1
000017	4	person	262	307	327	430	1
000017	5	person	1203	276	1248	340	1
000017	6	motorbike	1204	323	1257	407	0
000017	7	person	1132	271	1175	391	0
000017	8	car	681	323	794	360	0
000017	9	car	1038	302	1123	343	0
000017	10	car	626	323	670	365	0
000017	11	car	483	333	510	365	0
000017	12	car	391	333	445	371	0
000018	1	motorbike	277	371	440	491	1
000018	3	person	326	299	379	443	1
000018	4	person	268	307	332	429	1
000018	5	person	1203	276	1247	341	1
000018	6	motorbike	1203	323	1257	408	0
000018	7	person	1131	271	1174	391	0
000018	8	car	681	323	794	360	0
000018	9	car	1038	302	1123	343	0
000018	10	car	626	323	670	365	0
000018	11	car	483	333	510	365	0
000018	12	car	391	333	445	371	0
000019	1	motorbike	285	371	439	491	1
000019	3	person	333	298	385	442	1
000019	4	person	275	306	338	428	1
000019	5	person	1202	276	1247	341	1
000019	6	motorbike	1202	324	1257	409	0
000019	7	person	1131	271	1174	391	0
000019	8	car	680	323	793	360	0
000019	9	car	1038	302	1123	343	0
000019	10	car	625	323	669	365	0
000019	11	car	483	333	510	365	0
000019	12	car	391	333	445	371	0
000020	1	motorbike	291	371	445	491	1
000020	3	person	341	298	392	442	1
000020	4	person	281	306	343	427	1
000020	5	person	1202	276	1246	342	1
000020	6	motorbike	1201	325	1256	409	0
000020	7	person	1130	270	1173	390	0
000020	8	car	680	323	793	360	0
000020	9	car	1038	302	1123	343	0
000020	10	car	625	324	669	366	0
000020	11	car	482	333	509	365	0
000020	12	car	391	333	445	371	0
000021	1	motorbike	297	371	451	491	1
000021	3	person	344	298	395	441	1
000021	4	person	287	305	348	426	1
000021	5	person	1202	276	1246	343	1
000021	6	motorbike	1201	326	1256	410	0
000021	7	person	1129	270	1172	390	0
000021	8	car	679	323	792	360	0
000021	9	car	1038	302	1123	343	0
000021	10	car	625	324	669	366	0
000021	11	car	482	334	509	366	0
000021	12	car	391	333	445	371	0
000022	1	motorbike	304	371	458	491	1
000022	3	person	348	298	399	440	1
000022	4	person	293	305	354	425	1
000022	5	person	1201	276	1246	343	1
000022	6	motorbike	1200	327	1256	411	0
000022	7	person	1129	270	1172	390	0
000022	8	car	679	323	792	360	0
000022	9	car	1038	302	1123	343	0
000022	10	car	625	324	669	366	0
000022	11	car	482	334	509	366	0
000022	12	car	391	333	445	371	0
000023	1	motorbike	309	370	460	490	1
000023	3	person	352	298	403	439	1
000023	4	person	300	304	359	424	1
000023	5	person	1201	276	1245	344	1
000023	6	motorbike	1199	328	1256	412	0
000023	7	person	1128	270	1171	390	0
000023	8	car	678	324	791	361	0
000023	9	car	1038	302	1123	343	0
000023	10	car	624	324	668	366	0
000023	11	car	481	334	508	366	0
000023	12	car	391	333	445	371	0
000024	1	motorbike	315	370	463	489	1
000024	3	person	356	298	407	438	1
000024	4	person	306	304	364	423	1
000024	5	person	1200	276	1245	344	1
000024	6	motorbike	1198	328	1256	413	0
000024	7	person	1127	269	1170	389	0
000024	8	car	678	324	791	361	0
000024	9	car	1038	302	1123	343	0
000024	10	car	624	324	668	366	0
000024	11	car	481	334	508	366	0
000024	12	car	391	333	445	371	0
000025	1	motorbike	321	369	466	488	1
000025	3	person	360	298	410	437	1
000025	4	person	312	303	370	422	1
000025	5	person	1200	276	1244	345	1
000025	6	motorbike	1198	329	1255	413	0
000025	7	person	1126	269	1169	389	0
000025	8	car	677	324	790	361	0
000025	9	car	1038	302	1123	343	0
000025	10	car	624	324	668	366	0
000025	11	car	481	335	508	367	0
000025	12	car	391	333	445	371	0
000026	1	motorbike	327	369	469	488	1
000026	3	person	364	299	414	436	1
000026	4	person	318	303	375	421	1
000026	5	person	1200	276	1244	346	1
000026	6	motorbike	1197	330	1255	414	0
000026	7	person	1126	269	1169	389	0
000026	8	car	677	324	790	361	0
000026	9	car	1038	302	1123	343	0
000026	10	car	624	325	668	367	0
000026	11	car	480	335	507	367	0
000026	12	car	391	333	445	371	0
000027	1	motorbike	333	368	472	487	1
000027	3	person	368	299	418	435	1
000027	4	person	324	302	380	420	1
000027	5	person	1199	276	1243	346	1
000027	6	motorbike	1196	331	1255	415	0
000027	7	person	1125	269	1168	389	0
000027	8	car	676	324	789	361	0
000027	9	car	1038	302	1123	343	0
000027	10	car	623	325	667	367	0
000027	11	car	480	335	507	367	0
000028	1	motorbike	338	368	475	486	1
000028	3	person	372	299	422	434	1
000028	4	person	331	302	386	419	1
000028	5	person	1199	276	1243	347	1
000028	6	motorbike	1195	332	1255	416	0
000028	7	person	1124	268	1167	388	0
000028	8	car	676	324	789	361	0
000028	9	car	1038	302	1123	343	0
000028	10	car	623	325	667	367	0
000028	11	car	480	335	507	367	0
000029	1	motorbike	344	367	478	486	1
000029	3	person	376	299	426	433	1
000029	4	person	337	301	391	418	1
000029	5	person	1199	276	1243	348	1
000029	6	motorbike	1195	333	1255	417	0
000029	7	person	1124	268	1167	388	0
000029	8	car	675	324	788	361	0
000029	9	car	1038	302	1123	343	0
000029	10	car	623	325	667	367	0
000029	11	car	480	336	507	368	0
000029	13	car	315	339	362	373	0
000029	15	motorbike	203	335	232	387	0
000030	1	motorbike	350	367	481	485	1
000030	3	person	379	299	429	432	1
000030	4	person	343	301	396	417	1
000030	5	person	1199	276	1243	348	1
000030	6	motorbike	1195	333	1255	417	0
000030	7	person	1123	268	1166	388	0
000030	8	car	675	324	788	361	0
000030	9	car	1038	302	1123	343	0
000030	10	car	622	325	666	367	0
000030	11	car	478	336	505	368	0
000030	13	car	313	339	360	373	0
000030	15	motorbike	201	335	230	387	0
000031	1	motorbike	356	366	484	484	1
000031	3	person	383	299	433	431	1
000031	4	person	349	300	402	416	1
000031	5	person	1199	276	1243	348	1
000031	6	motorbike	1195	333	1255	417	0
000031	7	person	1122	268	1165	388	0
000031	8	car	675	324	788	361	0
000031	9	car	1038	302	1123	343	0
000031	10	car	622	325	666	367	0
000031	11	car	477	336	504	368	0
000031	13	car	312	340	359	374	0
000031	15	motorbike	199	335	228	387	0
000032	1	motorbike	362	366	487	484	1
000032	3	person	387	300	437	430	1
000032	4	person	356	300	407	415	1
000032	5	person	1199	276	1243	348	1
000032	6	motorbike	1195	333	1255	417	0
000032	7	person	1121	267	1164	387	0
000032	8	car	674	324	787	361	0
000032	9	car	1038	302	1123	343	0
000032	10	car	622	326	666	368	0
000032	11	car	476	336	503	368	0
000032	13	car	311	341	358	375	0
000032	15	motorbike	197	336	226	388	0
000033	1	motorbike	367	365	486	483	1
000033	3	person	391	300	441	429	1
000033	4	person	362	299	412	414	1
000033	5	person	1199	276	1243	348	1
000033	6	motorbike	1195	333	1255	417	0
000033	7	person	1121	267	1164	387	0
000033	8	car	674	324	787	361	0
000033	9	car	1038	302	1123	343	0
000033	10	car	622	326	666	368	0
000033	11	car	475	336	502	368	0
000033	13	car	310	341	357	375	0
000033	15	motorbike	195	336	224	388	0
000034	1	motorbike	372	365	485	482	1
000034	3	person	395	300	444	428	1
000034	4	person	368	299	418	413	1
000034	5	person	1199	276	1243	348	1
000034	6	motorbike	1195	333	1255	417	0
000034	7	person	1120	267	1163	387	0
000034	8	car	673	325	786	362	0
000034	9	car	1038	302	1123	343	0
000034	10	car	621	326	665	368	0
000034	11	car	473	336	500	368	0
000034	13	car	308	342	355	376	0
000034	15	motorbike	193	336	222	388	0
000035	1	motorbike	377	364	484	481	1
000035	3	person	399	300	448	427	1
000035	4	person	374	298	423	412	1
000035	5	person	1199	276	1243	348	1
000035	6	motorbike	1195	333	1255	417	0
000035	7	person	1119	266	1162	386	0
000035	8	car	673	325	786	362	0
000035	9	car	1038	302	1123	343	0
000035	10	car	621	326	665	368	0
000035	11	car	472	336	499	368	0
000035	13	car	307	343	354	377	0
000035	15	motorbike	191	337	220	389	0
000036	1	motorbike	382	364	484	481	1
000036	3	person	403	300	452	426	1
000036	4	person	381	298	429	412	1
000036	5	person	1199	276	1243	348	1
000036	6	motorbike	1195	333	1255	417	0
000036	7	person	1119	266	1162	386	0
000036	8	car	672	325	785	362	0
000036	9	car	1038	302	1123	343	0
000036	10	car	621	326	665	368	0
000036	11	car	471	336	498	368	0
000036	13	car	306	343	353	377	0
000036	15	motorbike	189	337	218	389	0
000037	1	motorbike	387	362	489	479	1
000037	3	person	407	300	456	425	1
000037	4	person	384	299	432	413	1
000037	5	person	1199	276	1243	348	1
000037	6	motorbike	1195	333	1255	417	0
000037	7	person	1118	266	1161	386	0
000037	8	car	672	325	785	362	0
000037	9	car	1038	302	1123	343	0
000037	10	car	620	326	664	368	0
000037	11	car	470	336	497	368	0
000037	13	car	305	344	352	378	0
000037	15	motorbike	187	337	216	389	0
000038	1	motorbike	392	360	494	477	1
000038	3	person	411	301	460	425	1
000038	4	person	387	300	435	414	1
000038	5	person	1199	276	1243	348	1
000038	6	motorbike	1195	333	1255	417	0
000038	7	person	1117	266	1160	386	0
000038	8	car	671	325	784	362	0
000038	9	car	1038	302	1123	343	0
000038	10	car	620	327	664	369	0
000038	11	car	468	336	495	368	0
000038	13	car	303	345	350	379	0
000038	15	motorbike	185	338	214	390	0
000039	1	motorbike	397	359	499	476	1
000039	3	person	413	301	461	424	1
000039	4	person	390	301	438	415	1
000039	5	person	1199	276	1243	348	1
000039	6	motorbike	1195	333	1255	417	0
000039	7	person	1116	265	1159	385	0
000039	8	car	671	325	784	362	0
000039	9	car	1038	302	1123	343	0
000039	10	car	620	327	664	369	0
000039	11	car	467	336	494	368	0
000039	13	car	302	345	349	379	0
000039	15	motorbike	183	338	212	390	0
000040	1	motorbike	397	362	499	476	1
000040	3	person	416	301	463	423	1
000040	4	person	393	303	441	417	1
000040	5	person	1199	276	1243	348	1
000040	6	motorbike	1195	333	1255	417	0
000040	7	person	1116	265	1159	385	0
000040	8	car	670	325	783	362	0
000040	9	car	1038	302	1123	343	0
000040	10	car	620	327	664	369	0
000040	11	car	466	336	493	368	0
000040	13	car	301	346	348	380	0
000040	15	motorbike	181	338	210	390	0
000041	1	motorbike	397	366	499	477	1
000041	3	person	419	302	465	423	1
000041	4	person	396	304	444	418	1
000041	5	person	1199	276	1243	348	1
000041	6	motorbike	1195	333	1255	417	0
000041	7	person	1115	265	1158	385	0
000041	8	car	670	325	783	362	0
000041	9	car	1038	302	1123	343	0
000041	10	car	619	327	663	369	0
000041	11	car	465	336	492	368	0
000041	13	car	300	347	347	381	0
000041	15	motorbike	179	339	208	391	0
000042	1	motorbike	398	370	499	478	1
000042	3	person	422	302	467	422	1
000042	4	person	399	305	447	419	1
000042	5	person	1199	276	1243	348	1
000042	6	motorbike	1195	333	1255	417	0
000042	7	person	1114	265	1157	385	0
000042	8	car	669	325	782	362	0
000042	9	car	1038	302	1123	343	0
000042	10	car	619	327	663	369	0
000042	11	car	465	336	492	368	0
000042	13	car	298	347	345	381	0
000042	15	motorbike	177	339	206	391	0
000043	1	motorbike	402	368	498	473	1
000043	3	person	425	302	469	421	1
000043	4	person	403	307	451	421	1
000043	5	person	1199	276	1243	348	1
000043	6	motorbike	1195	333	1255	417	0
000043	7	person	1114	264	1157	384	0
000043	8	car	669	325	782	362	0
000043	9	car	1038	302	1123	343	0
000043	10	car	619	327	663	369	0
000043	11	car	465	336	492	368	0
000043	13	car	296	347	343	381	0
000043	15	motorbike	175	339	204	391	0
000044	1	motorbike	407	366	497	468	1
000044	3	person	428	303	471	421	1
000044	4	person	405	305	453	419	1
000044	7	person	1113	264	1156	384	0
000044	8	car	669	326	782	363	0
000044	9	car	1038	302	1123	343	0
000044	10	car	619	328	663	370	0
000044	12	car	372	341	415	378	0
000044	13	car	294	347	341	381	0
000044	15	motorbike	173	340	202	392	0
000044	16	person	1127	203	1266	488	0
000044	17	motorbike	1076	383	1279	598	0
000045	1	motorbike	412	364	496	463	1
000045	3	person	432	299	475	420	1
000045	4	person	408	303	456	417	1
000045	7	person	1112	264	1155	384	0
000045	8	car	668	325	781	362	0
000045	9	car	1038	302	1123	343	0
000045	10	car	617	327	661	369	0
000045	12	car	371	340	414	377	0
000045	13	car	292	347	339	381	0
000045	15	motorbike	171	340	200	392	0
000045	16	person	1101	207	1240	481	0
000045	17	motorbike	1055	383	1263	597	0
000046	1	motorbike	417	362	495	459	1
000046	3	person	437	295	479	419	1
000046	4	person	410	302	458	416	1
000046	8	car	667	325	780	362	0
000046	9	car	1038	302	1123	343	0
000046	10	car	615	326	659	368	0
000046	12	car	370	340	413	377	0
000046	13	car	291	347	338	381	0
000046	15	motorbike	170	341	199	393	0
000046	16	person	1076	212	1215	474	0
000046	17	motorbike	1035	383	1248	597	0
000047	1	motorbike	418	360	496	457	1
000047	3	person	442	292	483	419	1
000047	4	person	413	300	461	414	1
000047	8	car	666	324	779	361	0
000047	9	car	1038	302	1123	343	0
000047	10	car	613	325	657	367	0
000047	12	car	369	340	412	377	0
000047	13	car	289	346	336	380	0
000047	15	motorbike	166	340	195	392	0
000047	16	person	1051	217	1190	468	0
000047	17	motorbike	1015	383	1233	597	0
000048	1	motorbike	419	358	497	455	1
000048	3	person	443	293	484	420	1
000048	4	person	416	299	464	413	1
000048	5	person	1199	276	1243	348	1
000048	6	motorbike	1195	333	1255	417	0
000048	8	car	665	324	778	361	0
000048	9	car	1038	302	1123	343	0
000048	10	car	611	324	655	366	0
000048	12	car	368	340	411	377	0
000048	13	car	288	345	335	379	0
000048	15	motorbike	163	340	192	392	0
000048	16	person	1026	222	1164	461	0
000048	17	motorbike	995	383	1218	597	0
000049	1	motorbike	420	356	498	453	1
000049	3	person	444	294	485	421	1
000049	4	person	416	298	464	412	1
000049	5	person	1200	275	1244	347	1
000049	6	motorbike	1196	332	1256	419	0
000049	8	car	664	323	777	360	0
000049	9	car	1038	302	1123	343	0
000049	10	car	609	323	653	365	0
000049	12	car	367	340	410	377	0
000049	13	car	287	344	334	378	0
000049	15	motorbike	160	340	189	392	0
000049	16	person	1001	227	1139	454	0
000049	17	motorbike	978	380	1196	593	0
000050	1	motorbike	421	354	499	451	1
000050	3	person	445	295	486	422	1
000050	4	person	417	297	465	411	1
000050	5	person	1202	274	1246	346	1
000050	6	motorbike	1197	332	1257	422	0
000050	7	person	1112	264	1155	384	0
000050	8	car	663	323	776	360	0
000050	10	car	608	322	652	364	0
000050	12	car	367	340	410	377	0
000050	13	car	286	343	333	377	0
000050	15	motorbike	157	340	186	392	0
000050	16	person	976	232	1114	448	0
000050	17	motorbike	961	377	1175	590	0
000051	1	motorbike	422	352	500	449	1
000051	3	person	446	294	487	421	1
000051	4	person	418	296	466	410	1
000051	5	person	1203	273	1247	345	1
000051	6	motorbike	1198	332	1258	425	0
000051	7	person	1109	264	1152	384	0
000051	8	car	662	322	775	359	0
000051	10	car	606	322	650	364	0
000051	12	car	364	339	407	376	0
000051	13	car	284	343	331	377	0
000051	15	motorbike	153	339	182	391	0
000051	16	person	958	231	1096	447	0
000051	17	motorbike	944	374	1154	587	0
000052	1	motorbike	423	350	501	447	1
000052	3	person	447	294	488	421	1
000052	4	person	419	296	467	410	1
000052	5	person	1205	272	1249	344	1
000052	6	motorbike	1200	332	1259	428	0
000052	7	person	1107	264	1150	384	0
000052	8	car	661	322	774	359	0
000052	10	car	604	322	648	364	0
000052	12	car	362	339	405	376	0
000052	13	car	283	342	330	376	0
000052	15	motorbike	150	339	179	391	0
000052	16	person	941	230	1079	446	0
000052	17	motorbike	928	371	1132	584	0
000053	1	motorbike	424	348	502	445	1
000053	3	person	448	293	489	420	1
000053	4	person	420	295	468	409	1
000053	5	person	1206	271	1250	343	1
000053	6	motorbike	1201	331	1261	431	0
000053	7	person	1105	264	1148	384	0
000053	8	car	660	321	773	358	0
000053	10	car	603	322	647	364	0
000053	12	car	359	338	402	375	0
000053	13	car	282	341	329	375	0
000053	15	motorbike	147	339	176	391	0
000053	16	person	924	230	1062	446	0
000053	17	motorbike	911	368	1111	581	0
000054	1	motorbike	424	347	502	444	1
000054	3	person	449	293	490	420	1
000054	4	person	421	294	469	408	1
000054	5	person	1208	270	1252	342	1
000054	6	motorbike	1202	331	1262	434	0
000054	7	person	1103	264	1146	384	0
000054	8	car	659	321	772	358	0
000054	9	car	1030	303	1115	344	0
000054	10	car	601	323	645	365	0
000054	12	car	357	338	400	375	0
000054	13	car	281	340	328	374	0
000054	15	motorbike	144	339	173	391	0
000054	16	person	907	229	1045	445	0
000054	17	motorbike	894	365	1090	578	0
000055	1	motorbike	425	346	503	443	1
000055	2	car	6	318	42	430	1
000055	3	person	449	293	487	418	1
000055	4	person	422	293	470	407	1
000055	5	person	1210	270	1254	342	1
000055	6	motorbike	1204	331	1263	437	0
000055	7	person	1101	265	1144	385	0
000055	8	car	658	321	771	358	0
000055	9	car	1028	303	1113	344	0
000055	10	car	599	323	643	365	0
000055	12	car	355	338	398	375	0
000055	13	car	280	340	327	374	0
000055	15	motorbike	141	339	170	391	0
000055	16	person	890	229	1028	445	0
000055	17	motorbike	878	362	1069	575	0
000056	1	motorbike	425	346	503	443	1
000056	2	car	6	318	61	429	1
000056	3	person	449	294	485	417	1
000056	4	person	423	293	471	407	1
000056	5	person	1211	269	1256	344	1
000056	6	motorbike	1205	331	1264	440	0
000056	7	person	1101	264	1144	386	0
000056	8	car	658	321	768	357	0
000056	9	car	1026	304	1111	345	0
000056	10	car	598	323	642	365	0
000056	12	car	352	338	395	375	0
000056	13	car	278	340	325	374	0
000056	15	motorbike	137	339	166	391	0
000056	16	person	876	233	1011	439	0
000056	17	motorbike	866	364	1050	570	0
000057	1	motorbike	426	345	504	442	1
000057	2	car	6	318	80	429	1
000057	3	person	449	294	483	415	1
000057	4	person	422	294	470	408	1
000057	5	person	1212	269	1258	346	1
000057	6	motorbike	1206	331	1265	443	0
000057	7	person	1102	264	1144	387	0
000057	8	car	658	321	766	357	0
000057	9	car	1024	304	1109	345	0
000057	10	car	596	323	640	365	0
000057	12	car	350	339	393	376	0
000057	13	car	277	341	324	375	0
000057	15	motorbike	133	340	162	392	0
000057	16	person	863	237	994	434	0
000057	17	motorbike	854	366	1031	565	0
000058	1	motorbike	427	345	505	442	1
000058	2	car	6	318	100	429	1
000058	3	person	449	295	481	414	1
000058	4	person	422	295	470	409	1
000058	5	person	1213	269	1260	348	1
000058	6	motorbike	1208	330	1267	446	0
000058	7	person	1102	264	1145	388	0
000058	8	car	658	321	763	357	0
000058	9	car	1022	305	1107	346	0
000058	10	car	594	324	638	366	0
000058	12	car	347	340	390	377	0
000058	13	car	275	342	322	376	0
000058	15	motorbike	129	340	158	392	0
000058	16	person	850	242	977	429	0
000058	17	motorbike	842	368	1013	561	0
000059	1	motorbike	425	345	501	442	1
000059	2	car	5	316	109	428	1
000059	3	person	449	296	479	413	1
000059	4	person	421	296	469	410	1
000059	5	person	1215	269	1262	350	1
000059	6	motorbike	1209	330	1268	449	0
000059	7	person	1103	264	1145	389	0
000059	8	car	658	321	761	357	0
000059	9	car	1020	305	1105	346	0
000059	10	car	593	324	637	366	0
000059	12	car	345	341	388	378	0
000059	13	car	274	342	321	376	0
000059	15	motorbike	126	341	155	393	0
000059	16	person	836	246	960	424	0
000059	17	motorbike	830	370	994	556	0
000060	1	motorbike	424	345	498	442	1
000060	2	car	4	315	118	427	1
000060	3	person	449	297	479	414	1
000060	4	person	421	298	469	412	1
000060	5	person	1216	269	1264	352	1
000060	6	motorbike	1210	330	1269	452	0
000060	7	person	1103	264	1146	391	0
000060	8	car	658	321	758	357	0
000060	9	car	1018	306	1103	347	0
000060	10	car	591	324	635	366	0
000060	12	car	342	342	385	379	0
000060	13	car	272	343	319	377	0
000060	15	motorbike	126	341	155	393	0
000060	16	person	823	250	943	419	0
000060	17	motorbike	818	372	975	551	0
000061	1	motorbike	423	346	495	442	1
000061	2	car	4	314	128	427	1
000061	3	person	449	299	479	416	1
000061	4	person	420	299	468	413	1
000061	5	person	1217	269	1266	355	1
000061	6	motorbike	1212	330	1270	455	0
000061	7	person	1104	264	1146	392	0
000061	8	car	658	321	756	357	0
000061	9	car	1016	307	1101	348	0
000061	10	car	590	325	634	367	0
000061	12	car	340	343	383	380	0
000061	13	car	271	344	318	378	0
000061	15	motorbike	126	341	155	393	0
000061	16	person	810	255	926	414	0
000061	17	motorbike	807	374	957	547	0
000062	1	motorbike	421	346	492	443	1
000062	2	car	3	313	147	427	1
000062	3	person	449	301	479	418	1
000062	4	person	420	300	468	414	1
000062	5	person	1218	268	1268	357	1
000062	6	motorbike	1213	330	1271	458	0
000062	7	person	1104	264	1147	393	0
000062	8	car	655	323	753	359	0
000062	9	car	1014	307	1099	348	0
000062	10	car	588	325	632	367	0
000062	12	car	336	343	379	380	0
000062	13	car	267	344	314	378	0
000062	15	motorbike	126	341	155	393	0
000062	16	person	801	257	911	411	0
000062	17	motorbike	794	371	944	544	0
000063	1	motorbike	420	347	489	443	1
000063	2	car	3	312	166	427	1
000063	3	person	444	301	474	418	1
000063	4	person	419	301	467	415	1
000063	5	person	1220	268	1270	359	1
000063	6	motorbike	1214	329	1273	461	0
000063	7	person	1105	264	1147	394	0
000063	8	car	652	325	750	361	0
000063	9	car	1013	308	1098	349	0
000063	10	car	586	326	630	368	0
000063	12	car	333	344	376	381	0
000063	13	car	263	345	310	379	0
000063	16	person	792	260	897	409	0
000063	17	motorbike	781	368	931	541	0
000064	1	motorbike	419	347	486	443	1
000064	2	car	2	311	186	427	1
000064	3	person	439	301	469	418	1
000064	4	person	419	303	467	417	1
000064	5	person	1221	268	1272	361	1
000064	6	motorbike	1216	329	1274	464	0
000064	7	person	1105	264	1148	395	0
000064	8	car	649	327	747	363	0
000064	9	car	1011	309	1096	350	0
000064	10	car	584	327	628	369	0
000064	12	car	330	345	373	382	0
000064	13	car	259	346	306	380	0
000064	16	person	783	263	883	407	0
000064	17	motorbike	769	365	919	538	0
000065	1	motorbike	418	348	483	444	1
000065	2	car	2	310	205	427	1
000065	4	person	415	303	463	417	1
000065	5	person	1222	268	1274	363	1
000065	6	motorbike	1217	329	1275	467	0
000065	7	person	1106	264	1148	397	0
000065	8	car	646	329	744	365	0
000065	9	car	1010	310	1095	351	0
000065	10	car	582	328	626	370	0
000065	12	car	327	346	370	383	0
000065	13	car	255	347	302	381	0
000065	16	person	774	265	869	405	0
000065	17	motorbike	756	362	906	535	0
000066	1	motorbike	412	348	477	444	1
000066	2	car	1	309	224	427	1
000066	4	person	411	303	459	417	1
000066	5	person	1223	268	1276	365	1
000066	6	motorbike	1218	329	1276	470	0
000066	7	person	1106	264	1148	398	0
000066	8	car	643	331	741	367	0
000066	9	car	1009	311	1094	352	0
000066	10	car	580	329	624	371	0
000066	12	car	324	347	367	384	0
000066	13	car	251	348	298	382	0
000066	16	person	765	268	855	403	0
000066	17	motorbike	743	359	893	532	0
000067	1	motorbike	406	349	471	445	1
000067	2	car	1	308	244	427	1
000067	4	person	407	303	455	417	1
000067	5	person	1225	268	1279	368	1
000067	6	motorbike	1220	329	1278	473	0
000067	7	person	1107	264	1149	399	0
000067	8	car	641	334	739	370	0
000067	9	car	1007	311	1092	352	0
000067	10	car	578	330	622	372	0
000067	12	car	321	348	364	385	0
000067	13	car	247	349	294	383	0
000067	16	person	756	271	841	401	0
000067	17	motorbike	731	357	881	530	0
000068	1	motorbike	400	349	465	445	1
000068	2	car	0	307	263	427	1
000068	4	person	404	304	452	418	1
000068	5	person	1226	267	1279	367	1
000068	6	motorbike	1222	330	1278	474	0
000068	7	person	1107	264	1149	400	0
000068	8	car	637	334	735	370	0
000068	9	car	1006	312	1091	353	0
000068	10	car	574	330	618	372	0
000068	12	car	317	348	364	384	0
000068	13	car	247	349	294	383	0
000068	16	person	746	270	831	400	0
000068	17	motorbike	724	362	869	527	0
000069	1	motorbike	394	350	459	446	1
000069	2	car	0	306	283	428	1
000069	4	person	400	304	448	418	1
000069	5	person	1228	267	1279	367	1
000069	6	motorbike	1224	331	1278	475	0
000069	7	person	1108	264	1150	401	0
000069	8	car	633	335	731	371	0
000069	9	car	1004	313	1089	354	0
000069	10	car	571	331	615	373	0
000069	12	car	313	348	364	384	0
000069	13	car	247	349	294	383	0
000069	16	person	736	270	821	400	0
000069	17	motorbike	717	368	857	525	0
000070	1	motorbike	389	351	454	447	1
000070	2	car	11	301	301	428	1
000070	4	person	396	304	444	418	1
000070	5	person	1230	267	1279	367	1
000070	6	motorbike	1226	332	1278	476	0
000070	7	person	1108	264	1150	403	0
000070	8	car	629	335	727	371	0
000070	9	car	1003	314	1088	355	0
000070	10	car	567	331	611	373	0
000070	12	car	310	348	364	384	0
000070	16	person	726	270	811	400	0
000070	17	motorbike	710	373	845	522	0
000071	1	motorbike	387	354	452	447	1
000071	2	car	22	297	319	428	1
000071	4	person	393	305	441	419	1
000071	5	person	1231	267	1279	367	1
000071	6	motorbike	1228	333	1278	477	0
000071	7	person	1109	264	1151	404	0
000071	8	car	626	336	724	372	0
000071	9	car	1002	315	1087	356	0
000071	10	car	564	332	608	374	0
000071	12	car	306	348	364	384	0
000071	16	person	716	270	801	400	0
000071	17	motorbike	704	379	833	520	0
000072	1	motorbike	385	357	450	448	1
000072	2	car	33	293	338	428	1
000072	4	person	390	305	438	419	1
000072	5	person	1233	267	1279	367	1
000072	6	motorbike	1230	334	1278	478	0
000072	7	person	1109	264	1151	405	0
000072	8	car	622	336	720	372	0
000072	9	car	1005	314	1090	355	0
000072	10	car	560	332	604	374	0
000072	16	person	706	270	791	400	0
000072	17	motorbike	693	379	822	520	0
000073	1	motorbike	383	361	449	448	1
000073	2	car	47	292	360	429	1
000073	4	person	387	305	435	419	1
000073	5	person	1235	267	1279	367	1
000073	6	motorbike	1232	336	1278	480	0
000073	7	person	1110	264	1152	406	0
000073	8	car	618	337	716	373	0
000073	9	car	1009	314	1094	355	0
000073	10	car	557	333	601	375	0
000073	16	person	696	270	781	400	0
000073	17	motorbike	683	379	812	520	0
000074	1	motorbike	381	364	447	449	1
000074	2	car	61	291	383	430	1
000074	4	person	384	305	432	419	1
000074	5	person	1237	267	1279	367	1
000074	6	motorbike	1234	337	1278	481	0
000074	7	person	1110	264	1152	407	0
000074	8	car	614	337	712	373	0
000074	9	car	1012	314	1097	355	0
000074	10	car	553	333	597	375	0
000074	16	person	686	270	771	400	0
000074	17	motorbike	672	379	801	520	0
000075	1	motorbike	379	368	446	450	1
000075	2	car	75	291	406	431	1
000075	4	person	377	304	431	416	1
000075	5	person	1238	267	1279	367	1
000075	6	motorbike	1236	338	1278	482	0
000075	7	person	1111	264	1153	409	0
000075	8	car	611	338	709	374	0
000075	9	car	1016	314	1101	355	0
000075	10	car	550	334	594	376	0
000075	15	motorbike	46	350	75	402	0
000075	16	person	676	270	761	400	0
000075	17	motorbike	662	380	791	521	0
000076	1	motorbike	396	371	467	452	1
000076	2	car	86	289	426	431	1
000076	4	person	371	304	431	414	1
000076	5	person	1240	267	1279	367	1
000076	6	motorbike	1238	339	1278	483	0
000076	7	person	1111	264	1154	408	0
000076	8	car	607	338	696	374	0
000076	9	car	1012	314	1097	355	0
000076	10	car	547	334	591	376	0
000076	15	motorbike	39	350	68	402	0
000076	16	person	671	270	756	400	0
000076	17	motorbike	651	380	780	521	0
000077	1	motorbike	413	374	489	455	1
000077	2	car	97	287	446	431	1
000077	4	person	365	304	431	412	1
000077	5	person	1242	267	1279	367	1
000077	6	motorbike	1240	340	1278	484	0
000077	7	person	1111	264	1156	408	0
000077	8	car	604	339	683	374	0
000077	9	car	1008	314	1093	355	0
000077	10	car	544	334	588	376	0
000077	15	motorbike	32	350	61	402	0
000077	16	person	666	271	751	401	0
000077	17	motorbike	641	380	770	521	0
000078	1	motorbike	431	377	511	458	1
000078	2	car	109	285	466	431	1
000078	4	person	372	314	444	420	1
000078	7	person	1111	264	1158	408	0
000078	8	car	601	340	670	375	0
000078	9	car	1004	315	1089	356	0
000078	10	car	541	334	585	376	0
000078	16	person	662	272	747	402	0
000078	17	motorbike	631	381	760	522	0
000079	1	motorbike	448	380	533	461	1
000079	2	car	120	284	486	431	1
000079	3	person	456	318	538	422	1
000079	4	person	379	325	457	429	1
000079	7	person	1111	264	1160	408	0
000079	8	car	598	340	667	375	0
000079	9	car	1000	314	1085	355	0
000079	10	car	538	334	582	376	0
000079	16	person	652	271	737	401	0
000079	17	motorbike	623	379	752	520	0
000080	1	motorbike	466	383	555	464	1
000080	2	car	132	282	507	431	1
000080	3	person	478	322	564	425	1
000080	4	person	386	336	470	438	1
000080	7	person	1111	264	1162	408	0
000080	8	car	596	340	665	375	0
000080	9	car	996	313	1081	354	0
000080	16	person	642	271	727	401	0
000080	17	motorbike	616	377	745	518	0
000081	1	motorbike	483	386	576	467	1
000081	2	car	143	280	527	431	1
000081	3	person	501	326	591	428	1
000081	4	person	393	347	483	446	1
000081	7	person	1111	264	1164	408	0
000081	8	car	593	340	662	375	0
000081	9	car	993	313	1078	354	0
000081	16	person	632	271	717	401	0
000081	17	motorbike	609	375	738	516	0
000082	1	motorbike	501	389	598	470	1
000082	2	car	154	279	547	431	1
000082	3	person	524	330	617	431	1
000082	4	person	400	358	496	455	1
000082	7	person	1113	264	1165	410	0
000082	9	car	989	312	1074	353	0
000082	16	person	623	271	708	401	0
000082	17	motorbike	602	373	731	514	0
000082	18	motorbike	99	345	127	401	0
000083	1	motorbike	518	392	620	473	1
000083	2	car	166	277	567	431	1
000083	4	person	407	369	509	464	1
000083	7	person	1115	264	1167	413	0
000083	9	car	985	311	1070	352	0
000083	16	person	615	269	700	402	0
000083	17	motorbike	595	373	724	514	0
000083	18	motorbike	93	345	121	401	0
000084	1	motorbike	536	395	642	476	1
000084	2	car	177	275	587	431	1
000084	4	person	414	380	522	472	1
000084	7	person	1117	265	1169	416	0
000084	9	car	982	311	1067	352	0
000084	16	person	608	268	693	403	0
000084	17	motorbike	589	374	718	515	0
000084	18	motorbike	87	345	115	401	0
000085	1	motorbike	553	398	664	479	1
000085	2	car	189	274	608	431	1
000085	4	person	421	391	535	481	1
000085	7	person	1119	265	1171	418	0
000085	9	car	978	310	1063	351	0
000085	16	person	601	267	686	404	0
000085	17	motorbike	583	375	712	516	0
000085	18	motorbike	81	346	109	402	0
000086	2	car	205	271	630	430	1
000086	4	person	428	402	548	490	1
000086	7	person	1121	265	1173	421	0
000086	9	car	975	310	1060	351	0
000086	13	car	168	346	217	388	0
000086	16	person	594	266	679	405	0
000086	17	motorbike	577	376	706	517	0
000086	18	motorbike	74	345	102	401	0
000087	2	car	221	268	653	429	1
000087	4	person	435	413	561	499	1
000087	7	person	1123	266	1175	424	0
000087	9	car	971	309	1056	350	0
000087	13	car	163	346	212	388	0
000087	16	person	587	265	672	406	0
000087	17	motorbike	570	377	699	518	0
000087	18	motorbike	67	345	95	401	0
000088	2	car	237	266	675	428	1
000088	4	person	436	412	562	498	1
000088	7	person	1125	264	1177	422	0
000088	9	car	967	308	1052	349	0
000088	13	car	158	346	207	389	0
000088	16	person	580	264	665	407	0
000088	17	motorbike	564	378	693	519	0
000088	18	motorbike	60	344	88	400	0
000089	2	car	253	263	698	427	1
000089	3	person	700	368	819	462	1
000089	4	person	437	411	563	497	1
000089	7	person	1127	262	1179	420	0
000089	9	car	964	308	1049	349	0
000089	12	car	202	353	250	390	0
000089	13	car	153	346	202	389	0
000089	16	person	573	263	658	408	0
000089	17	motorbike	558	379	687	520	0
000089	18	motorbike	53	344	81	400	0
000090	1	motorbike	641	386	788	465	1
000090	2	car	270	261	721	427	1
000090	3	person	728	367	844	461	1
000090	4	person	439	410	565	496	1
000090	7	person	1130	260	1182	418	0
000090	9	car	960	307	1045	348	0
000090	12	car	196	351	248	388	0
000090	13	car	149	346	198	390	0
000090	16	person	566	262	650	409	0
000090	17	motorbike	552	379	681	520	0
000090	18	motorbike	46	343	74	399	0
000091	1	motorbike	657	383	807	462	1
000091	2	car	285	256	738	424	1
000091	3	person	756	367	870	461	1
000091	4	person	441	410	576	496	1
000091	7	person	1132	258	1184	416	0
000091	9	car	957	307	1042	348	0
000091	12	car	191	349	246	387	0
000091	13	car	146	345	193	388	0
000091	16	person	559	261	643	410	0
000091	17	motorbike	546	380	675	521	0
000091	18	motorbike	39	343	67	399	0
000092	1	motorbike	674	381	827	460	1
000092	2	car	301	252	755	422	1
000092	3	person	784	367	896	461	1
000092	4	person	444	411	587	497	1
000092	7	person	1134	257	1186	415	0
000092	9	car	953	306	1038	347	0
000092	12	car	186	347	244	385	0
000092	13	car	143	344	188	386	0
000092	16	person	552	260	636	411	0
000092	17	motorbike	539	381	668	522	0
000092	18	motorbike	32	342	60	398	0
000092	19	car	1043	289	1133	345	0
000093	1	motorbike	691	379	846	458	1
000093	2	car	316	248	772	420	1
000093	3	person	812	367	922	461	1
000093	4	person	446	412	598	497	1
000093	7	person	1137	255	1189	413	0
000093	9	car	949	305	1034	346	0
000093	11	car	277	336	318	375	0
000093	12	car	181	345	242	384	0
000093	13	car	140	343	183	384	0
000093	16	person	545	259	629	412	0
000093	17	motorbike	533	382	662	523	0
000093	18	motorbike	25	342	53	398	0
000093	19	car	1042	286	1133	344	0
000094	1	motorbike	708	377	866	456	1
000094	2	car	332	244	790	418	1
000094	3	person	840	367	948	461	1
000094	4	person	449	413	609	498	1
000094	7	person	1139	253	1191	411	0
000094	9	car	946	305	1031	346	0
000094	11	car	274	336	315	375	0
000094	12	car	176	344	240	383	0
000094	13	car	138	342	178	382	0
000094	16	person	538	258	622	413	0
000094	17	motorbike	527	383	656	524	0
000094	18	motorbike	18	341	46	397	0
000094	19	car	1041	283	1134	343	0
000095	1	motorbike	725	375	885	454	1
000095	2	car	353	242	807	418	1
000095	3	person	868	367	973	460	1
000095	7	person	1141	251	1193	409	0
000095	9	car	942	304	1027	345	0
000095	11	car	271	336	312	375	0
000095	12	car	175	344	239	383	0
000095	13	car	136	342	176	382	0
000095	16	person	531	257	615	414	0
000095	17	motorbike	521	384	650	525	0
000095	18	motorbike	11	341	39	397	0
000095	19	car	1041	280	1135	343	0
000096	1	motorbike	741	372	905	451	1
000096	2	car	374	241	825	419	1
000096	3	person	896	367	999	460	1
000096	7	person	1144	250	1196	408	0
000096	9	car	939	304	1024	345	0
000096	11	car	268	336	309	375	0
000096	12	car	174	344	238	383	0
000096	13	car	135	343	175	382	0
000096	16	person	524	256	608	415	0
000096	17	motorbike	515	385	644	526	0
000096	18	motorbike	5	341	33	397	0
000096	19	car	1040	277	1136	342	0
000097	1	motorbike	758	370	924	449	1
000097	2	car	396	240	842	420	1
000097	3	person	924	367	1025	460	1
000097	7	person	1144	250	1196	408	0
000097	9	car	939	304	1024	345	0
000097	11	car	266	336	307	375	0
000097	12	car	173	344	237	383	0
000097	13	car	133	344	174	382	0
000097	16	person	524	256	608	415	0
000097	17	motorbike	515	385	644	526	0
000097	18	motorbike	3	342	29	398	0
000097	19	car	1039	274	1136	341	0
000098	1	motorbike	775	368	944	447	1
000098	2	car	417	239	860	421	1
000098	3	person	952	367	1051	460	1
000098	7	person	1144	250	1196	408	0
000098	9	car	939	304	1024	345	0
000098	11	car	263	336	304	375	0
000098	12	car	172	344	236	383	0
000098	13	car	132	344	173	382	0
000098	16	person	524	256	608	415	0
000098	17	motorbike	515	385	644	526	0
000098	18	motorbike	2	343	26	399	0
000098	19	car	1039	271	1137	341	0
000099	1	motorbike	792	366	963	445	1
000099	2	car	438	238	877	422	1
000099	3	person	980	367	1077	460	1
000099	7	person	1144	250	1196	408	0
000099	9	car	939	304	1024	345	0
000099	11	car	260	336	301	375	0
000099	12	car	171	344	235	383	0
000099	13	car	130	345	172	382	0
000099	16	person	524	256	608	415	0
000099	17	motorbike	515	385	644	526	0
000099	18	motorbike	1	344	23	400	0
000099	19	car	1038	268	1138	340	0
000100	1	motorbike	809	364	983	443	1
000100	2	car	460	237	895	423	1
000100	3	person	1008	367	1103	460	1
000100	7	person	1144	250	1196	408	0
000100	9	car	939	304	1024	345	0
000100	11	car	258	336	299	375	0
000100	12	car	170	344	234	384	0
000100	13	car	129	346	171	383	0
000100	14	car	0	333	39	399	0
000100	16	person	524	256	608	415	0
000100	17	motorbike	515	385	644	526	0
000100	18	motorbike	0	345	20	401	0
000100	19	car	1038	266	1139	340	0
