000001	1	motorbike	714	308	758	380	1
000001	2	person	712	256	765	335	1
000001	5	motorbike	754	305	819	366	0
000001	6	person	763	264	813	325	0
000001	8	motorbike	894	303	939	370	0
000001	9	person	893	259	941	351	0
000001	10	person	446	261	492	327	0
000001	11	person	511	264	547	320	0
000001	12	motorbike	443	306	498	395	0
000001	13	motorbike	499	296	550	375	0
000001	16	motorbike	129	304	294	416	0
000001	17	motorbike	295	297	425	399	0
000001	18	motorbike	1198	356	1273	473	0
000001	19	motorbike	1076	317	1156	408	0
000001	20	motorbike	1036	295	1081	378	0
000001	21	motorbike	972	296	1007	364	0
000001	22	car	549	268	619	325	0
000002	1	motorbike	714	308	758	380	1
000002	2	person	712	256	765	335	1
000002	5	motorbike	755	305	820	366	0
000002	6	person	764	263	814	324	0
000002	8	motorbike	895	303	940	370	0
000002	9	person	894	259	942	351	0
000002	10	person	439	261	485	327	0
000002	11	person	506	263	542	319	0
000002	12	motorbike	435	308	490	397	0
000002	13	motorbike	494	297	545	376	0
000002	16	motorbike	118	306	283	418	0
000002	17	motorbike	287	297	417	399	0
000002	18	motorbike	1211	360	1274	477	0
000002	19	motorbike	1084	319	1164	410	0
000002	20	motorbike	1040	295	1085	378	0
000002	21	motorbike	974	296	1009	364	0
000002	22	car	548	268	618	325	0
000003	1	motorbike	715	308	759	380	1
000003	2	person	713	256	766	335	1
000003	5	motorbike	756	305	822	367	0
000003	6	person	765	263	815	324	0
000003	8	motorbike	896	303	941	370	0
000003	9	person	895	259	943	351	0
000003	10	person	433	261	479	327	0
000003	11	person	502	263	538	319	0
000003	12	motorbike	427	310	482	399	0
000003	13	motorbike	489	298	540	377	0
000003	16	motorbike	108	309	273	421	0
000003	17	motorbike	280	297	410	399	0
000003	18	motorbike	1224	364	1276	481	0
000003	19	motorbike	1092	321	1172	412	0
000003	20	motorbike	1045	295	1090	378	0
000003	21	motorbike	976	297	1011	365	0
000003	22	car	548	268	618	325	0
000004	1	motorbike	716	308	760	381	1
000004	2	person	714	256	767	335	1
000004	5	motorbike	757	306	824	368	0
000004	6	person	767	262	817	324	0
000004	8	motorbike	897	303	942	370	0
000004	9	person	897	259	945	351	0
000004	10	person	427	261	473	327	0
000004	11	person	497	263	533	319	0
000004	12	motorbike	419	312	474	401	0
000004	13	motorbike	484	299	535	378	0
000004	16	motorbike	97	312	262	424	0
000004	17	motorbike	272	297	402	399	0
000004	18	motorbike	1237	368	1277	485	0
000004	19	motorbike	1100	323	1180	414	0
000004	20	motorbike	1050	295	1095	378	0
000004	21	motorbike	978	298	1013	366	0
000004	22	car	547	268	617	325	0
000005	1	motorbike	717	308	761	381	1
000005	2	person	715	256	768	335	1
000005	5	motorbike	758	306	826	368	0
000005	6	person	768	262	818	323	0
000005	8	motorbike	899	304	944	371	0
000005	9	person	898	259	946	351	0
000005	10	person	421	262	467	328	0
000005	11	person	493	263	529	319	0
000005	12	motorbike	411	315	466	404	0
000005	13	motorbike	479	301	530	380	0
000005	16	motorbike	87	315	252	427	0
000005	17	motorbike	265	298	395	400	0
000005	19	motorbike	1109	325	1189	416	0
000005	20	motorbike	1055	295	1100	378	0
000005	21	motorbike	981	299	1016	367	0
000005	22	car	547	268	617	325	0
000006	1	motorbike	717	309	762	382	1
000006	2	person	715	256	768	335	1
000006	5	motorbike	759	306	828	369	0
000006	6	person	770	261	820	323	0
000006	8	motorbike	900	304	945	371	0
000006	9	person	899	259	947	351	0
000006	10	person	411	261	459	343	0
000006	11	person	487	263	523	319	0
000006	12	motorbike	399	319	463	407	0
000006	13	motorbike	474	305	525	384	0
000006	16	motorbike	73	318	238	430	0
000006	17	motorbike	252	299	388	401	0
000006	19	motorbike	1114	327	1194	418	0
000006	20	motorbike	1062	296	1107	379	0
000006	21	motorbike	985	299	1020	367	0
000006	22	car	546	268	616	325	0
000007	1	motorbike	718	309	763	382	1
000007	2	person	716	256	769	335	1
000007	5	motorbike	760	307	829	370	0
000007	6	person	771	261	821	323	0
000007	8	motorbike	901	304	946	371	0
000007	9	person	901	260	949	352	0
000007	10	person	401	260	452	358	0
000007	11	person	481	263	517	319	0
000007	12	motorbike	387	323	461	411	0
000007	13	motorbike	469	309	520	388	0
000007	16	motorbike	59	322	224	434	0
000007	17	motorbike	239	301	382	402	0
000007	19	motorbike	1120	329	1200	420	0
000007	20	motorbike	1069	297	1114	380	0
000007	21	motorbike	989	299	1024	367	0
000007	22	car	546	269	616	326	0
000008	1	motorbike	719	309	764	383	1
000008	2	person	717	256	770	335	1
000008	5	motorbike	761	307	831	371	0
000008	6	person	772	260	822	322	0
000008	7	car	674	263	725	320	0
000008	8	motorbike	903	305	948	372	0
000008	9	person	902	260	950	352	0
000008	10	person	391	259	445	374	0
000008	11	person	475	263	511	319	0
000008	12	motorbike	375	327	459	415	0
000008	13	motorbike	464	314	515	393	0
000008	16	motorbike	45	326	210	438	0
000008	17	motorbike	227	303	376	404	0
000008	19	motorbike	1126	332	1206	423	0
000008	20	motorbike	1076	299	1121	382	0
000008	21	motorbike	993	299	1028	367	0
000008	22	car	546	269	616	326	0
000008	23	motorbike	514	295	578	339	0
000009	1	motorbike	720	309	765	383	1
000009	2	person	718	256	771	335	1
000009	5	motorbike	762	307	833	371	0
000009	6	person	774	260	824	322	0
000009	7	car	673	263	726	320	0
000009	8	motorbike	904	305	949	372	0
000009	9	person	903	260	951	352	0
000009	10	person	383	258	437	373	0
000009	11	person	466	262	506	318	0
000009	12	motorbike	363	328	451	419	0
000009	13	motorbike	458	314	510	396	0
000009	16	motorbike	36	327	198	444	0
000009	17	motorbike	218	302	367	408	0
000009	19	motorbike	1135	334	1215	425	0
000009	20	motorbike	1082	302	1127	385	0
000009	21	motorbike	997	299	1032	367	0
000009	22	car	545	269	615	326	0
000009	23	motorbike	511	295	575	339	0
000010	1	motorbike	720	310	766	383	1
000010	2	person	719	256	772	335	1
000010	5	motorbike	763	308	835	372	0
000010	6	person	775	259	825	322	0
000010	7	car	673	263	727	321	0
000010	8	motorbike	905	305	950	372	0
000010	9	person	905	260	953	352	0
000010	10	person	375	258	429	373	0
000010	11	person	457	262	502	317	0
000010	12	motorbike	351	330	443	423	0
000010	13	motorbike	452	314	505	400	0
000010	16	motorbike	27	328	186	450	0
000010	17	motorbike	209	301	358	412	0
000010	19	motorbike	1145	336	1225	427	0
000010	20	motorbike	1089	305	1134	388	0
000010	21	motorbike	1001	299	1036	367	0
000010	22	car	545	269	615	326	0
000010	23	motorbike	509	295	573	339	0
000011	1	motorbike	721	310	767	384	1
000011	2	person	719	256	772	335	1
000011	5	motorbike	764	308	837	373	0
000011	6	person	777	259	827	321	0
000011	7	car	672	263	728	321	0
000011	8	motorbike	906	305	951	372	0
000011	9	person	906	260	954	352	0
000011	10	person	367	258	421	373	0
000011	11	person	449	261	498	317	0
000011	12	motorbike	339	332	435	427	0
000011	13	motorbike	447	315	500	403	0
000011	16	motorbike	18	330	175	456	0
000011	17	motorbike	200	300	349	416	0
000011	19	motorbike	1154	339	1234	430	0
000011	20	motorbike	1096	309	1141	392	0
000011	21	motorbike	1005	300	1040	368	0
000011	22	car	544	269	614	326	0
000011	23	motorbike	507	296	571	340	0
000012	1	motorbike	722	310	768	384	1
000012	2	person	720	256	773	335	1
000012	5	motorbike	765	309	839	374	0
000012	6	person	778	258	828	321	0
000012	7	car	672	263	729	322	0
000012	8	motorbike	908	306	953	373	0
000012	9	person	907	260	955	352	0
000012	10	person	359	258	413	373	0
000012	11	person	440	261	494	316	0
000012	12	motorbike	327	334	427	431	0
000012	13	motorbike	441	315	495	407	0
000012	16	motorbike	9	331	163	462	0
000012	17	motorbike	191	299	340	420	0
000012	19	motorbike	1164	341	1244	432	0
000012	20	motorbike	1103	312	1148	395	0
000012	21	motorbike	1009	300	1044	368	0
000012	22	car	544	269	614	326	0
000012	23	motorbike	505	296	569	340	0
000013	1	motorbike	723	310	769	385	1
000013	2	person	721	256	774	335	1
000013	5	motorbike	767	309	841	374	0
000013	6	person	780	258	830	321	0
000013	7	car	671	263	730	323	0
000013	8	motorbike	909	306	954	373	0
000013	9	person	909	261	957	353	0
000013	10	person	351	258	405	373	0
000013	11	person	432	261	490	316	0
000013	12	motorbike	315	336	419	436	0
000013	13	motorbike	436	316	490	411	0
000013	16	motorbike	1	333	152	469	0
000013	17	motorbike	183	298	331	425	0
000013	19	motorbike	1174	344	1254	435	0
000013	20	motorbike	1110	316	1155	399	0
000013	21	motorbike	1014	301	1049	369	0
000013	22	car	544	270	614	327	0
000013	23	motorbike	503	297	567	341	0
000014	1	motorbike	723	311	769	385	1
000014	2	person	722	256	775	335	1
000014	5	motorbike	769	309	844	375	0
000014	6	person	782	258	832	321	0
000014	7	car	671	264	731	323	0
000014	8	motorbike	910	306	955	373	0
000014	9	person	910	261	958	353	0
000014	10	person	331	259	385	374	0
000014	11	person	425	260	483	321	0
000014	12	motorbike	293	342	402	442	0
000014	13	motorbike	426	316	482	414	0
000014	16	motorbike	0	336	133	472	0
000014	17	motorbike	166	301	311	429	0
000014	19	motorbike	1186	347	1260	438	0
000014	20	motorbike	1117	311	1162	400	0
000014	21	motorbike	1019	302	1054	370	0
000014	22	car	542	271	612	328	0
000014	23	motorbike	501	297	565	341	0
000015	1	motorbike	724	311	770	386	1
000015	2	person	722	257	775	336	1
000015	5	motorbike	771	309	847	375	0
000015	6	person	785	258	835	321	0
000015	7	car	671	264	732	324	0
000015	8	motorbike	912	307	957	374	0
000015	9	person	911	261	959	353	0
000015	10	person	312	260	366	375	0
000015	11	person	419	260	477	326	0
000015	12	motorbike	271	349	385	448	0
000015	13	motorbike	416	317	475	418	0
000015	16	motorbike	0	340	115	476	0
000015	17	motorbike	150	304	291	434	0
000015	19	motorbike	1198	350	1266	441	0
000015	20	motorbike	1125	307	1170	401	0
000015	21	motorbike	1024	304	1059	372	0
000015	22	car	540	272	610	329	0
000015	23	motorbike	500	298	564	342	0
000016	1	motorbike	725	311	771	386	1
000016	2	person	723	257	776	336	1
000016	5	motorbike	773	309	850	376	0
000016	6	person	787	258	837	322	0
000016	7	car	670	264	733	325	0
000016	8	motorbike	913	307	958	374	0
000016	9	person	913	261	961	353	0
000016	10	person	292	262	346	377	0
000016	11	person	413	260	470	331	0
000016	12	motorbike	250	355	369	455	0
000016	13	motorbike	406	318	468	422	0
000016	16	motorbike	0	344	97	480	0
000016	17	motorbike	134	308	271	439	0
000016	19	motorbike	1210	353	1272	444	0
000016	20	motorbike	1133	303	1177	402	0
000016	21	motorbike	1029	306	1064	374	0
000016	22	car	538	273	608	330	0
000016	23	motorbike	499	299	563	343	0
000017	1	motorbike	726	311	772	387	1
000017	2	person	724	257	777	336	1
000017	5	motorbike	775	309	853	376	0
000017	6	person	790	259	840	322	0
000017	7	car	670	264	734	325	0
000017	8	motorbike	914	307	959	374	0
000017	9	person	914	261	962	353	0
000017	10	person	273	263	327	378	0
000017	11	person	406	259	464	336	0
000017	12	motorbike	228	362	352	461	0
000017	13	motorbike	396	318	461	425	0
000017	16	motorbike	0	347	78	483	0
000017	17	motorbike	117	311	251	444	0
000017	20	motorbike	1141	299	1185	403	0
000017	21	motorbike	1035	308	1070	376	0
000017	22	car	536	275	606	332	0
000017	23	motorbike	498	300	562	344	0
000018	1	motorbike	726	312	773	387	1
000018	2	person	725	257	778	336	1
000018	5	motorbike	777	309	856	377	0
000018	6	person	792	259	842	323	0
000018	7	car	669	264	735	326	0
000018	8	motorbike	915	307	960	374	0
000018	9	person	915	261	963	353	0
000018	10	person	253	264	307	379	0
000018	11	person	400	259	457	341	0
000018	12	motorbike	206	368	335	467	0
000018	13	motorbike	386	319	454	429	0
000018	16	motorbike	0	351	60	487	0
000018	17	motorbike	101	314	231	449	0
000018	20	motorbike	1148	304	1199	407	0
000018	21	motorbike	1040	310	1075	378	0
000018	22	car	534	275	604	332	0
000018	23	motorbike	495	300	561	346	0
000019	1	motorbike	727	312	774	387	1
000019	2	person	726	257	779	336	1
000019	5	motorbike	779	309	859	377	0
000019	6	person	795	259	845	323	0
000019	7	car	669	265	737	327	0
000019	8	motorbike	917	308	962	375	0
000019	9	person	917	262	965	354	0
000019	10	person	234	266	288	381	0
000019	11	person	394	259	451	347	0
000019	12	motorbike	185	375	319	474	0
000019	13	motorbike	377	320	447	433	0
000019	20	motorbike	1156	309	1213	412	0
000019	21	motorbike	1046	312	1081	380	0
000019	22	car	533	275	603	332	0
000019	23	motorbike	492	300	561	349	0
000020	1	motorbike	728	312	775	388	1
000020	2	person	726	257	779	336	1
000020	5	motorbike	781	310	862	378	0
000020	6	person	798	260	847	324	0
000020	7	car	669	265	738	327	0
000020	8	motorbike	918	308	963	375	0
000020	9	person	918	262	966	354	0
000020	10	person	206	264	268	392	0
000020	11	person	382	259	439	347	0
000020	12	motorbike	151	374	301	485	0
000020	13	motorbike	364	321	440	445	0
000020	20	motorbike	1164	314	1228	417	0
000020	21	motorbike	1052	315	1087	383	0
000020	22	car	532	276	602	333	0
000020	23	motorbike	489	300	561	351	0
000021	1	motorbike	729	312	776	388	1
000021	2	person	727	257	780	336	1
000021	5	motorbike	783	310	865	378	0
000021	6	person	800	260	850	324	0
000021	7	car	668	265	739	328	0
000021	8	motorbike	919	308	964	375	0
000021	9	person	919	262	967	354	0
000021	10	person	179	263	248	403	0
000021	11	person	371	259	428	347	0
000021	12	motorbike	117	374	284	497	0
000021	13	motorbike	351	322	434	457	0
000021	20	motorbike	1177	316	1241	419	0
000021	21	motorbike	1062	317	1097	385	0
000021	22	car	531	276	601	333	0
000021	23	motorbike	486	300	561	354	0
000022	1	motorbike	729	313	777	389	1
000022	2	person	728	257	781	336	1
000022	5	motorbike	785	310	868	379	0
000022	6	person	803	260	852	325	0
000022	7	car	668	265	740	328	0
000022	8	motorbike	921	309	966	376	0
000022	9	person	921	262	969	354	0
000022	10	person	151	262	228	414	0
000022	11	person	359	259	416	347	0
000022	12	motorbike	83	374	267	508	0
000022	13	motorbike	338	323	427	469	0
000022	20	motorbike	1191	319	1255	422	0
000022	21	motorbike	1073	319	1108	387	0
000022	22	car	530	276	600	333	0
000022	23	motorbike	483	300	561	356	0
000023	1	motorbike	730	313	778	389	1
000023	2	person	729	257	782	336	1
000023	5	motorbike	787	310	871	379	0
000023	6	person	805	260	855	325	0
000023	7	car	667	265	741	329	0
000023	8	motorbike	922	309	967	376	0
000023	9	person	922	262	970	354	0
000023	10	person	124	261	209	426	0
000023	11	person	348	260	405	348	0
000023	12	motorbike	50	374	250	520	0
000023	13	motorbike	325	325	421	481	0
000023	21	motorbike	1084	322	1119	390	0
000023	22	car	529	277	599	334	0
000023	23	motorbike	480	300	561	359	0
000024	1	motorbike	731	313	779	390	1
000024	2	person	729	257	782	336	1
000024	5	motorbike	789	310	874	380	0
000024	6	person	808	261	857	326	0
000024	7	car	667	265	742	330	0
000024	8	motorbike	923	309	968	376	0
000024	9	person	924	263	972	355	0
000024	10	person	99	262	179	427	0
000024	11	person	333	261	389	354	0
000024	12	motorbike	40	380	223	526	0
000024	13	motorbike	306	332	402	488	0
000024	21	motorbike	1091	320	1128	394	0
000024	22	car	528	277	598	334	0
000024	23	motorbike	476	301	559	360	0
000025	1	motorbike	732	313	780	390	1
000025	2	person	730	257	783	336	1
000025	5	motorbike	791	310	877	380	0
000025	6	person	811	261	860	326	0
000025	7	car	667	266	743	330	0
000025	8	motorbike	925	310	970	377	0
000025	9	person	925	263	973	355	0
000025	10	person	74	263	150	428	0
000025	11	person	318	262	374	361	0
000025	12	motorbike	30	387	196	533	0
000025	13	motorbike	287	339	383	495	0
000025	21	motorbike	1098	319	1138	398	0
000025	22	car	527	277	597	334	0
000025	23	motorbike	473	303	557	362	0
000026	1	motorbike	733	314	781	391	1
000026	2	person	731	257	784	336	1
000026	5	motorbike	793	310	880	381	0
000026	6	person	813	261	862	327	0
000026	7	car	666	266	744	331	0
000026	8	motorbike	926	310	971	377	0
000026	9	person	926	263	974	355	0
000026	10	person	49	264	121	429	0
000026	11	person	303	263	359	367	0
000026	12	motorbike	20	393	169	539	0
000026	13	motorbike	268	346	364	502	0
000026	21	motorbike	1105	317	1148	402	0
000026	22	car	526	278	596	335	0
000026	23	motorbike	470	305	555	364	0
000026	24	car	966	284	1041	354	0
000027	1	motorbike	734	315	782	391	1
000027	2	person	732	257	785	336	1
000027	5	motorbike	795	310	883	381	0
000027	6	person	816	262	865	327	0
000027	7	car	666	266	745	332	0
000027	8	motorbike	927	311	972	378	0
000027	9	person	928	263	976	355	0
000027	10	person	24	265	92	430	0
000027	11	person	288	264	344	374	0
000027	12	motorbike	10	400	142	546	0
000027	13	motorbike	249	353	345	509	0
000027	21	motorbike	1112	316	1158	406	0
000027	22	car	525	278	595	335	0
000027	23	motorbike	467	306	553	365	0
000027	24	car	968	283	1045	354	0
000028	1	motorbike	735	316	784	392	1
000028	2	person	733	258	786	337	1
000028	5	motorbike	798	311	886	382	0
000028	6	person	818	262	867	328	0
000028	7	car	665	266	746	332	0
000028	8	motorbike	928	312	973	379	0
000028	9	person	929	264	977	356	0
000028	11	person	273	265	329	381	0
000028	13	motorbike	231	360	327	516	0
000028	21	motorbike	1119	315	1168	410	0
000028	22	car	524	278	594	335	0
000028	23	motorbike	464	308	551	367	0
000028	24	car	970	283	1049	355	0
000029	1	motorbike	736	317	785	393	1
000029	2	person	734	258	787	338	1
000029	5	motorbike	800	311	888	382	0
000029	6	person	821	262	870	328	0
000029	7	car	665	266	747	333	0
000029	8	motorbike	930	313	975	380	0
000029	9	person	930	264	978	356	0
000029	11	person	236	266	304	382	0
000029	13	motorbike	200	359	310	534	0
000029	21	motorbike	1126	317	1175	412	0
000029	22	car	523	279	593	336	0
000029	23	motorbike	461	310	549	369	0
000029	24	car	973	283	1053	356	0
000030	1	motorbike	737	318	787	394	1
000030	2	person	735	259	788	339	1
000030	5	motorbike	802	312	890	383	0
000030	6	person	824	263	873	329	0
000030	7	car	665	267	749	334	0
000030	8	motorbike	931	313	976	380	0
000030	9	person	932	264	980	356	0
000030	11	person	199	267	279	383	0
000030	13	motorbike	170	359	293	552	0
000030	21	motorbike	1134	320	1183	415	0
000030	22	car	522	279	592	336	0
000030	23	motorbike	458	312	547	370	0
000030	24	car	975	283	1057	357	0
000031	1	motorbike	738	319	788	395	1
000031	2	person	737	260	790	341	1
000031	5	motorbike	804	313	893	384	0
000031	6	person	826	264	875	330	0
000031	7	car	664	267	749	336	0
000031	8	motorbike	932	314	977	381	0
000031	9	person	933	264	981	356	0
000031	11	person	162	269	254	384	0
000031	13	motorbike	140	359	276	571	0
000031	21	motorbike	1141	322	1190	417	0
000031	22	car	521	280	591	337	0
000031	23	motorbike	455	313	545	372	0
000031	24	car	977	283	1061	358	0
000032	1	motorbike	739	320	790	396	1
000032	2	person	738	261	791	342	1
000032	5	motorbike	806	314	895	385	0
000032	6	person	828	265	878	331	0
000032	7	car	664	267	749	338	0
000032	8	motorbike	933	315	978	382	0
000032	9	person	934	265	982	357	0
000032	11	person	129	269	219	414	0
000032	13	motorbike	112	375	241	587	0
000032	21	motorbike	1149	325	1198	420	0
000032	22	car	517	280	590	339	0
000032	23	motorbike	452	315	543	374	0
000032	24	car	980	283	1065	359	0
000033	1	motorbike	740	321	791	397	1
000033	2	person	740	261	792	343	1
000033	5	motorbike	809	315	898	386	0
000033	6	person	831	266	880	332	0
000033	7	car	663	268	750	340	0
000033	8	motorbike	935	316	980	383	0
000033	9	person	936	265	984	357	0
000033	11	person	97	270	184	445	0
000033	13	motorbike	84	392	207	604	0
000033	21	motorbike	1157	328	1206	423	0
000033	22	car	514	281	590	341	0
000033	23	motorbike	448	317	541	375	0
000033	24	car	982	283	1070	360	0
000033	25	car	200	243	297	413	0
000034	1	motorbike	741	322	793	398	1
000034	2	person	741	262	794	345	1
000034	5	motorbike	811	316	900	387	0
000034	6	person	833	268	883	333	0
000034	7	car	663	268	750	342	0
000034	8	motorbike	936	316	981	383	0
000034	9	person	937	265	985	357	0
000034	11	person	64	271	149	476	0
000034	13	motorbike	56	409	172	620	0
000034	21	motorbike	1168	328	1217	426	0
000034	22	car	510	282	590	343	0
000034	23	motorbike	445	319	539	377	0
000034	24	car	985	283	1074	361	0
000034	25	car	179	244	284	414	0
000035	1	motorbike	741	323	793	399	1
000035	2	person	743	263	795	346	1
000035	5	motorbike	814	317	903	388	0
000035	6	person	836	269	885	334	0
000035	7	car	662	269	751	344	0
000035	8	motorbike	937	317	982	384	0
000035	9	person	938	265	986	357	0
000035	11	person	32	272	114	507	0
000035	13	motorbike	28	426	138	637	0
000035	21	motorbike	1179	329	1228	430	0
000035	22	car	507	282	590	345	0
000035	23	motorbike	442	320	537	379	0
000035	24	car	987	283	1078	362	0
000035	25	car	159	246	272	416	0
000036	1	motorbike	742	325	794	401	1
000036	2	person	744	264	797	348	1
000036	5	motorbike	816	318	906	389	0
000036	6	person	838	270	888	336	0
000036	7	car	662	269	751	347	0
000036	8	motorbike	938	318	983	385	0
000036	9	person	940	266	988	358	0
000036	21	motorbike	1191	329	1239	434	0
000036	22	car	504	283	590	348	0
000036	23	motorbike	439	322	535	380	0
000036	24	car	989	283	1082	363	0
000036	25	car	139	248	260	417	0
000037	1	motorbike	743	326	795	402	1
000037	2	person	746	264	798	349	1
000037	5	motorbike	819	320	908	391	0
000037	6	person	841	271	890	337	0
000037	7	car	661	270	752	349	0
000037	8	motorbike	940	319	985	386	0
000037	9	person	940	268	988	359	0
000037	21	motorbike	1202	330	1250	437	0
000037	22	car	500	284	590	350	0
000037	23	motorbike	436	324	533	382	0
000037	24	car	992	283	1086	364	0
000037	25	car	118	249	248	419	0
000038	1	motorbike	743	328	796	404	1
000038	2	person	747	265	799	350	1
000038	5	motorbike	822	321	911	392	0
000038	6	person	843	273	893	338	0
000038	7	car	661	270	752	351	0
000038	8	motorbike	941	319	986	386	0
000038	9	person	940	270	989	361	0
000038	21	motorbike	1213	330	1261	441	0
000038	22	car	497	284	589	352	0
000038	23	motorbike	433	326	531	384	0
000038	24	car	994	283	1090	365	0
000038	25	car	98	251	236	420	0
000039	1	motorbike	744	329	797	406	1
000039	2	person	749	266	801	352	1
000039	5	motorbike	824	322	914	393	0
000039	6	person	846	274	895	339	0
000039	7	car	660	271	753	353	0
000039	8	motorbike	942	320	987	387	0
000039	9	person	941	272	990	363	0
000039	22	car	493	285	589	354	0
000039	23	motorbike	430	327	529	385	0
000039	24	car	997	283	1095	366	0
000039	25	car	78	253	224	422	0
000040	1	motorbike	745	331	798	407	1
000040	2	person	750	267	802	353	1
000040	4	motorbike	821	323	856	379	1
000040	5	motorbike	827	324	916	395	0
000040	6	person	848	275	898	340	0
000040	7	car	660	271	753	355	0
000040	8	motorbike	943	321	988	388	0
000040	9	person	941	274	991	365	0
000040	22	car	490	286	589	357	0
000040	23	motorbike	427	329	527	387	0
000040	24	car	999	285	1100	369	0
000040	25	car	62	252	207	421	0
000041	1	motorbike	746	332	799	409	1
000041	2	person	752	268	804	355	1
000041	3	person	820	273	856	346	1
000041	4	motorbike	820	324	855	381	1
000041	5	motorbike	829	325	919	396	0
000041	6	person	851	277	901	342	0
000041	7	car	660	272	754	358	0
000041	8	motorbike	945	322	990	389	0
000041	9	person	942	276	991	367	0
000041	22	car	487	286	589	359	0
000041	23	motorbike	424	331	525	389	0
000041	24	car	1001	287	1105	373	0
000041	25	car	46	251	190	420	0
000042	1	motorbike	746	334	800	410	1
000042	2	person	752	269	804	357	1
000042	3	person	819	274	855	348	1
000042	4	motorbike	819	326	855	383	1
000042	5	motorbike	832	326	922	397	0
000042	6	person	852	278	902	343	0
000042	7	car	657	273	752	361	0
000042	8	motorbike	945	323	990	390	0
000042	9	person	942	278	992	369	0
000042	22	car	483	287	589	361	0
000042	23	motorbike	421	333	524	391	0
000042	24	car	1004	289	1111	377	0
000042	25	car	31	250	174	419	0
000043	1	motorbike	747	335	801	412	1
000043	2	person	752	271	804	360	1
000043	3	person	818	276	855	350	1
000043	4	motorbike	818	328	855	386	1
000043	5	motorbike	835	328	924	399	0
000043	6	person	853	280	903	345	0
000043	7	car	655	275	751	364	0
000043	8	motorbike	946	325	991	392	0
000043	9	person	943	280	993	371	0
000043	22	car	480	288	589	363	0
000043	23	motorbike	413	334	518	394	0
000043	24	car	1006	291	1116	381	0
000043	25	car	15	249	157	418	0
000044	1	motorbike	748	337	802	414	1
000044	2	person	752	273	804	362	1
000044	3	person	818	278	855	352	1
000044	4	motorbike	818	330	854	388	1
000044	5	motorbike	837	329	927	400	0
000044	6	person	854	282	904	347	0
000044	7	car	652	276	749	368	0
000044	8	motorbike	946	327	991	394	0
000044	9	person	943	282	994	373	0
000044	22	car	477	289	589	366	0
000044	23	motorbike	405	336	512	398	0
000044	24	car	1009	293	1122	384	0
000044	25	car	0	248	141	417	0
000045	1	motorbike	749	338	803	415	1
000045	2	person	753	275	805	365	1
000045	3	person	817	280	855	354	1
000045	4	motorbike	817	332	854	391	1
000045	5	motorbike	840	330	930	401	0
000045	6	person	855	284	905	349	0
000045	7	car	650	278	748	371	0
000045	8	motorbike	947	328	992	395	0
000045	9	person	944	284	994	375	0
000045	22	car	472	291	584	371	0
000045	23	motorbike	397	338	506	402	0
000045	24	car	1011	295	1127	388	0
000045	25	car	0	250	121	430	0
000046	1	motorbike	749	340	804	417	1
000046	2	person	753	277	805	367	1
000046	3	person	816	282	855	356	1
000046	4	motorbike	816	334	854	393	1
000046	5	motorbike	843	332	933	403	0
000046	6	person	856	286	906	351	0
000046	7	car	648	280	747	374	0
000046	8	motorbike	947	330	992	397	0
000046	9	person	944	286	995	377	0
000046	22	car	468	293	580	376	0
000046	23	motorbike	389	339	500	406	0
000046	24	car	1013	297	1133	392	0
000046	25	car	0	253	102	443	0
000047	1	motorbike	750	341	805	418	1
000047	2	person	753	279	805	370	1
000047	3	person	816	283	854	359	1
000047	4	motorbike	815	336	853	396	1
000047	5	motorbike	842	334	933	405	0
000047	6	person	857	288	907	353	0
000047	7	car	645	281	745	378	0
000047	8	motorbike	948	332	993	399	0
000047	9	person	945	288	996	379	0
000047	22	car	464	295	576	381	0
000047	23	motorbike	381	341	494	410	0
000047	24	car	1016	299	1138	396	0
000047	25	car	0	256	83	456	0
000048	1	motorbike	751	343	806	420	1
000048	2	person	753	281	805	372	1
000048	3	person	815	285	854	361	1
000048	4	motorbike	815	338	853	398	1
000048	5	motorbike	842	336	933	407	0
000048	6	person	858	290	908	355	0
000048	7	car	643	283	744	381	0
000048	8	motorbike	948	334	993	401	0
000048	9	person	945	290	997	381	0
000048	22	car	460	298	572	386	0
000048	23	motorbike	373	343	488	413	0
000048	24	car	1018	301	1144	399	0
000049	1	motorbike	752	345	807	422	1
000049	2	person	754	283	806	375	1
000049	3	person	814	287	854	363	1
000049	4	motorbike	814	340	853	400	1
000049	5	motorbike	841	338	934	409	0
000049	6	person	859	292	909	357	0
000049	7	car	641	285	743	385	0
000049	8	motorbike	949	337	994	404	0
000049	9	person	946	292	997	383	0
000049	22	car	456	300	567	391	0
000049	23	motorbike	365	344	482	417	0
000049	24	car	1021	303	1149	403	0
000050	1	motorbike	751	347	806	424	1
000050	2	person	753	285	805	377	1
000050	3	person	814	289	854	365	1
000050	4	motorbike	813	342	852	403	1
000050	5	motorbike	841	340	934	411	0
000050	6	person	860	294	910	359	0
000050	7	car	635	286	742	388	0
000050	8	motorbike	949	339	994	406	0
000050	9	person	946	294	998	385	0
000050	22	car	452	302	563	396	0
000050	23	motorbike	357	346	476	421	0
000050	24	car	1023	305	1154	407	0
000051	1	motorbike	751	350	806	427	1
000051	2	person	752	287	805	379	1
000051	3	person	813	291	854	367	1
000051	4	motorbike	812	344	852	405	1
000051	5	motorbike	840	342	934	413	0
000051	6	person	862	296	912	361	0
000051	7	car	630	288	741	392	0
000051	8	motorbike	950	342	995	409	0
000051	9	person	947	296	999	387	0
000051	22	car	448	304	559	401	0
000051	23	motorbike	349	348	470	425	0
000051	24	car	1025	307	1160	411	0
000052	1	motorbike	751	353	806	430	1
000052	2	person	752	289	805	381	1
000052	3	person	813	293	854	370	1
000052	4	motorbike	812	346	852	408	1
000052	5	motorbike	840	345	935	415	0
000052	6	person	862	298	912	363	0
000052	7	car	625	289	740	396	0
000052	8	motorbike	950	345	995	412	0
000052	9	person	947	298	1000	389	0
000052	22	car	444	307	555	406	0
000052	23	motorbike	341	350	464	429	0
000052	24	car	1028	309	1165	414	0
000053	1	motorbike	751	356	806	433	1
000053	2	person	751	291	805	384	1
000053	3	person	811	295	853	372	1
000053	4	motorbike	811	348	851	410	1
000053	5	motorbike	840	347	936	418	0
000053	6	person	862	300	913	365	0
000053	7	car	620	291	739	399	0
000053	8	motorbike	951	347	996	414	0
000053	9	person	948	300	1000	391	0
000053	22	car	435	310	550	409	0
000053	23	motorbike	330	354	453	433	0
000053	24	car	1030	311	1171	418	0
000054	1	motorbike	750	359	806	436	1
000054	2	person	751	293	804	386	1
000054	3	person	810	297	852	375	1
000054	4	motorbike	810	350	851	413	1
000054	5	motorbike	841	350	937	421	0
000054	6	person	863	302	914	368	0
000054	7	car	615	292	738	403	0
000054	8	motorbike	951	350	996	417	0
000054	9	person	948	302	1001	393	0
000054	22	car	426	313	545	412	0
000054	23	motorbike	320	358	443	437	0
000054	24	car	1033	313	1176	422	0
000055	1	motorbike	750	362	806	439	1
000055	2	person	750	295	804	388	1
000055	3	person	808	299	851	378	1
000055	4	motorbike	809	352	851	415	1
000055	5	motorbike	842	353	938	424	0
000055	6	person	863	304	915	370	0
000055	7	car	610	294	737	407	0
000055	8	motorbike	952	353	997	420	0
000055	9	person	949	304	1002	395	0
000055	22	car	417	316	541	415	0
000055	23	motorbike	309	363	432	442	0
000055	24	car	1035	315	1182	426	0
000056	1	motorbike	750	364	806	441	1
000056	2	person	750	297	804	390	1
000056	3	person	807	301	850	381	1
000056	4	motorbike	809	354	851	418	1
000056	5	motorbike	842	355	939	427	0
000056	6	person	864	306	916	373	0
000056	7	car	603	296	733	412	0
000056	8	motorbike	952	355	997	422	0
000056	9	person	949	306	1003	397	0
000056	22	car	409	319	536	418	0
000056	23	motorbike	299	367	422	446	0
000056	24	car	1037	317	1187	429	0
000057	1	motorbike	750	367	806	444	1
000057	2	person	749	299	804	393	1
000057	3	person	805	304	849	383	1
000057	4	motorbike	807	356	849	421	1
000057	5	motorbike	843	358	940	430	0
000057	6	person	864	309	916	375	0
000057	7	car	597	298	730	418	0
000057	8	motorbike	953	358	998	425	0
000057	9	person	950	308	1004	399	0
000057	22	car	400	322	532	421	0
000057	23	motorbike	288	372	411	451	0
000057	24	car	1040	319	1193	433	0
000058	1	motorbike	749	370	806	447	1
000058	2	person	749	301	803	395	1
000058	3	person	804	306	848	386	1
000058	4	motorbike	805	359	848	424	1
000058	5	motorbike	844	361	941	433	0
000058	6	person	864	311	917	378	0
000058	7	car	591	300	727	423	0
000058	8	motorbike	953	361	998	428	0
000058	9	person	950	309	1004	400	0
000058	22	car	391	325	527	424	0
000058	23	motorbike	278	376	401	455	0
000058	24	car	1042	321	1198	437	0
000059	1	motorbike	749	373	806	450	1
000059	2	person	748	303	803	397	1
000059	3	person	802	308	847	389	1
000059	4	motorbike	804	362	847	427	1
000059	5	motorbike	845	364	942	436	0
000059	6	person	865	313	918	380	0
000059	7	car	584	302	724	429	0
000059	8	motorbike	954	363	999	430	0
000059	9	person	950	311	1005	402	0
000059	22	car	383	329	523	427	0
000059	23	motorbike	268	381	391	460	0
000059	24	car	1045	324	1204	441	0
000060	1	motorbike	749	376	806	453	1
000060	2	person	748	306	803	400	1
000060	3	person	801	310	846	392	1
000060	4	motorbike	802	365	845	430	1
000060	5	motorbike	845	366	943	439	0
000060	6	person	865	315	919	383	0
000060	7	car	578	304	721	434	0
000060	8	motorbike	954	366	999	433	0
000060	9	person	951	312	1005	404	0
000060	22	car	372	332	517	430	0
000060	23	motorbike	253	384	378	465	0
000060	24	car	1049	327	1213	443	0
000061	1	motorbike	749	379	806	456	1
000061	2	person	747	308	803	402	1
000061	3	person	799	313	845	394	1
000061	4	motorbike	800	367	844	433	1
000061	5	motorbike	846	369	944	442	0
000061	6	person	866	317	920	385	0
000061	7	car	572	306	718	440	0
000061	8	motorbike	955	369	1000	436	0
000061	9	person	951	314	1006	406	0
000061	22	car	361	335	512	434	0
000061	23	motorbike	239	387	365	471	0
000061	24	car	1053	330	1222	446	0
000062	1	motorbike	749	382	806	459	1
000062	2	person	746	310	803	404	1
000062	3	person	798	315	844	397	1
000062	4	motorbike	799	370	843	436	1
000062	5	motorbike	847	372	945	445	0
000062	6	person	866	319	921	388	0
000062	7	car	566	309	715	446	0
000062	8	motorbike	955	371	1000	438	0
000062	9	person	952	315	1006	408	0
000062	22	car	350	338	507	438	0
000062	23	motorbike	225	390	352	476	0
000062	24	car	1057	333	1231	449	0
000063	1	motorbike	748	383	805	461	1
000063	2	person	746	312	802	406	1
000063	3	person	796	317	843	400	1
000063	4	motorbike	797	373	841	439	1
000063	5	motorbike	848	375	946	448	0
000063	6	person	866	322	921	390	0
000063	7	car	556	309	712	452	0
000063	8	motorbike	956	374	1001	441	0
000063	9	person	952	317	1007	409	0
000063	22	car	339	341	501	441	0
000063	23	motorbike	211	393	340	482	0
000063	24	car	1061	336	1240	452	0
000064	1	motorbike	748	384	805	464	1
000064	2	person	745	314	802	409	1
000064	3	person	795	319	842	403	1
000064	4	motorbike	795	376	840	442	1
000064	5	motorbike	848	377	947	451	0
000064	6	person	867	324	922	393	0
000064	7	car	546	310	709	459	0
000064	8	motorbike	957	377	1002	444	0
000064	9	person	953	319	1007	411	0
000064	22	car	328	344	496	445	0
000064	23	motorbike	197	396	327	487	0
000064	24	car	1065	339	1249	455	0
000065	1	motorbike	747	385	805	466	1
000065	2	person	745	316	802	411	1
000065	3	person	794	322	842	406	1
000065	4	motorbike	794	379	839	446	1
000065	5	motorbike	849	380	948	454	0
000065	6	person	867	326	923	395	0
000065	7	car	536	310	707	466	0
000065	8	motorbike	957	377	1002	444	0
000065	9	person	953	320	1008	413	0
000065	22	car	317	347	491	449	0
000065	23	motorbike	183	399	314	493	0
000065	24	car	1069	342	1258	458	0
000066	1	motorbike	747	386	805	469	1
000066	2	person	744	318	802	413	1
000066	3	person	791	323	839	407	1
000066	4	motorbike	791	380	837	448	1
000066	5	motorbike	850	383	949	457	0
000066	6	person	868	328	924	398	0
000066	7	car	526	311	704	473	0
000066	8	motorbike	957	378	1002	445	0
000066	9	person	954	322	1008	415	0
000066	22	car	307	351	486	453	0
000066	23	motorbike	169	402	302	499	0
000066	24	car	1073	345	1267	461	0
000066	26	car	475	346	540	425	0
000066	27	car	1029	338	1088	447	0
000067	1	motorbike	746	387	804	471	1
000067	2	person	744	320	801	415	1
000067	3	person	788	325	836	409	1
000067	4	motorbike	789	382	836	450	1
000067	5	motorbike	851	386	950	461	0
000067	6	person	868	330	925	400	0
000067	7	car	517	312	702	480	0
000067	8	motorbike	958	379	1003	446	0
000067	9	person	954	323	1009	417	0
000067	22	car	299	351	478	461	0
000067	23	motorbike	151	406	296	505	0
000067	24	car	1078	348	1270	464	0
000067	26	car	469	346	534	425	0
000067	27	car	1032	339	1091	448	0
000068	1	motorbike	746	388	804	474	1
000068	2	person	743	322	801	418	1
000068	3	person	786	326	834	410	1
000068	4	motorbike	787	383	834	452	1
000068	5	motorbike	851	387	950	462	0
000068	6	person	869	333	926	403	0
000068	7	car	507	312	699	487	0
000068	8	motorbike	958	380	1003	447	0
000068	9	person	955	325	1009	418	0
000068	22	car	292	351	471	469	0
000068	23	motorbike	133	410	291	511	0
000068	24	car	1083	351	1273	467	0
000068	26	car	463	347	528	426	0
000068	27	car	1036	340	1095	449	0
000069	1	motorbike	745	389	804	476	1
000069	2	person	743	324	801	420	1
000069	3	person	783	328	831	412	1
000069	4	motorbike	785	385	833	454	1
000069	5	motorbike	851	388	951	463	0
000069	6	person	870	334	927	404	0
000069	7	car	497	313	696	494	0
000069	8	motorbike	959	381	1004	448	0
000069	9	person	955	326	1010	420	0
000069	22	car	285	351	463	477	0
000069	23	motorbike	115	414	285	517	0
000069	24	car	1088	354	1276	470	0
000069	26	car	457	347	522	426	0
000069	27	car	1040	341	1099	450	0
000070	1	motorbike	745	390	804	479	1
000070	2	person	742	326	801	422	1
000070	3	person	781	330	829	414	1
000070	4	motorbike	783	386	831	456	1
000070	5	motorbike	852	389	951	465	0
000070	6	person	871	335	929	406	0
000070	7	car	487	313	694	501	0
000070	8	motorbike	959	382	1004	449	0
000070	9	person	956	328	1010	422	0
000070	22	car	278	352	456	485	0
000070	23	motorbike	98	418	280	524	0
000070	24	car	1094	357	1279	473	0
000070	26	car	451	348	516	427	0
000070	27	car	1044	342	1103	451	0
000070	28	car	1004	329	1049	432	0
000071	1	motorbike	744	391	803	480	1
000071	2	person	742	329	801	425	1
000071	3	person	777	330	826	414	1
000071	4	motorbike	781	388	830	458	1
000071	5	motorbike	852	390	952	466	0
000071	6	person	872	336	930	407	0
000071	7	car	477	314	691	508	0
000071	8	motorbike	959	382	1004	449	0
000071	9	person	956	330	1011	424	0
000071	22	car	264	352	452	485	0
000071	23	motorbike	81	420	262	529	0
000071	24	car	1099	356	1278	481	0
000071	26	car	451	348	516	427	0
000071	27	car	1048	344	1107	453	0
000071	28	car	1008	330	1053	433	0
000072	1	motorbike	743	392	803	481	1
000072	2	person	740	329	802	427	1
000072	3	person	774	331	823	415	1
000072	4	motorbike	779	389	828	460	1
000072	5	motorbike	853	392	953	468	0
000072	6	person	873	338	932	409	0
000072	7	car	468	315	689	515	0
000072	8	motorbike	960	383	1005	450	0
000072	9	person	957	331	1011	426	0
000072	22	car	250	352	449	485	0
000072	23	motorbike	65	423	244	535	0
000072	24	car	1105	356	1278	489	0
000072	26	car	451	348	516	427	0
000072	27	car	1053	347	1112	456	0
000072	28	car	1012	332	1057	435	0
000073	1	motorbike	743	393	802	482	1
000073	2	person	739	330	803	430	1
000073	3	person	771	332	820	415	1
000073	4	motorbike	777	391	827	462	1
000073	5	motorbike	853	393	953	469	0
000073	6	person	873	338	932	409	0
000073	7	car	448	317	682	524	0
000073	8	motorbike	960	384	1005	451	0
000073	9	person	957	333	1012	427	0
000073	22	car	236	352	445	485	0
000073	23	motorbike	49	426	227	541	0
000073	24	car	1110	356	1278	497	0
000073	26	car	451	348	516	427	0
000073	27	car	1057	350	1116	459	0
000073	28	car	1016	334	1061	437	0
000074	1	motorbike	742	395	802	484	1
000074	2	person	738	331	804	433	1
000074	3	person	768	332	817	416	1
000074	4	motorbike	774	392	825	464	1
000074	5	motorbike	854	394	954	470	0
000074	6	person	873	339	932	410	0
000074	7	car	428	319	676	534	0
000074	8	motorbike	961	385	1006	452	0
000074	9	person	958	334	1012	429	0
000074	22	car	223	353	442	485	0
000074	23	motorbike	32	429	209	547	0
000074	24	car	1116	356	1278	506	0
000074	27	car	1062	353	1121	462	0
000074	28	car	1021	336	1066	439	0
000074	29	car	682	326	735	394	0
000075	1	motorbike	741	396	802	485	1
000075	2	person	737	331	805	435	1
000075	3	person	765	333	814	416	1
000075	4	motorbike	772	394	824	466	1
000075	5	motorbike	855	395	955	471	0
000075	6	person	873	339	932	410	0
000075	7	car	409	321	670	544	0
000075	8	motorbike	961	386	1006	453	0
000075	9	person	958	336	1013	431	0
000075	22	car	210	354	429	491	0
000075	23	motorbike	16	432	191	553	0
000075	24	car	1122	356	1278	509	0
000075	27	car	1065	352	1128	464	0
000075	28	car	1020	336	1069	442	0
000075	29	car	683	325	735	393	0
000076	1	motorbike	741	397	801	486	1
000076	2	person	736	332	806	438	1
000076	4	motorbike	770	395	822	468	1
000076	5	motorbike	856	396	956	472	0
000076	6	person	873	340	932	411	0
000076	7	car	389	323	664	554	0
000076	8	motorbike	962	387	1007	454	0
000076	9	person	959	337	1013	433	0
000076	22	car	197	355	416	497	0
000076	23	motorbike	0	435	174	559	0
000076	24	car	1129	357	1278	512	0
000076	27	car	1068	351	1136	467	0
000076	28	car	1019	337	1073	445	0
000076	29	car	684	324	736	392	0
000077	1	motorbike	740	398	801	487	1
000077	2	person	735	333	808	441	1
000077	4	motorbike	768	397	821	470	1
000077	5	motorbike	857	397	957	473	0
000077	6	person	874	341	933	412	0
000077	7	car	369	325	658	564	0
000077	8	motorbike	962	387	1007	454	0
000077	9	person	959	339	1014	435	0
000077	22	car	184	356	403	503	0
000077	23	motorbike	0	440	154	564	0
000077	24	car	1135	357	1278	516	0
000077	27	car	1071	350	1144	469	0
000077	28	car	1018	337	1076	448	0
000077	29	car	685	323	736	391	0
000078	1	motorbike	739	400	801	489	1
000078	2	person	733	333	809	447	1
000078	4	motorbike	766	398	819	472	1
000078	5	motorbike	857	396	957	472	0
000078	6	person	874	340	933	412	0
000078	7	car	350	328	652	574	0
000078	8	motorbike	962	388	1007	455	0
000078	9	person	960	341	1015	437	0
000078	22	car	171	357	390	509	0
000078	23	motorbike	0	446	134	570	0
000078	24	car	1142	358	1278	519	0
000078	27	car	1075	349	1152	472	0
000078	28	car	1017	338	1080	451	0
000078	29	car	686	322	737	390	0
000079	1	motorbike	739	401	800	490	1
000079	2	person	731	333	810	453	1
000079	4	motorbike	764	400	818	474	1
000079	5	motorbike	857	396	957	472	0
000079	6	person	874	340	933	412	0
000079	7	car	330	324	643	587	0
000079	8	motorbike	963	389	1008	456	0
000079	9	person	960	339	1015	435	0
000079	22	car	159	358	377	516	0
000079	24	car	1149	358	1278	522	0
000079	27	car	1078	348	1160	474	0
000079	28	car	1016	339	1084	454	0
000079	29	car	687	322	738	389	0
000080	1	motorbike	738	402	800	491	1
000080	2	person	729	333	811	459	1
000080	4	motorbike	762	401	816	476	1
000080	5	motorbike	857	396	957	471	0
000080	6	person	874	340	933	412	0
000080	7	car	310	321	634	600	0
000080	8	motorbike	963	390	1008	457	0
000080	9	person	960	338	1015	434	0
000080	22	car	139	358	353	516	0
000080	24	car	1155	359	1278	526	0
000080	27	car	1081	347	1168	477	0
000080	28	car	1015	339	1087	457	0
000080	29	car	688	321	738	389	0
000080	30	car	625	346	687	403	0
000081	1	motorbike	738	404	800	493	1
000081	2	person	727	333	812	465	1
000081	5	motorbike	857	395	957	471	0
000081	6	person	874	340	933	412	0
000081	7	car	291	318	625	613	0
000081	8	motorbike	964	391	1009	458	0
000081	9	person	961	337	1016	433	0
000081	22	car	120	358	330	516	0
000081	24	car	1162	359	1278	529	0
000081	27	car	1084	346	1176	479	0
000081	28	car	1014	340	1091	460	0
000081	29	car	689	320	739	388	0
000081	30	car	618	345	684	402	0
000082	1	motorbike	734	405	800	494	1
000082	2	person	725	333	813	471	1
000082	5	motorbike	857	395	957	471	0
000082	6	person	874	340	933	412	0
000082	7	car	242	315	616	627	0
000082	8	motorbike	964	392	1009	459	0
000082	9	person	961	336	1016	432	0
000082	22	car	101	359	307	516	0
000082	24	car	1169	360	1278	533	0
000082	27	car	1088	346	1184	482	0
000082	28	car	1014	341	1095	463	0
000082	29	car	690	319	740	387	0
000082	30	car	612	345	681	402	0
000083	1	motorbike	731	406	800	496	1
000083	2	person	723	334	814	478	1
000083	5	motorbike	857	395	957	470	0
000083	6	person	874	340	933	412	0
000083	7	car	194	312	607	641	0
000083	8	motorbike	965	393	1010	460	0
000083	9	person	961	335	1016	431	0
000083	22	car	90	359	296	516	0
000083	24	car	1177	360	1278	533	0
000083	27	car	1094	347	1190	483	0
000083	28	car	1018	340	1099	462	0
000083	29	car	692	319	740	386	0
000083	30	car	606	345	679	402	0
000084	1	motorbike	728	408	800	498	1
000084	2	person	722	333	806	468	1
000084	5	motorbike	857	395	957	470	0
000084	6	person	874	340	933	412	0
000084	7	car	145	309	598	655	0
000084	8	motorbike	965	392	1010	459	0
000084	9	person	962	334	1017	430	0
000084	22	car	79	359	285	516	0
000084	24	car	1185	360	1278	533	0
000084	27	car	1101	348	1197	484	0
000084	28	car	1022	339	1103	461	0
000084	29	car	693	318	741	385	0
000084	30	car	600	345	676	401	0
000085	1	motorbike	724	408	803	498	1
000085	2	person	722	333	798	459	1
000085	5	motorbike	857	394	957	470	0
000085	6	person	874	340	933	412	0
000085	7	car	97	306	589	669	0
000085	8	motorbike	966	391	1011	458	0
000085	9	person	962	333	1017	429	0
000085	22	car	68	359	274	516	0
000085	24	car	1193	360	1278	533	0
000085	27	car	1107	349	1203	485	0
000085	28	car	1026	338	1107	460	0
000085	29	car	694	317	742	385	0
000085	30	car	594	345	674	401	0
000086	1	motorbike	720	409	806	498	1
000086	2	person	721	332	790	449	1
000086	5	motorbike	857	394	957	469	0
000086	6	person	875	340	934	412	0
000086	7	car	48	303	580	683	0
000086	8	motorbike	967	391	1012	458	0
000086	9	person	962	332	1017	428	0
000086	22	car	57	359	263	516	0
000086	24	car	1201	360	1278	533	0
000086	27	car	1114	350	1210	486	0
000086	28	car	1030	337	1111	459	0
000086	29	car	695	316	742	384	0
000086	30	car	588	345	671	401	0
000087	1	motorbike	717	410	809	498	1
000087	2	person	721	332	783	440	1
000087	5	motorbike	857	394	957	469	0
000087	6	person	875	338	934	410	0
000087	7	car	0	300	572	698	0
000087	8	motorbike	967	390	1012	457	0
000087	9	person	963	331	1018	427	0
000087	27	car	1121	352	1217	488	0
000087	28	car	1035	337	1116	459	0
000087	29	car	696	316	743	383	0
000087	30	car	582	345	669	401	0
000088	1	motorbike	713	411	812	498	1
000088	2	person	717	336	786	441	1
000088	5	motorbike	858	394	958	469	0
000088	6	person	876	336	935	408	0
000088	7	car	0	293	552	703	0
000088	8	motorbike	968	389	1013	456	0
000088	9	person	963	330	1018	426	0
000088	27	car	1125	349	1227	491	0
000088	28	car	1037	335	1124	460	0
000088	29	car	697	315	744	382	0
000088	30	car	575	343	668	399	0
000089	1	motorbike	709	412	815	498	1
000089	2	person	714	341	789	442	1
000089	5	motorbike	858	392	958	467	0
000089	6	person	877	334	936	406	0
000089	7	car	0	286	533	708	0
000089	8	motorbike	969	389	1014	456	0
000089	9	person	963	329	1018	425	0
000089	27	car	1129	346	1237	494	0
000089	28	car	1039	334	1132	461	0
000089	29	car	698	314	744	381	0
000089	30	car	569	341	668	397	0
000089	31	motorbike	813	335	836	397	0
000089	32	car	771	347	810	391	0
000089	33	person	537	332	572	394	0
000089	34	motorbike	531	383	587	485	0
000090	1	motorbike	706	413	818	499	1
000090	2	person	711	345	792	443	1
000090	5	motorbike	859	390	959	465	0
000090	6	person	878	332	937	405	0
000090	7	car	0	279	513	713	0
000090	8	motorbike	969	386	1014	453	0
000090	9	person	964	328	1019	424	0
000090	27	car	1134	343	1248	497	0
000090	28	car	1041	333	1140	462	0
000090	29	car	699	313	745	381	0
000090	30	car	563	339	667	395	0
000090	31	motorbike	814	333	837	395	0
000090	32	car	770	345	811	389	0
000090	33	person	529	332	564	394	0
000090	34	motorbike	522	386	578	488	0
000091	1	motorbike	702	414	821	499	1
000091	2	person	708	350	795	444	1
000091	5	motorbike	860	388	960	463	0
000091	6	person	878	331	937	403	0
000091	8	motorbike	970	384	1015	451	0
000091	9	person	964	327	1019	423	0
000091	27	car	1138	340	1258	500	0
000091	28	car	1043	331	1148	463	0
000091	29	car	700	312	746	380	0
000091	30	car	557	337	667	393	0
000091	31	motorbike	815	332	838	394	0
000091	32	car	770	343	813	387	0
000091	33	person	522	333	557	395	0
000091	34	motorbike	514	390	570	492	0
000092	1	motorbike	699	415	824	499	1
000092	2	person	704	354	798	445	1
000092	5	motorbike	861	386	961	461	0
000092	6	person	879	329	938	401	0
000092	8	motorbike	970	381	1015	448	0
000092	9	person	964	326	1019	422	0
000092	27	car	1142	337	1268	503	0
000092	28	car	1045	330	1156	464	0
000092	29	car	702	312	746	379	0
000092	30	car	551	336	667	391	0
000092	31	motorbike	816	331	839	393	0
000092	32	car	770	341	814	385	0
000092	33	person	515	334	550	396	0
000092	34	motorbike	505	394	561	496	0
000093	1	motorbike	695	415	827	499	1
000093	2	person	701	359	801	446	1
000093	5	motorbike	862	384	961	459	0
000093	6	person	880	327	939	400	0
000093	8	motorbike	971	379	1016	446	0
000093	9	person	965	325	1020	421	0
000093	27	car	1147	335	1279	507	0
000093	28	car	1047	329	1164	465	0
000093	29	car	703	311	747	378	0
000093	30	car	545	334	666	389	0
000093	31	motorbike	818	329	841	391	0
000093	32	car	769	339	816	383	0
000093	33	person	508	335	543	397	0
000093	34	motorbike	497	398	553	500	0
000094	1	motorbike	691	416	830	499	1
000094	2	person	698	363	804	447	1
000094	5	motorbike	863	383	962	457	0
000094	6	person	881	325	940	398	0
000094	8	motorbike	971	377	1016	444	0
000094	9	person	965	324	1020	420	0
000094	27	car	1155	332	1279	504	0
000094	28	car	1053	325	1173	461	0
000094	29	car	704	310	748	377	0
000094	30	car	539	332	666	388	0
000094	31	motorbike	819	328	842	390	0
000094	32	car	769	337	818	381	0
000094	33	person	495	328	536	404	0
000094	34	motorbike	483	398	546	505	0
000095	1	motorbike	688	417	833	500	1
000095	2	person	695	368	807	448	1
000095	5	motorbike	863	381	963	455	0
000095	6	person	882	323	941	396	0
000095	8	motorbike	972	374	1017	441	0
000095	9	person	966	323	1021	419	0
000095	26	car	271	331	452	475	0
000095	27	car	1164	329	1279	501	0
000095	28	car	1059	321	1183	457	0
000095	29	car	705	309	748	377	0
000095	30	car	533	330	665	386	0
000095	31	motorbike	820	327	843	389	0
000095	32	car	769	335	819	379	0
000095	33	person	482	321	529	411	0
000095	34	motorbike	470	398	540	511	0
000096	1	motorbike	684	418	836	500	1
000096	2	person	691	372	810	449	1
000096	5	motorbike	864	379	964	453	0
000096	6	person	882	322	941	394	0
000096	8	motorbike	972	372	1017	439	0
000096	9	person	966	321	1021	417	0
000096	26	car	262	330	442	477	0
000096	27	car	1172	326	1279	498	0
000096	28	car	1065	317	1192	453	0
000096	29	car	706	309	749	376	0
000096	30	car	527	329	665	384	0
000096	31	motorbike	821	326	844	388	0
000096	32	car	769	333	821	377	0
000096	33	person	469	315	522	418	0
000096	34	motorbike	457	398	534	517	0
000097	1	motorbike	680	419	839	500	1
000097	2	person	688	377	813	450	1
000097	3	person	654	316	734	462	1
000097	5	motorbike	865	377	964	451	0
000097	6	person	883	320	942	393	0
000097	8	motorbike	973	370	1018	437	0
000097	9	person	967	319	1022	415	0
000097	26	car	254	329	432	480	0
000097	27	car	1181	323	1279	495	0
000097	28	car	1071	313	1202	449	0
000097	29	car	707	308	750	375	0
000097	30	car	521	327	665	382	0
000097	31	motorbike	823	324	846	386	0
000097	32	car	768	331	823	375	0
000097	33	person	451	312	510	422	0
000097	34	motorbike	438	401	523	530	0
000098	1	motorbike	677	420	842	500	1
000098	2	person	685	381	816	451	1
000098	3	person	659	313	730	439	1
000098	5	motorbike	866	375	965	449	0
000098	6	person	884	318	943	391	0
000098	8	motorbike	973	367	1018	434	0
000098	9	person	968	317	1023	413	0
000098	26	car	245	329	423	483	0
000098	27	car	1189	320	1279	492	0
000098	28	car	1077	309	1211	445	0
000098	29	car	708	307	750	374	0
000098	30	car	515	325	664	380	0
000098	31	motorbike	824	323	847	385	0
000098	32	car	768	329	824	373	0
000098	33	person	434	310	499	426	0
000098	34	motorbike	419	404	512	543	0
000099	1	motorbike	673	421	845	500	1
000099	2	person	682	386	819	452	1
000099	3	person	665	310	726	417	1
000099	5	motorbike	867	373	966	447	0
000099	6	person	885	316	944	389	0
000099	8	motorbike	974	365	1019	432	0
000099	9	person	969	315	1024	411	0
000099	26	car	237	328	413	486	0
000099	27	car	1198	317	1279	489	0
000099	28	car	1083	305	1221	441	0
000099	29	car	709	306	751	373	0
000099	30	car	509	323	664	378	0
000099	31	motorbike	825	322	848	384	0
000099	32	car	768	327	826	371	0
000099	33	person	417	308	487	430	0
000099	34	motorbike	400	407	501	556	0
000100	1	motorbike	670	422	849	501	1
000100	3	person	671	308	722	395	1
000100	5	motorbike	868	372	967	446	0
000100	6	person	886	315	945	388	0
000100	8	motorbike	975	363	1020	430	0
000100	9	person	970	313	1025	409	0
000100	22	car	7	343	235	581	0
000100	26	car	229	328	404	489	0
000100	27	car	1207	315	1279	487	0
000100	28	car	1089	302	1231	437	0
000100	29	car	711	306	752	373	0
000100	30	car	503	322	664	377	0
000100	31	motorbike	827	321	850	383	0
000100	32	car	768	326	828	369	0
000100	33	person	400	306	476	434	0
000100	34	motorbike	381	410	491	569	0
