000001	1	car	304	371	433	462	1
000001	2	car	462	311	622	456	0
000001	5	car	636	352	704	410	0
000001	6	motorbike	172	407	241	453	0
000001	7	person	103	366	142	476	0
000002	1	car	302	371	432	462	1
000002	2	car	462	311	620	455	0
000002	5	car	636	352	704	408	0
000002	6	motorbike	170	407	240	453	0
000002	7	person	101	366	140	474	0
000003	1	car	302	371	432	462	1
000003	2	car	462	311	620	455	0
000003	5	car	636	352	704	408	0
000003	6	motorbike	170	407	240	453	0
000003	7	person	101	366	140	474	0
000004	1	car	302	371	432	462	1
000004	2	car	462	311	620	455	0
000004	5	car	636	352	704	408	0
000004	6	motorbike	170	407	240	453	0
000004	7	person	101	366	138	474	0
000005	1	car	302	371	432	462	1
000005	2	car	462	311	620	455	0
000005	5	car	636	352	704	408	0
000005	6	motorbike	170	407	240	453	0
000005	7	person	101	366	138	474	0
000006	1	car	300	373	430	464	1
000006	2	car	462	311	620	455	0
000006	5	car	636	352	704	408	0
000006	6	motorbike	168	407	238	453	0
000006	7	person	101	366	138	474	0
000007	1	car	300	373	430	464	1
000007	2	car	462	311	620	455	0
000007	5	car	636	352	704	408	0
000007	6	motorbike	168	407	238	453	0
000007	7	person	99	366	136	474	0
000008	1	car	300	373	430	464	1
000008	2	car	462	311	618	455	0
000008	5	car	636	352	704	408	0
000008	6	motorbike	168	407	238	453	0
000008	7	person	99	366	136	474	0
000009	1	car	300	373	430	464	1
000009	2	car	462	311	618	453	0
000009	5	car	636	352	704	408	0
000009	6	motorbike	168	408	238	455	0
000009	7	person	99	366	135	474	0
000010	1	car	298	373	428	464	1
000010	2	car	462	311	618	453	0
000010	5	car	636	352	704	408	0
000010	6	motorbike	168	408	238	455	0
000010	7	person	99	366	135	474	0
000011	1	car	298	375	428	465	1
000011	2	car	462	311	618	453	0
000011	5	car	636	352	705	408	0
000011	6	motorbike	167	408	236	455	0
000011	7	person	99	366	135	474	0
000012	1	car	298	375	428	465	1
000012	2	car	462	311	618	453	0
000012	5	car	636	352	705	408	0
000012	6	motorbike	167	408	236	455	0
000012	7	person	97	366	133	472	0
000013	1	car	298	375	428	465	1
000013	2	car	462	311	618	453	0
000013	5	car	636	352	705	408	0
000013	6	motorbike	167	408	236	455	0
000013	7	person	97	366	133	472	0
000014	1	car	296	375	426	465	1
000014	2	car	462	311	618	453	0
000014	5	car	636	352	705	408	0
000014	6	motorbike	167	408	236	455	0
000014	7	person	97	366	131	472	0
000015	1	car	296	375	426	465	1
000015	2	car	462	311	616	453	0
000015	5	car	636	352	705	408	0
000015	6	motorbike	165	408	234	455	0
000015	7	person	97	366	131	472	0
000016	1	car	296	376	426	467	1
000016	2	car	462	311	616	453	0
000016	5	car	636	352	705	408	0
000016	6	motorbike	165	410	234	456	0
000016	7	person	97	366	131	472	0
000017	1	car	296	376	426	467	1
000017	2	car	462	311	616	451	0
000017	5	car	636	352	705	408	0
000017	6	motorbike	165	410	234	456	0
000017	7	person	96	366	129	472	0
000018	1	car	295	376	424	467	1
000018	2	car	462	311	616	451	0
000018	5	car	636	352	705	408	0
000018	6	motorbike	165	410	234	456	0
000018	7	person	96	366	129	472	0
000019	1	car	295	376	424	467	1
000019	2	car	462	311	616	451	0
000019	5	car	636	352	705	408	0
000019	6	motorbike	165	410	234	456	0
000019	7	person	96	366	128	472	0
000020	1	car	295	376	424	467	1
000020	2	car	462	311	616	451	0
000020	5	car	636	352	705	408	0
000020	6	motorbike	163	410	232	456	0
000020	7	person	96	366	128	472	0
000021	1	car	295	378	424	469	1
000021	2	car	462	311	615	451	0
000021	5	car	636	352	707	408	0
000021	6	motorbike	163	410	232	456	0
000021	7	person	96	366	128	472	0
000022	1	car	293	376	424	471	1
000022	2	car	462	311	615	451	0
000022	5	car	636	352	707	408	0
000022	6	motorbike	163	410	232	456	0
000022	7	person	96	366	128	471	0
000023	1	car	293	376	426	472	1
000023	2	car	462	311	615	451	0
000023	5	car	636	352	707	408	0
000023	6	motorbike	163	412	232	458	0
000023	7	person	96	366	128	471	0
000024	1	car	293	376	428	474	1
000024	2	car	462	311	615	449	0
000024	5	car	636	352	707	408	0
000024	6	motorbike	161	412	231	458	0
000024	7	person	96	366	128	471	0
000025	1	car	293	376	430	476	1
000025	2	car	462	311	615	449	0
000025	5	car	636	352	707	408	0
000025	6	motorbike	161	412	231	458	0
000025	7	person	96	366	128	471	0
000026	1	car	293	375	432	480	1
000026	2	car	462	311	615	449	0
000026	5	car	636	352	707	408	0
000026	6	motorbike	161	412	231	458	0
000026	7	person	96	366	128	471	0
000027	1	car	293	375	433	481	1
000027	2	car	462	311	615	449	0
000027	5	car	636	352	707	408	0
000027	6	motorbike	161	412	231	458	0
000027	7	person	96	366	128	471	0
000028	1	car	293	375	435	483	1
000028	2	car	464	311	613	449	0
000028	5	car	636	352	707	408	0
000028	6	motorbike	161	412	231	458	0
000028	7	person	96	366	128	471	0
000029	1	car	293	375	437	485	1
000029	2	car	464	311	613	449	0
000029	5	car	636	352	707	408	0
000029	6	motorbike	160	412	229	458	0
000029	7	person	96	366	128	471	0
000030	1	car	293	375	439	488	1
000030	2	car	464	311	613	449	0
000030	5	car	636	352	709	408	0
000030	6	motorbike	160	414	229	460	0
000030	7	person	96	366	129	471	0
000031	1	car	293	373	440	487	1
000031	2	car	464	311	613	449	0
000031	5	car	636	352	709	408	0
000031	6	motorbike	160	414	229	460	0
000031	7	person	96	366	129	471	0
000032	1	car	295	373	444	487	1
000032	2	car	464	311	613	448	0
000032	5	car	636	352	709	408	0
000032	6	motorbike	160	414	229	460	0
000032	7	person	96	366	129	471	0
000033	1	car	296	373	446	487	1
000033	2	car	464	311	613	448	0
000033	5	car	636	352	709	408	0
000033	6	motorbike	158	414	227	460	0
000033	7	person	96	366	129	471	0
000034	1	car	296	371	449	487	1
000034	2	car	464	311	613	448	0
000034	5	car	636	352	709	408	0
000034	6	motorbike	158	414	227	460	0
000034	7	person	96	366	129	471	0
000035	1	car	298	371	453	487	1
000035	2	car	464	311	611	448	0
000035	5	car	636	352	709	408	0
000035	6	motorbike	158	414	227	460	0
000035	7	person	96	366	129	471	0
000036	1	car	300	371	455	487	1
000036	2	car	464	311	611	448	0
000036	5	car	636	352	709	408	0
000036	6	motorbike	158	414	227	460	0
000036	7	person	96	366	129	471	0
000037	1	car	300	369	458	487	1
000037	2	car	464	311	611	448	0
000037	5	car	636	352	709	408	0
000037	6	motorbike	158	416	227	462	0
000037	7	person	96	366	129	471	0
000038	1	car	302	369	460	487	1
000038	2	car	464	311	611	448	0
000038	5	car	636	352	709	408	0
000038	6	motorbike	158	416	227	462	0
000038	7	person	96	366	131	471	0
000039	1	car	304	369	464	487	1
000039	2	car	464	311	611	446	0
000039	5	car	636	352	709	408	0
000039	6	motorbike	158	416	227	462	0
000039	7	person	96	366	131	471	0
000040	1	car	304	368	467	487	1
000040	2	car	464	311	611	446	0
000040	5	car	636	352	711	408	0
000040	6	motorbike	158	416	227	462	0
000040	7	person	96	366	131	471	0
000041	1	car	305	368	469	487	1
000041	2	car	464	311	609	446	0
000041	5	car	636	352	711	408	0
000041	6	motorbike	158	416	227	462	0
000041	7	person	96	366	131	471	0
000042	1	car	307	368	472	487	1
000042	2	car	464	311	609	446	0
000042	5	car	636	352	711	408	0
000042	6	motorbike	158	416	227	462	0
000042	7	person	96	366	131	471	0
000043	1	car	307	366	474	487	1
000043	2	car	464	311	609	446	0
000043	5	car	636	352	711	408	0
000043	6	motorbike	158	416	227	462	0
000043	7	person	96	366	131	471	0
000044	1	car	309	366	478	487	1
000044	2	car	464	311	609	446	0
000044	5	car	636	352	711	408	0
000044	6	motorbike	158	416	227	462	0
000044	7	person	96	366	131	471	0
000045	1	car	311	366	481	487	1
000045	2	car	464	311	609	446	0
000045	5	car	636	352	711	408	0
000045	6	motorbike	158	416	227	462	0
000045	7	person	96	366	131	471	0
000046	1	car	311	364	487	487	1
000046	2	car	464	311	609	446	0
000046	5	car	636	352	711	408	0
000046	6	motorbike	158	416	227	462	0
000046	7	person	96	366	133	471	0
000047	1	car	311	364	494	487	1
000047	2	car	464	311	609	444	0
000047	5	car	636	352	711	408	0
000047	6	motorbike	158	416	227	462	0
000047	7	person	96	366	133	471	0
000048	1	car	311	364	499	487	1
000048	2	car	464	311	608	444	0
000048	5	car	636	352	711	408	0
000048	6	motorbike	158	416	227	462	0
000048	7	person	96	366	133	471	0
000049	1	car	312	364	506	488	1
000049	2	car	464	311	608	444	0
000049	5	car	636	352	712	408	0
000049	6	motorbike	158	416	227	462	0
000049	7	person	96	366	133	471	0
000050	1	car	312	362	513	488	1
000050	2	car	464	311	608	444	0
000050	5	car	636	352	712	408	0
000050	6	motorbike	158	416	227	462	0
000050	7	person	96	366	133	471	0
000051	1	car	312	362	519	488	1
000051	2	car	464	311	608	444	0
000051	5	car	636	352	712	408	0
000051	6	motorbike	158	416	227	462	0
000051	7	person	96	366	133	471	0
000052	1	car	312	362	526	488	1
000052	2	car	464	311	608	444	0
000052	5	car	636	352	712	408	0
000052	6	motorbike	158	416	227	462	0
000052	7	person	96	366	133	471	0
000053	1	car	314	362	533	490	1
000053	2	car	464	311	608	444	0
000053	5	car	636	352	712	408	0
000053	6	motorbike	158	416	227	462	0
000053	7	person	96	366	133	471	0
000054	1	car	314	360	544	490	1
000054	2	car	465	311	608	444	0
000054	5	car	636	352	712	408	0
000054	6	motorbike	158	416	227	462	0
000054	7	person	96	366	133	471	0
000055	1	car	316	360	556	490	1
000055	2	car	465	311	608	444	0
000055	5	car	636	352	712	408	0
000055	6	motorbike	158	416	227	462	0
000055	7	person	96	366	135	471	0
000056	1	car	316	359	567	490	1
000056	2	car	465	311	608	444	0
000056	5	car	636	352	712	408	0
000056	6	motorbike	158	416	227	462	0
000056	7	person	96	366	135	471	0
000057	1	car	318	359	579	490	1
000057	2	car	465	311	608	444	0
000057	5	car	636	352	712	408	0
000057	6	motorbike	158	416	227	462	0
000057	7	person	96	366	135	471	0
000058	1	car	318	359	592	490	1
000058	2	car	465	311	608	444	0
000058	5	car	636	352	712	408	0
000058	6	motorbike	158	416	227	462	0
000058	7	person	96	366	135	471	0
000059	1	car	320	357	602	490	1
000059	2	car	465	311	608	444	0
000059	5	car	636	352	712	408	0
000059	6	motorbike	158	416	227	462	0
000059	7	person	96	366	135	471	0
000060	1	car	321	357	615	490	1
000060	2	car	465	311	608	444	0
000060	5	car	636	352	712	408	0
000060	6	motorbike	158	416	227	462	0
000060	7	person	96	366	135	471	0
000061	1	car	321	357	627	490	1
000061	2	car	465	311	608	444	0
000061	5	car	636	352	712	408	0
000061	6	motorbike	158	416	227	462	0
000061	7	person	96	366	135	471	0
000062	1	car	323	355	638	490	1
000062	2	car	465	311	608	444	0
000062	5	car	636	352	712	408	0
000062	6	motorbike	158	416	227	462	0
000062	7	person	96	366	135	471	0
000063	1	car	323	355	650	490	1
000063	2	car	465	311	608	444	0
000063	5	car	636	352	712	408	0
000063	6	motorbike	158	416	227	462	0
000063	7	person	96	366	136	471	0
000064	1	car	325	355	663	490	1
000064	2	car	465	311	608	444	0
000064	5	car	636	352	712	408	0
000064	6	motorbike	158	416	227	462	0
000064	7	person	96	366	136	471	0
000065	1	car	325	353	673	490	1
000065	2	car	465	311	608	444	0
000065	5	car	636	352	712	408	0
000065	6	motorbike	158	416	227	462	0
000065	7	person	96	366	136	471	0
000066	1	car	327	353	686	490	1
000066	2	car	465	311	608	444	0
000066	5	car	636	352	712	408	0
000066	6	motorbike	158	416	227	462	0
000066	7	person	96	366	136	471	0
000067	1	car	328	353	698	492	1
000067	2	car	465	311	608	444	0
000067	5	car	636	352	712	408	0
000067	6	motorbike	158	416	227	462	0
000067	7	person	96	366	136	471	0
000068	1	car	334	352	709	492	1
000068	2	car	465	311	608	444	0
000068	5	car	636	352	712	408	0
000068	6	motorbike	158	416	227	462	0
000068	7	person	96	366	136	471	0
000069	1	car	339	352	721	494	1
000069	2	car	465	311	608	444	0
000069	5	car	636	352	712	408	0
000069	6	motorbike	158	416	227	462	0
000069	7	person	96	366	136	471	0
000070	1	car	346	352	732	496	1
000070	2	car	465	311	608	444	0
000070	3	motorbike	849	270	1034	533	1
000070	5	car	636	352	712	408	0
000070	6	motorbike	158	416	227	462	0
000070	7	person	96	366	136	471	0
000071	1	car	352	350	744	496	1
000071	2	car	465	311	608	444	0
000071	3	motorbike	833	272	1000	535	1
000071	5	car	636	352	712	408	0
000071	6	motorbike	158	416	227	462	0
000071	7	person	96	366	138	471	0
000072	1	car	359	350	755	497	1
000072	2	car	465	311	608	444	0
000072	3	motorbike	817	275	967	536	1
000072	5	car	636	352	712	408	0
000072	6	motorbike	158	416	227	462	0
000072	7	person	96	366	138	471	0
000073	1	car	364	350	768	499	1
000073	2	car	465	311	608	444	0
000073	3	motorbike	801	279	933	540	1
000073	4	car	305	368	408	446	0
000073	5	car	636	352	712	408	0
000073	6	motorbike	158	416	227	462	0
000073	7	person	96	366	138	471	0
000074	1	car	369	348	778	499	1
000074	2	car	465	311	608	444	0
000074	3	motorbike	785	295	904	536	1
000074	4	car	302	366	408	448	0
000074	5	car	636	352	712	408	0
000074	6	motorbike	158	416	227	462	0
000074	7	person	96	366	138	471	0
000075	1	car	376	348	791	501	1
000075	2	car	465	311	608	444	0
000075	3	motorbike	769	311	876	533	1
000075	4	car	300	366	408	449	0
000075	5	car	636	352	712	408	0
000075	6	motorbike	158	416	227	462	0
000075	7	person	96	366	138	471	0
000076	1	car	382	348	801	503	1
000076	2	car	465	311	608	444	0
000076	3	motorbike	753	328	848	529	1
000076	4	car	298	366	410	451	0
000076	5	car	636	352	712	408	0
000076	6	motorbike	158	416	227	462	0
000076	7	person	96	366	138	471	0
000077	1	car	389	346	814	503	1
000077	2	car	465	311	608	444	0
000077	3	motorbike	753	337	867	528	1
000077	4	car	296	364	410	453	0
000077	5	car	636	352	712	408	0
000077	6	motorbike	158	416	227	462	0
000077	7	person	96	366	138	471	0
000078	1	car	394	346	824	504	1
000078	2	car	465	311	608	444	0
000078	3	motorbike	753	346	888	528	1
000078	4	car	295	364	412	455	0
000078	5	car	636	352	712	408	0
000078	6	motorbike	158	416	227	462	0
000078	7	person	96	366	138	471	0
000079	1	car	401	346	837	506	1
000079	2	car	465	311	608	444	0
000079	3	motorbike	753	357	910	528	1
000079	4	car	293	364	412	456	0
000079	6	motorbike	158	416	227	462	0
000079	7	person	96	366	138	471	0
000080	1	car	407	344	849	504	1
000080	2	car	465	311	608	444	0
000080	3	motorbike	753	366	920	526	1
000080	4	car	291	362	414	458	0
000080	6	motorbike	158	416	227	462	0
000080	7	person	96	366	138	471	0
000081	1	car	414	344	862	504	1
000081	2	car	465	311	608	444	0
000081	3	motorbike	753	375	931	526	1
000081	4	car	289	362	414	460	0
000081	6	motorbike	158	416	227	462	0
000081	7	person	96	366	138	471	0
000082	1	car	419	344	874	504	1
000082	2	car	465	311	608	444	0
000082	3	motorbike	753	384	944	524	1
000082	4	car	288	362	416	462	0
000082	6	motorbike	158	416	227	462	0
000082	7	person	96	366	138	471	0
000083	1	car	426	344	887	504	1
000083	2	car	465	311	608	444	0
000083	3	motorbike	753	392	954	524	1
000083	4	car	284	362	412	462	0
000083	6	motorbike	158	416	227	462	0
000083	7	person	96	366	138	471	0
000084	1	car	432	344	899	504	1
000084	2	car	465	311	608	444	0
000084	3	motorbike	753	401	967	522	1
000084	4	car	280	362	410	462	0
000084	6	motorbike	158	416	227	462	0
000084	7	person	96	366	138	471	0
000085	1	car	439	344	912	504	1
000085	2	car	465	311	608	444	0
000085	3	motorbike	753	410	977	522	1
000085	4	car	279	362	408	462	0
000085	6	motorbike	158	416	227	462	0
000085	7	person	96	366	138	471	0
000086	1	car	446	344	924	504	1
000086	2	car	465	311	608	444	0
000086	3	motorbike	753	419	990	522	1
000086	4	car	275	362	407	464	0
000086	6	motorbike	158	416	227	462	0
000086	7	person	96	366	138	471	0
000087	1	car	446	344	924	503	1
000087	2	car	465	311	608	444	0
000087	3	motorbike	753	428	988	524	1
000087	4	car	273	364	405	464	0
000087	6	motorbike	158	416	227	462	0
000087	7	person	96	366	138	471	0
000088	1	car	446	344	926	503	1
000088	2	car	465	311	608	444	0
000088	3	motorbike	753	437	988	528	1
000088	4	car	270	364	403	464	0
000088	6	motorbike	158	416	227	462	0
000088	7	person	96	366	138	471	0
000089	1	car	446	344	928	503	1
000089	2	car	465	311	608	444	0
000089	3	motorbike	753	446	986	529	1
000089	4	car	266	364	401	465	0
000089	6	motorbike	158	416	227	462	0
000089	7	person	96	366	138	471	0
000090	1	car	446	344	928	503	1
000090	2	car	465	311	608	444	0
000090	3	motorbike	753	455	986	533	1
000090	4	car	264	364	400	465	0
000090	6	motorbike	158	416	227	462	0
000090	7	person	96	366	138	471	0
000091	1	car	446	344	929	503	1
000091	2	car	465	311	608	444	0
000091	3	motorbike	753	464	986	536	1
000091	4	car	261	364	398	465	0
000091	6	motorbike	158	416	227	462	0
000091	7	person	96	366	138	471	0
000092	1	car	446	344	931	503	1
000092	2	car	465	311	608	444	0
000092	3	motorbike	753	464	986	536	1
000092	4	car	259	366	396	467	0
000092	6	motorbike	158	416	227	462	0
000092	7	person	96	366	138	471	0
000093	1	car	446	344	931	503	1
000093	2	car	465	311	608	444	0
000093	3	motorbike	753	464	986	536	1
000093	4	car	254	364	394	467	0
000093	6	motorbike	158	416	227	462	0
000093	7	person	96	366	138	471	0
000094	1	car	446	344	933	503	1
000094	2	car	465	311	608	444	0
000094	3	motorbike	753	464	986	536	1
000094	4	car	248	364	394	467	0
000094	6	motorbike	158	416	227	462	0
000094	7	person	96	366	138	471	0
000095	1	car	446	344	935	503	1
000095	2	car	465	311	608	444	0
000095	3	motorbike	753	464	986	536	1
000095	4	car	245	364	394	469	0
000095	6	motorbike	158	416	227	462	0
000095	7	person	96	366	138	471	0
000096	1	car	446	344	935	503	1
000096	2	car	465	311	608	444	0
000096	3	motorbike	753	464	986	536	1
000096	4	car	240	364	394	469	0
000096	6	motorbike	158	416	227	462	0
000096	7	person	96	366	138	471	0
000097	1	car	446	344	936	503	1
000097	2	car	465	311	608	444	0
000097	3	motorbike	753	464	986	536	1
000097	4	car	234	364	392	469	0
000097	6	motorbike	158	416	227	462	0
000097	7	person	96	366	138	471	0
000098	1	car	446	344	938	503	1
000098	2	car	465	311	608	444	0
000098	3	motorbike	753	464	986	536	1
000098	4	car	231	364	392	471	0
000098	6	motorbike	158	416	227	462	0
000098	7	person	96	366	138	471	0
000099	1	car	446	344	940	503	1
000099	2	car	465	311	608	444	0
000099	3	motorbike	753	464	986	536	1
000099	4	car	225	364	392	471	0
000099	6	motorbike	158	416	227	462	0
000099	7	person	96	366	138	471	0
000100	1	car	446	344	940	503	1
000100	2	car	465	311	608	444	0
000100	3	motorbike	753	464	986	536	1
000100	4	car	222	364	392	472	0
000100	6	motorbike	158	416	227	462	0
000100	7	person	96	366	138	471	0
